Job dvb_sp_hf started on silenziosa at Fri Apr 11 07:49:02 2014
jobid: silenziosa-0-5347d6ad

  +--------------------------------------------------------------------+
  |  Jaguar version 8.3, release  13                                   |
  |                                                                    |
  |  Copyright Schrodinger, Inc.                                       |
  |  All Rights Reserved.                                              |
  |                                                                    |
  |  The following have contributed to Jaguar (listed alphabetically): |
  |  Mike Beachy, Art Bochevarov, Dale Braden, Yixiang Cao,            |
  |  Chris Cortis, Rich Friesner, Bill Goddard, Hod Greeley,           |
  |  Tom Hughes, Jean-Marc Langlois, Daniel Mainz, Rob Murphy,         |
  |  Dean Philipp, Tom Pollard, Murco Ringnalda.                       |
  |                                                                    |
  |  Use of this program should be acknowledged in publications as:    |
  |                                                                    |
  |  Jaguar, version 8.3, Schrodinger, Inc., New York, NY, 2014.       |
  |                                                                    |
  |  A. D. Bochevarov, E. Harder, T. F. Hughes, J. R. Greenwood,       |
  |  D. A. Braden, D. M. Philipp, D. Rinaldo, M. D. Halls,             |
  |  J. Zhang, R. A. Friesner, "Jaguar: A High-Performance Quantum     |
  |  Chemistry Software Program with Strengths in Life and Materials   |
  |  Sciences", Int. J. Quantum Chem., 2013, 113(18), 2110-2142.       |
  +--------------------------------------------------------------------+
  
  start of program pre
  
  Job name: dvb_sp_hf
  Executables used: /usr/local/lib/schrodinger2014-1/jaguar-v83013/bin/Linux-x86_64
  Temporary files : /home/kml/dvb_sp_hf
  
  
  basis set:             sto-3g          
  net molecular charge:    0
  multiplicity:            1
  
  number of basis functions....           60
  
  Basis set name for each atom
  
  Atom     Basis 
  C1       sto-3g          
  C2       sto-3g          
  C3       sto-3g          
  C4       sto-3g          
  C5       sto-3g          
  H6       sto-3g          
  H7       sto-3g          
  H8       sto-3g          
  C9       sto-3g          
  C10      sto-3g          
  H11      sto-3g          
  H12      sto-3g          
  H13      sto-3g          
  C14      sto-3g          
  H15      sto-3g          
  C16      sto-3g          
  H17      sto-3g          
  H18      sto-3g          
  C19      sto-3g          
  H20      sto-3g          
  
  Gaussian basis set information
  
                                                        renorm    mfac*renorm
   atom    fn   prim  L        z            coef         coef         coef
 -------- ----- ---- --- -------------  -----------  -----------  -----------
 C1           1    1   S  7.161684E+01   1.5433E-01   2.7078E+00   2.7078E+00
 C1           1    2   S  1.304510E+01   5.3533E-01   2.6189E+00   2.6189E+00
 C1           1    3   S  3.530512E+00   4.4463E-01   8.1619E-01   8.1619E-01
 C1           2    4   S  2.941249E+00  -2.9565E-01  -4.7324E-01  -4.7324E-01
 C1           2    5   S  6.834831E-01   1.1815E+00   6.3299E-01   6.3299E-01
 C1           3    6   X  2.941249E+00   2.2135E-01   1.2153E+00   1.2153E+00
              4        Y                                           1.2153E+00
              5        Z                                           1.2153E+00
 C1           3    7   X  6.834831E-01   8.6271E-01   7.6421E-01   7.6421E-01
              4        Y                                           7.6421E-01
              5        Z                                           7.6421E-01
 C1           2    8   S  2.222899E-01   1.0000E+00   2.3073E-01   2.3073E-01
 C1           3    9   X  2.222899E-01   1.0000E+00   2.1757E-01   2.1757E-01
              4        Y                                           2.1757E-01
              5        Z                                           2.1757E-01
 C2           6    1   S  7.161684E+01   1.5433E-01   2.7078E+00   2.7078E+00
 C2           6    2   S  1.304510E+01   5.3533E-01   2.6189E+00   2.6189E+00
 C2           6    3   S  3.530512E+00   4.4463E-01   8.1619E-01   8.1619E-01
 C2           7    4   S  2.941249E+00  -2.9565E-01  -4.7324E-01  -4.7324E-01
 C2           7    5   S  6.834831E-01   1.1815E+00   6.3299E-01   6.3299E-01
 C2           8    6   X  2.941249E+00   2.2135E-01   1.2153E+00   1.2153E+00
              9        Y                                           1.2153E+00
             10        Z                                           1.2153E+00
 C2           8    7   X  6.834831E-01   8.6271E-01   7.6421E-01   7.6421E-01
              9        Y                                           7.6421E-01
             10        Z                                           7.6421E-01
 C2           7    8   S  2.222899E-01   1.0000E+00   2.3073E-01   2.3073E-01
 C2           8    9   X  2.222899E-01   1.0000E+00   2.1757E-01   2.1757E-01
              9        Y                                           2.1757E-01
             10        Z                                           2.1757E-01
 C3          11    1   S  7.161684E+01   1.5433E-01   2.7078E+00   2.7078E+00
 C3          11    2   S  1.304510E+01   5.3533E-01   2.6189E+00   2.6189E+00
 C3          11    3   S  3.530512E+00   4.4463E-01   8.1619E-01   8.1619E-01
 C3          12    4   S  2.941249E+00  -2.9565E-01  -4.7324E-01  -4.7324E-01
 C3          12    5   S  6.834831E-01   1.1815E+00   6.3299E-01   6.3299E-01
 C3          13    6   X  2.941249E+00   2.2135E-01   1.2153E+00   1.2153E+00
             14        Y                                           1.2153E+00
             15        Z                                           1.2153E+00
 C3          13    7   X  6.834831E-01   8.6271E-01   7.6421E-01   7.6421E-01
             14        Y                                           7.6421E-01
             15        Z                                           7.6421E-01
 C3          12    8   S  2.222899E-01   1.0000E+00   2.3073E-01   2.3073E-01
 C3          13    9   X  2.222899E-01   1.0000E+00   2.1757E-01   2.1757E-01
             14        Y                                           2.1757E-01
             15        Z                                           2.1757E-01
 C4          16    1   S  7.161684E+01   1.5433E-01   2.7078E+00   2.7078E+00
 C4          16    2   S  1.304510E+01   5.3533E-01   2.6189E+00   2.6189E+00
 C4          16    3   S  3.530512E+00   4.4463E-01   8.1619E-01   8.1619E-01
 C4          17    4   S  2.941249E+00  -2.9565E-01  -4.7324E-01  -4.7324E-01
 C4          17    5   S  6.834831E-01   1.1815E+00   6.3299E-01   6.3299E-01
 C4          18    6   X  2.941249E+00   2.2135E-01   1.2153E+00   1.2153E+00
             19        Y                                           1.2153E+00
             20        Z                                           1.2153E+00
 C4          18    7   X  6.834831E-01   8.6271E-01   7.6421E-01   7.6421E-01
             19        Y                                           7.6421E-01
             20        Z                                           7.6421E-01
 C4          17    8   S  2.222899E-01   1.0000E+00   2.3073E-01   2.3073E-01
 C4          18    9   X  2.222899E-01   1.0000E+00   2.1757E-01   2.1757E-01
             19        Y                                           2.1757E-01
             20        Z                                           2.1757E-01
 C5          21    1   S  7.161684E+01   1.5433E-01   2.7078E+00   2.7078E+00
 C5          21    2   S  1.304510E+01   5.3533E-01   2.6189E+00   2.6189E+00
 C5          21    3   S  3.530512E+00   4.4463E-01   8.1619E-01   8.1619E-01
 C5          22    4   S  2.941249E+00  -2.9565E-01  -4.7324E-01  -4.7324E-01
 C5          22    5   S  6.834831E-01   1.1815E+00   6.3299E-01   6.3299E-01
 C5          23    6   X  2.941249E+00   2.2135E-01   1.2153E+00   1.2153E+00
             24        Y                                           1.2153E+00
             25        Z                                           1.2153E+00
 C5          23    7   X  6.834831E-01   8.6271E-01   7.6421E-01   7.6421E-01
             24        Y                                           7.6421E-01
             25        Z                                           7.6421E-01
 C5          22    8   S  2.222899E-01   1.0000E+00   2.3073E-01   2.3073E-01
 C5          23    9   X  2.222899E-01   1.0000E+00   2.1757E-01   2.1757E-01
             24        Y                                           2.1757E-01
             25        Z                                           2.1757E-01
 H6          26    1   S  3.425251E+00   2.4050E-01   4.3157E-01   4.3157E-01
 H6          26    2   S  6.239137E-01   8.3424E-01   4.1739E-01   4.1739E-01
 H6          26    3   S  1.688554E-01   1.0000E+00   1.8774E-01   1.8774E-01
 H7          27    1   S  3.425251E+00   2.4050E-01   4.3157E-01   4.3157E-01
 H7          27    2   S  6.239137E-01   8.3424E-01   4.1739E-01   4.1739E-01
 H7          27    3   S  1.688554E-01   1.0000E+00   1.8774E-01   1.8774E-01
 H8          28    1   S  3.425251E+00   2.4050E-01   4.3157E-01   4.3157E-01
 H8          28    2   S  6.239137E-01   8.3424E-01   4.1739E-01   4.1739E-01
 H8          28    3   S  1.688554E-01   1.0000E+00   1.8774E-01   1.8774E-01
 C9          29    1   S  7.161684E+01   1.5433E-01   2.7078E+00   2.7078E+00
 C9          29    2   S  1.304510E+01   5.3533E-01   2.6189E+00   2.6189E+00
 C9          29    3   S  3.530512E+00   4.4463E-01   8.1619E-01   8.1619E-01
 C9          30    4   S  2.941249E+00  -2.9565E-01  -4.7324E-01  -4.7324E-01
 C9          30    5   S  6.834831E-01   1.1815E+00   6.3299E-01   6.3299E-01
 C9          31    6   X  2.941249E+00   2.2135E-01   1.2153E+00   1.2153E+00
             32        Y                                           1.2153E+00
             33        Z                                           1.2153E+00
 C9          31    7   X  6.834831E-01   8.6271E-01   7.6421E-01   7.6421E-01
             32        Y                                           7.6421E-01
             33        Z                                           7.6421E-01
 C9          30    8   S  2.222899E-01   1.0000E+00   2.3073E-01   2.3073E-01
 C9          31    9   X  2.222899E-01   1.0000E+00   2.1757E-01   2.1757E-01
             32        Y                                           2.1757E-01
             33        Z                                           2.1757E-01
 C10         34    1   S  7.161684E+01   1.5433E-01   2.7078E+00   2.7078E+00
 C10         34    2   S  1.304510E+01   5.3533E-01   2.6189E+00   2.6189E+00
 C10         34    3   S  3.530512E+00   4.4463E-01   8.1619E-01   8.1619E-01
 C10         35    4   S  2.941249E+00  -2.9565E-01  -4.7324E-01  -4.7324E-01
 C10         35    5   S  6.834831E-01   1.1815E+00   6.3299E-01   6.3299E-01
 C10         36    6   X  2.941249E+00   2.2135E-01   1.2153E+00   1.2153E+00
             37        Y                                           1.2153E+00
             38        Z                                           1.2153E+00
 C10         36    7   X  6.834831E-01   8.6271E-01   7.6421E-01   7.6421E-01
             37        Y                                           7.6421E-01
             38        Z                                           7.6421E-01
 C10         35    8   S  2.222899E-01   1.0000E+00   2.3073E-01   2.3073E-01
 C10         36    9   X  2.222899E-01   1.0000E+00   2.1757E-01   2.1757E-01
             37        Y                                           2.1757E-01
             38        Z                                           2.1757E-01
 H11         39    1   S  3.425251E+00   2.4050E-01   4.3157E-01   4.3157E-01
 H11         39    2   S  6.239137E-01   8.3424E-01   4.1739E-01   4.1739E-01
 H11         39    3   S  1.688554E-01   1.0000E+00   1.8774E-01   1.8774E-01
 H12         40    1   S  3.425251E+00   2.4050E-01   4.3157E-01   4.3157E-01
 H12         40    2   S  6.239137E-01   8.3424E-01   4.1739E-01   4.1739E-01
 H12         40    3   S  1.688554E-01   1.0000E+00   1.8774E-01   1.8774E-01
 H13         41    1   S  3.425251E+00   2.4050E-01   4.3157E-01   4.3157E-01
 H13         41    2   S  6.239137E-01   8.3424E-01   4.1739E-01   4.1739E-01
 H13         41    3   S  1.688554E-01   1.0000E+00   1.8774E-01   1.8774E-01
 C14         42    1   S  7.161684E+01   1.5433E-01   2.7078E+00   2.7078E+00
 C14         42    2   S  1.304510E+01   5.3533E-01   2.6189E+00   2.6189E+00
 C14         42    3   S  3.530512E+00   4.4463E-01   8.1619E-01   8.1619E-01
 C14         43    4   S  2.941249E+00  -2.9565E-01  -4.7324E-01  -4.7324E-01
 C14         43    5   S  6.834831E-01   1.1815E+00   6.3299E-01   6.3299E-01
 C14         44    6   X  2.941249E+00   2.2135E-01   1.2153E+00   1.2153E+00
             45        Y                                           1.2153E+00
             46        Z                                           1.2153E+00
 C14         44    7   X  6.834831E-01   8.6271E-01   7.6421E-01   7.6421E-01
             45        Y                                           7.6421E-01
             46        Z                                           7.6421E-01
 C14         43    8   S  2.222899E-01   1.0000E+00   2.3073E-01   2.3073E-01
 C14         44    9   X  2.222899E-01   1.0000E+00   2.1757E-01   2.1757E-01
             45        Y                                           2.1757E-01
             46        Z                                           2.1757E-01
 H15         47    1   S  3.425251E+00   2.4050E-01   4.3157E-01   4.3157E-01
 H15         47    2   S  6.239137E-01   8.3424E-01   4.1739E-01   4.1739E-01
 H15         47    3   S  1.688554E-01   1.0000E+00   1.8774E-01   1.8774E-01
 C16         48    1   S  7.161684E+01   1.5433E-01   2.7078E+00   2.7078E+00
 C16         48    2   S  1.304510E+01   5.3533E-01   2.6189E+00   2.6189E+00
 C16         48    3   S  3.530512E+00   4.4463E-01   8.1619E-01   8.1619E-01
 C16         49    4   S  2.941249E+00  -2.9565E-01  -4.7324E-01  -4.7324E-01
 C16         49    5   S  6.834831E-01   1.1815E+00   6.3299E-01   6.3299E-01
 C16         50    6   X  2.941249E+00   2.2135E-01   1.2153E+00   1.2153E+00
             51        Y                                           1.2153E+00
             52        Z                                           1.2153E+00
 C16         50    7   X  6.834831E-01   8.6271E-01   7.6421E-01   7.6421E-01
             51        Y                                           7.6421E-01
             52        Z                                           7.6421E-01
 C16         49    8   S  2.222899E-01   1.0000E+00   2.3073E-01   2.3073E-01
 C16         50    9   X  2.222899E-01   1.0000E+00   2.1757E-01   2.1757E-01
             51        Y                                           2.1757E-01
             52        Z                                           2.1757E-01
 H17         53    1   S  3.425251E+00   2.4050E-01   4.3157E-01   4.3157E-01
 H17         53    2   S  6.239137E-01   8.3424E-01   4.1739E-01   4.1739E-01
 H17         53    3   S  1.688554E-01   1.0000E+00   1.8774E-01   1.8774E-01
 H18         54    1   S  3.425251E+00   2.4050E-01   4.3157E-01   4.3157E-01
 H18         54    2   S  6.239137E-01   8.3424E-01   4.1739E-01   4.1739E-01
 H18         54    3   S  1.688554E-01   1.0000E+00   1.8774E-01   1.8774E-01
 C19         55    1   S  7.161684E+01   1.5433E-01   2.7078E+00   2.7078E+00
 C19         55    2   S  1.304510E+01   5.3533E-01   2.6189E+00   2.6189E+00
 C19         55    3   S  3.530512E+00   4.4463E-01   8.1619E-01   8.1619E-01
 C19         56    4   S  2.941249E+00  -2.9565E-01  -4.7324E-01  -4.7324E-01
 C19         56    5   S  6.834831E-01   1.1815E+00   6.3299E-01   6.3299E-01
 C19         57    6   X  2.941249E+00   2.2135E-01   1.2153E+00   1.2153E+00
             58        Y                                           1.2153E+00
             59        Z                                           1.2153E+00
 C19         57    7   X  6.834831E-01   8.6271E-01   7.6421E-01   7.6421E-01
             58        Y                                           7.6421E-01
             59        Z                                           7.6421E-01
 C19         56    8   S  2.222899E-01   1.0000E+00   2.3073E-01   2.3073E-01
 C19         57    9   X  2.222899E-01   1.0000E+00   2.1757E-01   2.1757E-01
             58        Y                                           2.1757E-01
             59        Z                                           2.1757E-01
 H20         60    1   S  3.425251E+00   2.4050E-01   4.3157E-01   4.3157E-01
 H20         60    2   S  6.239137E-01   8.3424E-01   4.1739E-01   4.1739E-01
 H20         60    3   S  1.688554E-01   1.0000E+00   1.8774E-01   1.8774E-01
  
  Effective Core Potential 
  
  Atom      Electrons represented by ECP
 C1                     0
 C2                     0
 C3                     0
 C4                     0
 C5                     0
 H6                     0
 H7                     0
 H8                     0
 C9                     0
 C10                    0
 H11                    0
 H12                    0
 H13                    0
 C14                    0
 H15                    0
 C16                    0
 H17                    0
 H18                    0
 C19                    0
 H20                    0
  
  no dealiasing set available for atom            1
  switch to all-analytic calculation
  
 Input geometry:
                                   angstroms
  atom               x                 y                 z
  C1           -0.0758150000      0.0000000000      0.0269380000 
  C2           -0.0045600000      0.0000000000      1.4463040000 
  C3            1.2336810000      0.0000000000      2.1042190000 
  C4            2.4572420000      0.0000000000      1.3787840000 
  C5            2.3859860000      0.0000000000     -0.0405820000 
  H6           -0.9288540000      0.0000000000      2.0382910000 
  H7            1.2652340000      0.0000000000      3.2024280000 
  H8            3.3102810000      0.0000000000     -0.6325690000 
  C9            3.7520430000      0.0000000000      2.1313240000 
  C10           4.9872240000      0.0000000000      1.6008690000 
  H11           5.1663340000      0.0000000000      0.5196130000 
  H12           3.6421500000      0.0000000000      3.2262300000 
  H13           5.8793430000      0.0000000000      2.2379240000 
  C14          -1.3706160000      0.0000000000     -0.7256020000 
  H15          -1.2607230000      0.0000000000     -1.8205080000 
  C16          -2.6057970000      0.0000000000     -0.1951460000 
  H17          -2.7849070000      0.0000000000      0.8861090000 
  H18          -3.4979160000      0.0000000000     -0.8322020000 
  C19           1.1477460000      0.0000000000     -0.6984970000 
  H20           1.1161930000      0.0000000000     -1.7967060000 
   
  principal moments of inertia:
        amu*angstrom^2:      109.23592      737.84463      847.08055
                g*cm^2: 1.81390497E-38 1.22521968E-37 1.40661017E-37
   
  rotational constants:
               cm^(-1):      0.15432312      0.02284713      0.01990086
                   GHz:      4.62649088      0.68493960      0.59661269
   
  Molecular weight:     130.08 amu
   
  Stoichiometry: C10H10
  Molecular Point Group: C2h     
	Molecule translated to center of mass 
	Molecule reoriented along symmetry axes
  Point Group used: C2h
  
  
 Symmetrized geometry:
                                   angstroms
  atom               x                 y                 z
  C1            1.2665285000      0.6759230000      0.0000000000 
  C2            1.1952730000     -0.7434430000      0.0000000000 
  C3           -0.0429675000     -1.4013580000      0.0000000000 
  C4           -1.2665285000     -0.6759230000      0.0000000000 
  C5           -1.1952730000      0.7434430000      0.0000000000 
  H6            2.1195675000     -1.3354300000      0.0000000000 
  H7           -0.0745205000     -2.4995670000      0.0000000000 
  H8           -2.1195675000      1.3354300000      0.0000000000 
  C9           -2.5613295000     -1.4284630000      0.0000000000 
  C10          -3.7965105000     -0.8980075000      0.0000000000 
  H11          -3.9756205000      0.1832480000      0.0000000000 
  H12          -2.4514365000     -2.5233690000      0.0000000000 
  H13          -4.6886295000     -1.5350630000      0.0000000000 
  C14           2.5613295000      1.4284630000      0.0000000000 
  H15           2.4514365000      2.5233690000      0.0000000000 
  C16           3.7965105000      0.8980075000      0.0000000000 
  H17           3.9756205000     -0.1832480000      0.0000000000 
  H18           4.6886295000      1.5350630000      0.0000000000 
  C19           0.0429675000      1.4013580000      0.0000000000 
  H20           0.0745205000      2.4995670000      0.0000000000 
   
  nuclear repulsion energy.......     445.899321568 hartrees
 
 Non-default options chosen:
   Include all virtuals in output
   Mulliken populations computed by atom
  
 Non-default print settings:
      1=  2  18=  2 102=  8
  
 Temporary integer options set:
     73=  2
  
  Peak memory usage:    479 Mb
  
  end of program pre
   
 Time(pre)  user:        0.0  user+sys:        0.0  wallclock:        0.4
  
  start of program onee
  
   
  overlap matrix:
   
             1              2              3              4              5
   1    1.000000E+00
   2    2.483624E-01   1.000000E+00
   3    0.000000E+00   0.000000E+00   1.000000E+00
   4    0.000000E+00   0.000000E+00   0.000000E+00   1.000000E+00
   5    0.000000E+00   0.000000E+00   0.000000E+00   0.000000E+00   1.000000E+00
   6    5.850666E-07   3.564737E-02  -2.965142E-03  -5.906382E-02   0.000000E+00
   7    3.564737E-02   3.541460E-01  -1.906289E-02  -3.797211E-01   0.000000E+00
   8    2.965142E-03   1.906289E-02   2.036441E-01  -2.663556E-02   0.000000E+00
   9    5.906382E-02   3.797211E-01  -2.663556E-02  -3.255829E-01   0.000000E+00
  10    0.000000E+00   0.000000E+00   0.000000E+00   0.000000E+00   2.049812E-01
  11    0.000000E+00   1.593342E-03  -1.987345E-03  -3.152566E-03   0.000000E+00
  12    1.593342E-03   5.633000E-02  -4.462557E-02  -7.079048E-02   0.000000E+00
  13    1.987345E-03   4.462557E-02  -1.554861E-02  -6.174136E-02   0.000000E+00
  14    3.152566E-03   7.079048E-02  -6.174136E-02  -7.456913E-02   0.000000E+00
  15    0.000000E+00   0.000000E+00   0.000000E+00   0.000000E+00   2.337249E-02
  16    0.000000E+00   2.981916E-04  -7.181694E-04  -3.832738E-04   0.000000E+00
  17    2.981916E-04   2.168351E-02  -3.128179E-02  -1.669451E-02   0.000000E+00
  18    7.181694E-04   3.128179E-02  -4.021669E-02  -2.586129E-02   0.000000E+00
  19    3.832738E-04   1.669451E-02  -2.586129E-02  -5.560114E-03   0.000000E+00
  20    0.000000E+00   0.000000E+00   0.000000E+00   0.000000E+00   8.241581E-03
  21    0.000000E+00   1.551477E-03  -3.637739E-03   9.977251E-05   0.000000E+00
  22    1.551477E-03   5.546960E-02  -8.251837E-02   2.263237E-03   0.000000E+00
  23    3.637739E-03   8.251837E-02  -1.120994E-01   3.704754E-03   0.000000E+00
  24   -9.977251E-05  -2.263237E-03   3.704754E-03   2.287559E-02   0.000000E+00
  25    0.000000E+00   0.000000E+00   0.000000E+00   0.000000E+00   2.297720E-02
  26    5.035218E-03   9.225424E-02   4.678803E-02  -1.103200E-01   0.000000E+00
  27    8.028312E-05   5.921399E-03  -3.841835E-03  -9.097138E-03   0.000000E+00
  28    7.942685E-05   5.881757E-03  -9.632506E-03   1.876115E-03   0.000000E+00
  29    0.000000E+00   8.313468E-08  -3.015903E-07  -1.658009E-07   0.000000E+00
  30    8.313468E-08   2.567472E-04  -4.988409E-04  -2.742405E-04   0.000000E+00
  31    3.015903E-07   4.988409E-04  -8.987438E-04  -5.394653E-04   0.000000E+00
  32    1.658009E-07   2.742405E-04  -5.394653E-04  -2.140356E-04   0.000000E+00
  33    0.000000E+00   0.000000E+00   0.000000E+00   0.000000E+00   8.253845E-05
  34    0.000000E+00   7.706886E-11  -3.662100E-10  -1.138425E-10   0.000000E+00
  35    7.706886E-11   7.014075E-06  -1.776461E-05  -5.522427E-06   0.000000E+00
  36    3.662100E-10   1.776461E-05  -4.287917E-05  -1.401597E-05   0.000000E+00
  37    1.138425E-10   5.522427E-06  -1.401597E-05  -2.149536E-06   0.000000E+00
  38    0.000000E+00   0.000000E+00   0.000000E+00   0.000000E+00   2.207562E-06
  39    8.127326E-09   2.318633E-05  -5.290947E-05  -4.972612E-06   0.000000E+00
  40    6.810945E-08   8.196952E-05  -1.337015E-04  -1.150496E-04   0.000000E+00
  41    0.000000E+00   3.035051E-07  -7.796759E-07  -2.894722E-07   0.000000E+00
  42    1.431417E-07   2.956747E-02   4.263861E-02   2.478161E-02   0.000000E+00
  43    2.956747E-02   3.177157E-01   3.043981E-01   1.769166E-01   0.000000E+00
  44   -4.263861E-02  -3.043981E-01  -1.942025E-01  -2.163160E-01   0.000000E+00
  45   -2.478161E-02  -1.769166E-01  -2.163160E-01   5.226208E-02   0.000000E+00
  46    0.000000E+00   0.000000E+00   0.000000E+00   0.000000E+00   1.779852E-01
  47    4.907231E-03   9.056739E-02   6.366048E-02   9.925606E-02   0.000000E+00
  48    0.000000E+00   1.158990E-03   2.791195E-03   2.450140E-04   0.000000E+00
  49    1.158990E-03   4.688726E-02   7.082180E-02   6.216812E-03   0.000000E+00
  50   -2.791195E-03  -7.082180E-02  -9.800540E-02  -1.027822E-02   0.000000E+00
  51   -2.450140E-04  -6.216812E-03  -1.027822E-02   1.818169E-02   0.000000E+00
  52    0.000000E+00   0.000000E+00   0.000000E+00   0.000000E+00   1.908392E-02
  53    7.335966E-04   2.452346E-02   3.496098E-02  -1.108765E-02   0.000000E+00
  54    5.774994E-05   4.819993E-03   7.906021E-03   1.984856E-03   0.000000E+00
  55    5.716404E-07   3.553606E-02  -5.071306E-02   3.006718E-02   0.000000E+00
  56    3.553606E-02   3.535095E-01  -3.266334E-01   1.936571E-01   0.000000E+00
  57    5.071306E-02   3.266334E-01  -1.886475E-01   2.330909E-01   0.000000E+00
  58   -3.006718E-02  -1.936571E-01   2.330909E-01   6.630043E-02   0.000000E+00
  59    0.000000E+00   0.000000E+00   0.000000E+00   0.000000E+00   2.044973E-01
  60    5.114686E-03   9.329643E-02  -6.620893E-02   1.012925E-01   0.000000E+00
   
             6              7              8              9             10
   6    1.000000E+00
   7    2.483624E-01   1.000000E+00
   8    0.000000E+00   0.000000E+00   1.000000E+00
   9    0.000000E+00   0.000000E+00   0.000000E+00   1.000000E+00
  10    0.000000E+00   0.000000E+00   0.000000E+00   0.000000E+00   1.000000E+00
  11    8.203868E-07   3.731501E-02  -5.463815E-02  -2.903092E-02   0.000000E+00
  12    3.731501E-02   3.635573E-01  -3.418464E-01  -1.816334E-01   0.000000E+00
  13    5.463815E-02   3.418464E-01  -2.089501E-01  -2.237633E-01   0.000000E+00
  14    2.903092E-02   1.816334E-01  -2.237633E-01   9.329531E-02   0.000000E+00
  15    0.000000E+00   0.000000E+00   0.000000E+00   0.000000E+00   2.121876E-01
  16    0.000000E+00   1.551477E-03  -3.637739E-03   9.977251E-05   0.000000E+00
  17    1.551477E-03   5.546960E-02  -8.251837E-02   2.263237E-03   0.000000E+00
  18    3.637739E-03   8.251837E-02  -1.120994E-01   3.704754E-03   0.000000E+00
  19   -9.977251E-05  -2.263237E-03   3.704754E-03   2.287559E-02   0.000000E+00
  20    0.000000E+00   0.000000E+00   0.000000E+00   0.000000E+00   2.297720E-02
  21    0.000000E+00   3.793948E-04  -8.624485E-04   5.364308E-04   0.000000E+00
  22    3.793948E-04   2.483225E-02  -3.406067E-02   2.118526E-02   0.000000E+00
  23    8.624485E-04   3.406067E-02  -4.077429E-02   3.129514E-02   0.000000E+00
  24   -5.364308E-04  -2.118526E-02   3.129514E-02  -9.924559E-03   0.000000E+00
  25    0.000000E+00   0.000000E+00   0.000000E+00   0.000000E+00   9.540576E-03
  26    6.117741E-02   4.863787E-01   3.912738E-01  -2.506009E-01   0.000000E+00
  27    5.267886E-03   9.529470E-02  -7.222754E-02  -9.989066E-02   0.000000E+00
  28    1.095187E-05   1.731322E-03  -2.650033E-03   1.661945E-03   0.000000E+00
  29    0.000000E+00   2.479443E-06  -8.838318E-06  -1.611676E-06   0.000000E+00
  30    2.479443E-06   1.573620E-03  -3.074727E-03  -5.606794E-04   0.000000E+00
  31    8.838318E-06   3.074727E-03  -5.653592E-03  -1.126528E-03   0.000000E+00
  32    1.611676E-06   5.606794E-04  -1.126528E-03   3.187874E-04   0.000000E+00
  33    0.000000E+00   0.000000E+00   0.000000E+00   0.000000E+00   5.242109E-04
  34    0.000000E+00   9.932773E-10  -4.689559E-09  -1.452065E-10   0.000000E+00
  35    9.932773E-10   2.474949E-05  -6.195869E-05  -1.918475E-06   0.000000E+00
  36    4.689559E-09   6.195869E-05  -1.479060E-04  -4.821819E-06   0.000000E+00
  37    1.452065E-10   1.918475E-06  -4.821819E-06   7.669139E-06   0.000000E+00
  38    0.000000E+00   0.000000E+00   0.000000E+00   0.000000E+00   7.818441E-06
  39    8.743370E-09   2.421346E-05  -5.451328E-05   9.769485E-06   0.000000E+00
  40    5.592794E-06   1.150633E-03  -1.915926E-03  -9.351464E-04   0.000000E+00
  41    8.276095E-11   1.748632E-06  -4.446792E-06  -5.982712E-07   0.000000E+00
  42    0.000000E+00   1.047835E-03   1.362356E-03   2.166022E-03   0.000000E+00
  43    1.047835E-03   4.424995E-02   3.594528E-02   5.714973E-02   0.000000E+00
  44   -1.362356E-03  -3.594528E-02  -1.399982E-02  -5.072782E-02   0.000000E+00
  45   -2.166022E-03  -5.714973E-02  -5.072782E-02  -6.274634E-02   0.000000E+00
  46    0.000000E+00   0.000000E+00   0.000000E+00   0.000000E+00   1.790629E-02
  47    6.482744E-05   5.180288E-03   3.128998E-03   8.137354E-03   0.000000E+00
  48    0.000000E+00   1.187795E-04   2.936423E-04   1.852962E-04   0.000000E+00
  49    1.187795E-04   1.296821E-02   1.873342E-02   1.182129E-02   0.000000E+00
  50   -2.936423E-04  -1.873342E-02  -2.400496E-02  -1.814624E-02   0.000000E+00
  51   -1.852962E-04  -1.182129E-02  -1.814624E-02  -6.699034E-03   0.000000E+00
  52    0.000000E+00   0.000000E+00   0.000000E+00   0.000000E+00   4.751726E-03
  53    7.479033E-04   2.483919E-02   3.637629E-02   7.329233E-03   0.000000E+00
  54    3.261309E-06   8.302793E-04   1.314208E-03   8.571785E-04   0.000000E+00
  55    0.000000E+00   1.721209E-03  -1.889496E-03   3.516943E-03   0.000000E+00
  56    1.721209E-03   5.890337E-02  -4.120094E-02   7.668784E-02   0.000000E+00
  57    1.889496E-03   4.120094E-02  -7.215677E-03   5.914449E-02   0.000000E+00
  58   -3.516943E-03  -7.668784E-02   5.914449E-02  -8.552639E-02   0.000000E+00
  59    0.000000E+00   0.000000E+00   0.000000E+00   0.000000E+00   2.456001E-02
  60    8.553213E-05   6.161210E-03  -3.347034E-03   9.684980E-03   0.000000E+00
   
            11             12             13             14             15
  11    1.000000E+00
  12    2.483624E-01   1.000000E+00
  13    0.000000E+00   0.000000E+00   1.000000E+00
  14    0.000000E+00   0.000000E+00   0.000000E+00   1.000000E+00
  15    0.000000E+00   0.000000E+00   0.000000E+00   0.000000E+00   1.000000E+00
  16    5.716404E-07   3.553606E-02  -5.071306E-02   3.006718E-02   0.000000E+00
  17    3.553606E-02   3.535095E-01  -3.266334E-01   1.936571E-01   0.000000E+00
  18    5.071306E-02   3.266334E-01  -1.886475E-01   2.330909E-01   0.000000E+00
  19   -3.006718E-02  -1.936571E-01   2.330909E-01   6.630043E-02   0.000000E+00
  20    0.000000E+00   0.000000E+00   0.000000E+00   0.000000E+00   2.044973E-01
  21    0.000000E+00   1.721209E-03  -1.889496E-03   3.516943E-03   0.000000E+00
  22    1.721209E-03   5.890337E-02  -4.120094E-02   7.668784E-02   0.000000E+00
  23    1.889496E-03   4.120094E-02  -7.215677E-03   5.914449E-02   0.000000E+00
  24   -3.516943E-03  -7.668784E-02   5.914449E-02  -8.552639E-02   0.000000E+00
  25    0.000000E+00   0.000000E+00   0.000000E+00   0.000000E+00   2.456001E-02
  26    5.315940E-03   9.591861E-02   1.239131E-01   3.777669E-03   0.000000E+00
  27    6.102870E-02   4.857813E-01  -1.333401E-02  -4.640930E-01   0.000000E+00
  28    8.409860E-05   6.096248E-03  -6.133118E-03   8.082945E-03   0.000000E+00
  29    0.000000E+00   1.257045E-03  -3.013836E-03  -3.243776E-05   0.000000E+00
  30    1.257045E-03   4.912941E-02  -7.411060E-02  -7.976485E-04   0.000000E+00
  31    3.013836E-03   7.411060E-02  -1.024456E-01  -1.318868E-03   0.000000E+00
  32    3.243776E-05   7.976485E-04  -1.318868E-03   2.007797E-02   0.000000E+00
  33    0.000000E+00   0.000000E+00   0.000000E+00   0.000000E+00   2.009216E-02
  34    0.000000E+00   2.969516E-06  -1.057736E-05   1.418425E-06   0.000000E+00
  35    2.969516E-06   1.733922E-03  -3.391797E-03   4.548404E-04   0.000000E+00
  36    1.057736E-05   3.391797E-03  -6.251224E-03   9.159679E-04   0.000000E+00
  37   -1.418425E-06  -4.548404E-04   9.159679E-04   4.564236E-04   0.000000E+00
  38    0.000000E+00   0.000000E+00   0.000000E+00   0.000000E+00   5.792550E-04
  39    2.326393E-06   6.772238E-04  -1.201564E-03   4.841529E-04   0.000000E+00
  40    1.326212E-03   3.644478E-02  -4.762268E-02  -2.218553E-02   0.000000E+00
  41    2.837745E-07   1.918596E-04  -3.942908E-04  -1.134793E-05   0.000000E+00
  42    0.000000E+00   2.117594E-06   5.232719E-06   5.685856E-06   0.000000E+00
  43    2.117594E-06   1.445719E-03   1.955124E-03   2.124431E-03   0.000000E+00
  44   -5.232719E-06  -1.955124E-03  -2.235736E-03  -2.951406E-03   0.000000E+00
  45   -5.685856E-06  -2.124431E-03  -2.951406E-03  -2.726532E-03   0.000000E+00
  46    0.000000E+00   0.000000E+00   0.000000E+00   0.000000E+00   4.804558E-04
  47    2.796078E-07   1.901728E-04   2.098243E-04   3.301402E-04   0.000000E+00
  48    0.000000E+00   4.068450E-08   1.480037E-07   8.863563E-08   0.000000E+00
  49    4.068450E-08   1.756811E-04   3.413519E-04   2.044270E-04   0.000000E+00
  50   -1.480037E-07  -3.413519E-04  -6.139119E-04  -4.013326E-04   0.000000E+00
  51   -8.863563E-08  -2.044270E-04  -4.013326E-04  -1.841151E-04   0.000000E+00
  52    0.000000E+00   0.000000E+00   0.000000E+00   0.000000E+00   5.623276E-05
  53    2.840718E-06   7.638924E-04   1.388415E-03   4.208547E-04   0.000000E+00
  54    1.191138E-09   7.487542E-06   1.535859E-05   9.531517E-06   0.000000E+00
  55    0.000000E+00   3.978994E-04   3.251625E-05   1.060497E-03   0.000000E+00
  56    3.978994E-04   2.550851E-02   1.259654E-03   4.108283E-02   0.000000E+00
  57   -3.251625E-05  -1.259654E-03   9.754879E-03  -2.186225E-03   0.000000E+00
  58   -1.060497E-03  -4.108283E-02  -2.186225E-03  -6.148045E-02   0.000000E+00
  59    0.000000E+00   0.000000E+00   0.000000E+00   0.000000E+00   9.821912E-03
  60    1.146536E-05   1.780393E-03   9.666819E-05   3.209650E-03   0.000000E+00
   
            16             17             18             19             20
  16    1.000000E+00
  17    2.483624E-01   1.000000E+00
  18    0.000000E+00   0.000000E+00   1.000000E+00
  19    0.000000E+00   0.000000E+00   0.000000E+00   1.000000E+00
  20    0.000000E+00   0.000000E+00   0.000000E+00   0.000000E+00   1.000000E+00
  21    5.850666E-07   3.564737E-02   2.965142E-03   5.906382E-02   0.000000E+00
  22    3.564737E-02   3.541460E-01   1.906289E-02   3.797211E-01   0.000000E+00
  23   -2.965142E-03  -1.906289E-02   2.036441E-01  -2.663556E-02   0.000000E+00
  24   -5.906382E-02  -3.797211E-01  -2.663556E-02  -3.255829E-01   0.000000E+00
  25    0.000000E+00   0.000000E+00   0.000000E+00   0.000000E+00   2.049812E-01
  26    7.942685E-05   5.881757E-03   9.632506E-03  -1.876115E-03   0.000000E+00
  27    5.114686E-03   9.329643E-02   6.620893E-02  -1.012925E-01   0.000000E+00
  28    5.035218E-03   9.225424E-02  -4.678803E-02   1.103200E-01   0.000000E+00
  29    1.431417E-07   2.956747E-02  -4.263861E-02  -2.478161E-02   0.000000E+00
  30    2.956747E-02   3.177157E-01  -3.043981E-01  -1.769166E-01   0.000000E+00
  31    4.263861E-02   3.043981E-01  -1.942025E-01  -2.163160E-01   0.000000E+00
  32    2.478161E-02   1.769166E-01  -2.163160E-01   5.226208E-02   0.000000E+00
  33    0.000000E+00   0.000000E+00   0.000000E+00   0.000000E+00   1.779852E-01
  34    0.000000E+00   1.158990E-03  -2.791195E-03  -2.450140E-04   0.000000E+00
  35    1.158990E-03   4.688726E-02  -7.082180E-02  -6.216812E-03   0.000000E+00
  36    2.791195E-03   7.082180E-02  -9.800540E-02  -1.027822E-02   0.000000E+00
  37    2.450140E-04   6.216812E-03  -1.027822E-02   1.818169E-02   0.000000E+00
  38    0.000000E+00   0.000000E+00   0.000000E+00   0.000000E+00   1.908392E-02
  39    7.335966E-04   2.452346E-02  -3.496098E-02   1.108765E-02   0.000000E+00
  40    4.907231E-03   9.056739E-02  -6.366048E-02  -9.925606E-02   0.000000E+00
  41    5.774994E-05   4.819993E-03  -7.906021E-03  -1.984856E-03   0.000000E+00
  42    0.000000E+00   8.313468E-08   3.015903E-07   1.658009E-07   0.000000E+00
  43    8.313468E-08   2.567472E-04   4.988409E-04   2.742405E-04   0.000000E+00
  44   -3.015903E-07  -4.988409E-04  -8.987438E-04  -5.394653E-04   0.000000E+00
  45   -1.658009E-07  -2.742405E-04  -5.394653E-04  -2.140356E-04   0.000000E+00
  46    0.000000E+00   0.000000E+00   0.000000E+00   0.000000E+00   8.253845E-05
  47    6.810945E-08   8.196952E-05   1.337015E-04   1.150496E-04   0.000000E+00
  48    0.000000E+00   7.706886E-11   3.662100E-10   1.138425E-10   0.000000E+00
  49    7.706886E-11   7.014075E-06   1.776461E-05   5.522427E-06   0.000000E+00
  50   -3.662100E-10  -1.776461E-05  -4.287917E-05  -1.401597E-05   0.000000E+00
  51   -1.138425E-10  -5.522427E-06  -1.401597E-05  -2.149536E-06   0.000000E+00
  52    0.000000E+00   0.000000E+00   0.000000E+00   0.000000E+00   2.207562E-06
  53    8.127326E-09   2.318633E-05   5.290947E-05   4.972612E-06   0.000000E+00
  54    0.000000E+00   3.035051E-07   7.796759E-07   2.894722E-07   0.000000E+00
  55    0.000000E+00   1.593342E-03   1.987345E-03   3.152566E-03   0.000000E+00
  56    1.593342E-03   5.633000E-02   4.462557E-02   7.079048E-02   0.000000E+00
  57   -1.987345E-03  -4.462557E-02  -1.554861E-02  -6.174136E-02   0.000000E+00
  58   -3.152566E-03  -7.079048E-02  -6.174136E-02  -7.456913E-02   0.000000E+00
  59    0.000000E+00   0.000000E+00   0.000000E+00   0.000000E+00   2.337249E-02
  60    8.028312E-05   5.921399E-03   3.841835E-03   9.097138E-03   0.000000E+00
   
            21             22             23             24             25
  21    1.000000E+00
  22    2.483624E-01   1.000000E+00
  23    0.000000E+00   0.000000E+00   1.000000E+00
  24    0.000000E+00   0.000000E+00   0.000000E+00   1.000000E+00
  25    0.000000E+00   0.000000E+00   0.000000E+00   0.000000E+00   1.000000E+00
  26    1.095187E-05   1.731322E-03   2.650033E-03  -1.661945E-03   0.000000E+00
  27    8.553213E-05   6.161210E-03   3.347034E-03  -9.684980E-03   0.000000E+00
  28    6.117741E-02   4.863787E-01  -3.912738E-01   2.506009E-01   0.000000E+00
  29    0.000000E+00   1.047835E-03  -1.362356E-03  -2.166022E-03   0.000000E+00
  30    1.047835E-03   4.424995E-02  -3.594528E-02  -5.714973E-02   0.000000E+00
  31    1.362356E-03   3.594528E-02  -1.399982E-02  -5.072782E-02   0.000000E+00
  32    2.166022E-03   5.714973E-02  -5.072782E-02  -6.274634E-02   0.000000E+00
  33    0.000000E+00   0.000000E+00   0.000000E+00   0.000000E+00   1.790629E-02
  34    0.000000E+00   1.187795E-04  -2.936423E-04  -1.852962E-04   0.000000E+00
  35    1.187795E-04   1.296821E-02  -1.873342E-02  -1.182129E-02   0.000000E+00
  36    2.936423E-04   1.873342E-02  -2.400496E-02  -1.814624E-02   0.000000E+00
  37    1.852962E-04   1.182129E-02  -1.814624E-02  -6.699034E-03   0.000000E+00
  38    0.000000E+00   0.000000E+00   0.000000E+00   0.000000E+00   4.751726E-03
  39    7.479033E-04   2.483919E-02  -3.637629E-02  -7.329233E-03   0.000000E+00
  40    6.482744E-05   5.180288E-03  -3.128998E-03  -8.137354E-03   0.000000E+00
  41    3.261309E-06   8.302793E-04  -1.314208E-03  -8.571785E-04   0.000000E+00
  42    0.000000E+00   2.479443E-06   8.838318E-06   1.611676E-06   0.000000E+00
