Job dvb_sp started on rubidium at Fri Jul 15 22:29:21 2005
jobid: rubidium-0-42d89b31

  +--------------------------------------------------------------------+
  |  Jaguar version 6.0, release  11                                   |
  |                                                                    |
  |  Copyright (c) 2005 Schrodinger,  LLC.                             |
  |  All Rights Reserved.                                              |
  |                                                                    |
  |  Use of this program should be acknowledged in publications as:    |
  |  Jaguar 6.0, Schrodinger, LLC, Portland, Oregon, 2005.             |
  +--------------------------------------------------------------------+
   
  start of program pre
  
 --------echo of input .in file:-----------------
JOB: dvb_sp
DIR: /opt/schrodinger/jaguar-v60011/bin/Linux-x86 /scratch/user/dvb_sp /scratch
RESTARTJOB: dvb_sp.01
title 20 atom dvb geometry optimization, adam test
 
 
 
 
 
 
 
&gen
ip5=2
iacscf=1
iunit=1
molchg=0
multip=1
igonly=0
isymm=0
dftname=b3lyp
iuhf=0
mulken=2
maxit=250
ipvirt=-1
ip102=8
ip18=2
ip90=2
ip175=2
igeopt=0
maxitg=250
cut20=5e-5
&
&echo
&
&zmat
 C     -0.0718263128   -0.0000407444    0.0421370447
 C      0.0132353646   -0.0000834092    1.4447344752
 C      1.2451804692   -0.0000632773    2.0849406470
 C      2.4532934215    0.0000650023    1.3634767904
 C      2.3682237428    0.0000603218   -0.0390881104
 H     -0.8930391590   -0.0001397854    2.0421497750
 H      1.2809468375   -0.0001479412    3.1715241954
 H      3.2744700662    0.0000852579   -0.6365600871
 C      3.7244696702    0.0000972961    2.1021985760
 C      4.9654721459   -0.0000310167    1.5982246878
 H      5.1689163924   -0.0001812821    0.5313786602
 H      3.6132969822    0.0001997397    3.1863464724
 H      5.8306928279   -0.0000086569    2.2526772423
 C     -1.3430941570   -0.0000244058   -0.6964308511
 H     -1.2320812862   -0.0000748949   -1.7805997624
 C     -2.5840326782    0.0000448121   -0.1922905938
 H     -2.7873984074    0.0000985102    0.8745786649
 H     -3.4493256960    0.0000530346   -0.8466492921
 C      1.1362244386   -0.0000110739   -0.6793202353
 H      1.1005232202   -0.0000447831   -1.7658946967
&
 
 
 
 ------------end of .in file---------------------
  
  Job name: dvb_sp
  Executables used: /opt/schrodinger/jaguar-v60011/bin/Linux-x86
  Temporary files : /scratch/user/dvb_sp
  
  Input file comments:
   title 20 atom dvb geometry optimization, adam test
   
   
   
   
   
   
   
  
  basis set:             6-31G**         
  net molecular charge:    0
  multiplicity:            1
  
  Running on   2 processors
   
  number of basis functions....   200
  N by N matrices stored in   2  strip(s)
  input atom labels were not unique
  original atom labels:
 C        C        C        C        C        H        H        H       
 C        C        H        H        H        C        H        C       
 H        H        C        H       
  new atom labels:
 C1       C2       C3       C4       C5       H6       H7       H8      
 C9       C10      H11      H12      H13      C14      H15      C16     
 H17      H18      C19      H20     
 
  
 Input geometry:
                                   angstroms
  atom               x                 y                 z
  C1           -0.0718263128     -0.0000407444      0.0421370447 
  C2            0.0132353646     -0.0000834092      1.4447344752 
  C3            1.2451804692     -0.0000632773      2.0849406470 
  C4            2.4532934215      0.0000650023      1.3634767904 
  C5            2.3682237428      0.0000603218     -0.0390881104 
  H6           -0.8930391590     -0.0001397854      2.0421497750 
  H7            1.2809468375     -0.0001479412      3.1715241954 
  H8            3.2744700662      0.0000852579     -0.6365600871 
  C9            3.7244696702      0.0000972961      2.1021985760 
  C10           4.9654721459     -0.0000310167      1.5982246878 
  H11           5.1689163924     -0.0001812821      0.5313786602 
  H12           3.6132969822      0.0001997397      3.1863464724 
  H13           5.8306928279     -0.0000086569      2.2526772423 
  C14          -1.3430941570     -0.0000244058     -0.6964308511 
  H15          -1.2320812862     -0.0000748949     -1.7805997624 
  C16          -2.5840326782      0.0000448121     -0.1922905938 
  H17          -2.7873984074      0.0000985102      0.8745786649 
  H18          -3.4493256960      0.0000530346     -0.8466492921 
  C19           1.1362244386     -0.0000110739     -0.6793202353 
  H20           1.1005232202     -0.0000447831     -1.7658946967 
   
  principal moments of inertia:
        amu*angstrom^2:      106.17097      726.37377      832.54474
                g*cm^2: 1.76301164E-38 1.20617285E-37 1.38247401E-37
   
  rotational constants:
               cm^(-1):     0.15877816     0.02320793     0.02024832
                   GHz:     4.76004948     0.69575622     0.60702933
   
  number of surviving atom pairs:   209  out of:   210
  Molecular weight:     130.08 amu
  
   
  Stoichiometry: C10H10
  Molecular Point Group: C2h     
  Point Group used: C1 (symmetry turned off)
  number of surviving atom pairs:   209  out of:   210
  nuclear repulsion energy.......     450.353891974 hartrees
 
 Non-default options chosen:
   SCF calculation type: DFT             
   DFT=Becke_3_Parameter/HF+Slater+Becke88+VWN+LYP (B3LYP)
   Molecular symmetry not used
   Maximum number of SCF iterations:  250
   Include all virtuals in output
   Mulliken populations computed by atom and basis function
  
 Non-default print settings:
      5=  2  18=  2  90=  2 102=  8 175=  2
  
 Temporary integer options set:
    322=322 377=377 378= 10
  
 Temporary real options set:
    377=    5.0000E+00
  
  keycut settings 
    Aij.......  1.000E-08    unused....  1.000E-10
    getco.....  1.000E-07    fnucut....  8.300E-07
    gmax......  1.000E-09    RwR zero..  1.000E-04
    setf cut..  1.000E-06    novoro....  1.000E-16
    spd exp...  1.000E-12    smin updat  1.000E-02
    unitvec...  1.000E-09    grid/novo.  3.000E-08
    boys loco.  1.000E-10    qdrat.....  1.000E-09
    qjrat.....  1.000E-06    rdat/qdat.  1.000E-08
    qex/rexat.  1.000E-07    D matrix..  1.000E-08
    rwr svd...  1.000E-14    smin full.  5.000E-05
    bc pair 1.  1.000E-04    ab dist k.  8.000E+00
    Q I/O.....  1.000E-06    bc pair 2.  1.000E-04
    cucon.....  1.000E-08    lanczos...  1.000E-08
    max rad sh  1.000E-06    epsaabc...  1.000E-06
    mp2 A.....  1.000E-09    mp2 B.....  1.000E-09
    mp2 C.....  1.000E-09    mp2 D.....  1.000E-09
    unused....  1.000E-10    unused....  1.000E-10
    unused....  1.000E-10    abab anl..  1.000E-09
  
  
   Option used for variable vshift and
   tighter control of linear dependencies in the basis set. 
   *** In comparing relative energies 
   make sure to have this option on in comparable runs *** 
  
   Fixing number of canonical orbitals to remain constant.
  
 
  dynamic memory statistics:    current    maximum
  --------------------------    -------    -------
  number of arrays                    0         21
  size in 8 byte words                0      47604
  size in bytes                       0     380832
  using real*8, integer*4, and character*1
  end of program pre
   
   
  start of program onee
   
  olap      
   
             1              2              3              4              5
   1    1.000000E+00
   2    2.190588E-01   1.000000E+00
   3    0.000000E+00   0.000000E+00   1.000000E+00
   4    0.000000E+00   0.000000E+00   0.000000E+00   1.000000E+00
   5    0.000000E+00   0.000000E+00   0.000000E+00   0.000000E+00   1.000000E+00
   6    1.842611E-01   8.122732E-01   0.000000E+00   0.000000E+00   0.000000E+00
   7    0.000000E+00   0.000000E+00   5.697543E-01   0.000000E+00   0.000000E+00
   8    0.000000E+00   0.000000E+00   0.000000E+00   5.697543E-01   0.000000E+00
   9    0.000000E+00   0.000000E+00   0.000000E+00   0.000000E+00   5.697543E-01
  10    7.910270E-02   7.102351E-01   0.000000E+00   0.000000E+00   0.000000E+00
  11    7.910270E-02   7.102351E-01   0.000000E+00   0.000000E+00   0.000000E+00
  12    7.910270E-02   7.102351E-01   0.000000E+00   0.000000E+00   0.000000E+00
  13    0.000000E+00   0.000000E+00   0.000000E+00   0.000000E+00   0.000000E+00
  14    0.000000E+00   0.000000E+00   0.000000E+00   0.000000E+00   0.000000E+00
  15    0.000000E+00   0.000000E+00   0.000000E+00   0.000000E+00   0.000000E+00
  16    1.878356E-06   1.468279E-02   2.025247E-03  -1.015813E-06   3.339467E-02
  17    1.468279E-02   1.750646E-01   1.519069E-02  -7.619270E-06   2.504821E-01
  18   -2.025247E-03  -1.519069E-02   9.570363E-02   7.502054E-07  -2.466286E-02
  19    1.015813E-06   7.619270E-06   7.502054E-07   9.719933E-02   1.237027E-05
  20   -3.339467E-02  -2.504821E-01  -2.466286E-02   1.237027E-05  -3.094711E-01
  21    5.850996E-02   3.336822E-01   1.483593E-02  -7.441328E-06   2.446323E-01
  22   -7.448988E-03  -3.302470E-02   2.231721E-01   7.670494E-07  -2.521661E-02
  23    3.736225E-06   1.656436E-05   7.670494E-07   2.247014E-01   1.264802E-05
  24   -1.228277E-01  -5.445502E-01  -2.521661E-02   1.264802E-05  -1.910998E-01
  25    9.114786E-04   7.773181E-02  -3.400251E-03  -3.759461E-06   1.235916E-01
  26    7.730326E-04   7.692054E-02   7.396880E-03   1.754852E-06   1.219685E-01
  27    3.841556E-02   2.974984E-01   3.416043E-02  -1.713401E-05   3.836185E-01
  28   -1.202754E-07  -7.047907E-07   4.647263E-06  -9.435836E-03  -1.410071E-06
  29    3.954033E-03   2.316986E-02  -1.527779E-01  -1.410071E-06   3.691999E-02
  30   -1.983244E-06  -1.162142E-05  -1.410071E-06  -1.555892E-01  -1.851814E-05
  31    0.000000E+00   1.746745E-05   3.648861E-05  -6.242900E-10   5.659733E-05
  32    1.746745E-05   4.159807E-03   5.039751E-03  -8.622599E-08   7.817137E-03
  33   -3.648861E-05  -5.039751E-03  -4.393285E-03   1.063133E-07  -9.638230E-03
  34    6.242900E-10   8.622599E-08   1.063133E-07   1.820534E-03   1.649022E-07
  35   -5.659733E-05  -7.817137E-03  -9.638230E-03   1.649022E-07  -1.312928E-02
  36    5.962470E-03   5.614873E-02   3.635051E-02  -6.219272E-07   5.638312E-02
  37   -1.174406E-02  -8.659541E-02  -2.208799E-02   9.862895E-07  -8.941574E-02
  38    2.009311E-07   1.481576E-06   9.862895E-07   3.555883E-02   1.529830E-06
  39   -1.821615E-02  -1.343178E-01  -8.941574E-02   1.529830E-06  -1.031335E-01
  40    3.092141E-06   3.065821E-03   2.793556E-03  -7.518364E-08   6.816051E-03
  41    8.874962E-08   8.232999E-04   1.173062E-03   7.318074E-09   1.819531E-03
  42    7.314602E-06   6.218578E-03   8.923143E-03  -1.526676E-07   1.135767E-02
  43   -8.900237E-11  -6.645480E-08  -7.174054E-08  -1.386325E-03  -1.480667E-07
  44    8.068840E-06   6.024706E-03   6.503905E-03  -1.480667E-07   1.203721E-02
  45   -1.380512E-10  -1.030778E-07  -1.480667E-07  -2.150322E-03  -2.059467E-07
  46    0.000000E+00   4.041381E-07   1.603460E-06   6.714951E-11   8.390552E-07
  47    4.041381E-07   4.868039E-04   1.120111E-03   4.690789E-08   5.861295E-04
  48   -1.603460E-06  -1.120111E-03  -2.382974E-03  -1.085171E-07  -1.355956E-03
  49   -6.714951E-11  -4.690789E-08  -1.085171E-07   2.082990E-04  -5.678460E-08
  50   -8.390552E-07  -5.861295E-04  -1.355956E-03  -5.678460E-08  -5.012432E-04
  51    1.649265E-03   2.049528E-02   2.479590E-02   1.038400E-06   1.297515E-02
  52   -6.225777E-03  -6.075652E-02  -6.253196E-02  -3.148502E-06  -3.934156E-02
  53   -2.607224E-07  -2.544355E-06  -3.148502E-06   1.265094E-02  -1.647542E-06
  54   -3.257812E-03  -3.179255E-02  -3.934156E-02  -1.647542E-06  -7.935634E-03
  55    0.000000E+00   7.012622E-04   1.679196E-03   8.020725E-08   1.002216E-03
  56    0.000000E+00   6.356893E-05   1.734225E-04  -2.623486E-09   9.074821E-05
  57    0.000000E+00   2.381820E-04   6.503736E-04   2.723628E-08   2.167967E-04
  58    0.000000E+00   4.625485E-08   1.177823E-07  -2.044414E-04   6.611299E-08
  59    0.000000E+00   5.779696E-04   1.471729E-03   6.611299E-08   6.216620E-04
  60    0.000000E+00   2.420415E-08   6.611299E-08  -1.069797E-04   2.603390E-08
  61    0.000000E+00   1.596685E-05   6.178397E-05   2.559075E-09  -2.056684E-06
  62    1.596685E-05   3.952506E-03   8.868548E-03   3.673328E-07  -2.952190E-04
  63   -6.178397E-05  -8.868548E-03  -1.851300E-02  -8.383863E-07   6.737965E-04
  64   -2.559075E-09  -3.673328E-07  -8.383863E-07   1.728237E-03   2.790847E-08
  65    2.056684E-06   2.952190E-04   6.737965E-04   2.790847E-08   1.705807E-03
  66    5.782216E-03   5.481516E-02   6.570335E-02   2.721415E-06  -2.187154E-03
  67   -2.110049E-02  -1.566375E-01  -1.583422E-01  -7.995370E-06   6.425740E-03
  68   -8.739765E-07  -6.487882E-06  -7.995370E-06   3.469075E-02   2.661524E-07
  69    7.023998E-04   5.214198E-03   6.425740E-03   2.661524E-07   3.447685E-02
  70    9.198777E-06   8.016162E-03   1.851946E-02   8.826038E-07  -7.093334E-04
  71    7.861720E-08   7.744595E-04   2.044285E-03  -3.085930E-08  -6.805079E-05
  72    8.872334E-08   7.824841E-04   2.065632E-03   8.555790E-08   2.409047E-05
  73    6.542900E-10   5.195274E-07   1.282001E-06  -2.415625E-03  -4.600630E-08
  74   -5.258416E-07  -4.175352E-04  -1.030322E-03  -4.600630E-08  -2.378650E-03
  75   -2.178021E-11  -1.729419E-08  -4.600630E-08   8.041208E-05  -9.852304E-08
  76    3.326367E-05   6.870749E-03  -5.682115E-03  -6.852819E-07   1.383844E-02
  77    1.326853E-02   1.037000E-01  -4.123934E-02  -4.973601E-06   1.004358E-01
  78    9.154279E-07   2.576591E-03  -1.111742E-03  -3.112838E-07   6.285998E-03
  79    1.104037E-10   3.107455E-07  -3.112838E-07   1.469313E-03   7.581123E-07
  80   -2.229468E-06  -6.275127E-03   6.285998E-03   7.581123E-07  -1.383984E-02
  81    0.000000E+00   4.614680E-06   6.123537E-06  -4.852429E-10   1.416566E-05
  82    2.794215E-04   4.874606E-03   2.974985E-03  -2.357445E-07   6.882071E-03
  83    0.000000E+00  -5.064543E-07  -6.570582E-07   6.591862E-11  -1.924357E-06
  84    0.000000E+00   4.013258E-11   6.591862E-11   1.748038E-07   1.524904E-10
  85    0.000000E+00  -1.171587E-06  -1.924357E-06   1.524904E-10  -4.276835E-06
  86    0.000000E+00   4.446839E-06   1.459660E-05   5.496240E-10  -2.960487E-06
  87    2.740027E-04   4.799321E-03   7.243555E-03   2.727507E-07  -1.469141E-03
  88    0.000000E+00  -1.196639E-06  -4.695017E-06  -1.830744E-10   9.861098E-07
  89    0.000000E+00  -4.505856E-11  -1.830744E-10   1.669684E-07   3.713123E-11
  90    0.000000E+00   2.427028E-07   9.861098E-07   3.713123E-11  -3.303476E-08
  91    0.000000E+00   0.000000E+00   0.000000E+00   0.000000E+00   0.000000E+00
  92    0.000000E+00   1.750045E-08   6.028929E-08   2.192233E-12   3.271601E-08
  93    0.000000E+00  -6.028929E-08  -2.002824E-07  -7.552273E-12  -1.127071E-07
  94    0.000000E+00  -2.192233E-12  -7.552273E-12   7.415075E-09  -4.098244E-12
  95    0.000000E+00  -3.271601E-08  -1.127071E-07  -4.098244E-12  -5.374549E-08
  96    3.677489E-06   1.658238E-04   2.814740E-04   1.023493E-08   1.527420E-04
  97   -2.083009E-05  -7.436433E-04  -1.177253E-03  -4.628052E-08  -6.906721E-04
  98   -7.574214E-10  -2.704028E-08  -4.628052E-08   9.552195E-05  -2.511414E-08
  99   -1.130346E-05  -4.035383E-04  -6.906721E-04  -2.511414E-08  -2.792715E-04
 100    0.000000E+00   0.000000E+00   0.000000E+00   0.000000E+00   0.000000E+00
 101    0.000000E+00   0.000000E+00   0.000000E+00   0.000000E+00   0.000000E+00
 102    0.000000E+00   0.000000E+00   0.000000E+00   0.000000E+00   0.000000E+00
 103    0.000000E+00   0.000000E+00   0.000000E+00   0.000000E+00   0.000000E+00
 104    0.000000E+00   0.000000E+00   0.000000E+00   0.000000E+00   0.000000E+00
 105    0.000000E+00   0.000000E+00   0.000000E+00   0.000000E+00   0.000000E+00
 106    0.000000E+00   0.000000E+00   0.000000E+00   0.000000E+00   0.000000E+00
 107    0.000000E+00   0.000000E+00   0.000000E+00   0.000000E+00   0.000000E+00
 108    0.000000E+00   0.000000E+00   0.000000E+00   0.000000E+00   0.000000E+00
 109    0.000000E+00   0.000000E+00   0.000000E+00   0.000000E+00   0.000000E+00
 110    0.000000E+00   0.000000E+00   0.000000E+00   0.000000E+00   0.000000E+00
 111    1.309720E-08   2.500619E-06   5.498576E-06   1.061849E-11   1.698582E-06
 112   -9.723419E-08  -1.491054E-05  -3.148786E-05  -6.352303E-11  -1.016144E-05
 113   -1.877723E-13  -2.879425E-11  -6.352303E-11   1.406298E-06  -1.962310E-11
 114   -3.003692E-08  -4.606061E-06  -1.016144E-05  -1.962310E-11  -1.732703E-06
 115    0.000000E+00   0.000000E+00   0.000000E+00   0.000000E+00   0.000000E+00
 116    0.000000E+00   0.000000E+00   0.000000E+00   0.000000E+00   0.000000E+00
 117    0.000000E+00   0.000000E+00   0.000000E+00   0.000000E+00   0.000000E+00
 118    0.000000E+00   0.000000E+00   0.000000E+00   0.000000E+00   0.000000E+00
 119    0.000000E+00   0.000000E+00   0.000000E+00   0.000000E+00   0.000000E+00
 120    0.000000E+00   0.000000E+00   0.000000E+00   0.000000E+00   0.000000E+00
 121    0.000000E+00   0.000000E+00   0.000000E+00   0.000000E+00   0.000000E+00
 122    2.601424E-08   3.944997E-06   8.746371E-06  -2.345459E-10   8.165042E-07
 123    0.000000E+00   0.000000E+00   0.000000E+00   0.000000E+00   0.000000E+00
 124    0.000000E+00   0.000000E+00   0.000000E+00   0.000000E+00   0.000000E+00
 125    0.000000E+00   0.000000E+00   0.000000E+00   0.000000E+00   0.000000E+00
 126    0.000000E+00   0.000000E+00   0.000000E+00   0.000000E+00   0.000000E+00
 127    3.895862E-07   2.582594E-05   4.067182E-05   2.654165E-09   3.470188E-05
 128    0.000000E+00   0.000000E+00   0.000000E+00   0.000000E+00   0.000000E+00
 129    0.000000E+00   0.000000E+00   0.000000E+00   0.000000E+00   0.000000E+00
 130    0.000000E+00   0.000000E+00   0.000000E+00   0.000000E+00   0.000000E+00
 131    0.000000E+00   0.000000E+00   0.000000E+00   0.000000E+00   0.000000E+00
 132    0.000000E+00   1.902926E-08   4.659949E-08   2.533260E-13   1.745188E-08
 133    0.000000E+00   0.000000E+00   0.000000E+00   0.000000E+00   0.000000E+00
 134    0.000000E+00   0.000000E+00   0.000000E+00   0.000000E+00   0.000000E+00
 135    0.000000E+00   0.000000E+00   0.000000E+00   0.000000E+00   0.000000E+00
 136    6.527727E-07   1.063252E-02  -2.185666E-02   2.809063E-07  -1.269805E-02
 137    1.063252E-02   1.474051E-01  -1.889823E-01   2.428840E-06  -1.097929E-01
 138    2.185666E-02   1.889823E-01  -1.921202E-01   3.493857E-06  -1.579358E-01
 139   -2.809063E-07  -2.428840E-06   3.493857E-06   7.972851E-02   2.029824E-06
 140    1.269805E-02   1.097929E-01  -1.579358E-01   2.029824E-06  -1.202740E-02
 141    5.248485E-02   3.066450E-01  -2.030537E-01   2.609689E-06  -1.179680E-01
 142    9.985934E-02   4.537431E-01  -1.069280E-01   4.018962E-06  -1.816726E-01
 143   -1.283413E-06  -5.831601E-06   4.018962E-06   2.057779E-01   2.334895E-06
 144    5.801524E-02   2.636109E-01  -1.816726E-01   2.334895E-06   1.002317E-01
 145    2.018182E-02   2.102053E-01  -2.173622E-01   4.452415E-06  -2.012664E-01
 146    5.003326E-04   6.206872E-02  -8.860904E-02  -5.200079E-07  -5.147915E-02
 147    7.143338E-03   1.120686E-01  -1.756308E-01   2.257244E-06  -2.705065E-02
 148   -4.381233E-07  -3.297622E-06   4.302722E-06   1.117776E-01   3.334365E-06
 149    1.980487E-02   1.490653E-01  -1.944997E-01   3.334365E-06  -3.894861E-02
 150   -2.545363E-07  -1.915818E-06   3.334365E-06   6.493937E-02   5.005756E-07
 151    3.364797E-05   6.913458E-03  -8.078699E-03  -2.377853E-07  -1.269147E-02
 152    1.331197E-02   1.039676E-01  -5.842030E-02  -1.719521E-06  -9.177710E-02
 153    1.315973E-06   3.668262E-03  -3.711260E-03  -1.528155E-07  -8.156320E-03
 154    3.873386E-11   1.079702E-07  -1.528155E-07   1.480609E-03  -2.400700E-07
 155    2.067367E-06   5.762764E-03  -8.156320E-03  -2.400700E-07  -1.133280E-02
 156    0.000000E+00   8.020873E-06  -3.190963E-05   1.086724E-09  -2.977661E-06
 157    8.020873E-06   2.669725E-03  -6.151370E-03   2.094930E-07  -5.740178E-04
 158    3.190963E-05   6.151370E-03  -1.320974E-02   4.893856E-07  -1.340933E-03
 159   -1.086724E-09  -2.094930E-07   4.893856E-07   1.160151E-03   4.566723E-08
 160    2.977661E-06   5.740178E-04  -1.340933E-03   4.566723E-08   1.035021E-03
 161    4.569123E-03   4.558269E-02  -5.596722E-02   1.906037E-06  -5.222606E-03
 162    1.716540E-02   1.341749E-01  -1.404966E-01   5.762261E-06  -1.578879E-02
 163   -5.845905E-07  -4.569503E-06   5.762261E-06   2.870142E-02   5.377079E-07
 164    1.601797E-03   1.252059E-02  -1.578879E-02   5.377079E-07   2.722808E-02
 165    3.810626E-06   5.289398E-03  -1.264595E-02   4.917774E-07  -1.347486E-03
 166    3.103225E-08   4.844592E-04  -1.316013E-03  -1.628415E-08  -1.228043E-04
 167    6.394409E-08   5.262995E-04  -1.430295E-03   4.871058E-08   3.395485E-05
 168   -2.229479E-10  -2.834302E-07   7.212389E-07   1.553794E-03   7.224065E-08
 169    6.108847E-07   7.766082E-04  -1.976218E-03   7.224065E-08   1.355852E-03
 170   -2.080448E-11  -2.644841E-08   7.224065E-08   1.449930E-04  -4.617533E-08
 171    4.163110E-08   1.935401E-04  -5.171225E-04   2.651806E-08   1.585207E-04
 172    2.013526E-03   2.336233E-02  -2.951781E-02   1.513674E-06   9.048499E-03
 173    0.000000E+00   1.035283E-04  -3.235547E-04   1.750470E-08   1.046403E-04
 174    0.000000E+00  -5.308935E-09   1.750470E-08   1.780055E-05  -5.365957E-09
 175    0.000000E+00  -3.173596E-05   1.046403E-04  -5.365957E-09  -1.427628E-05
 176    0.000000E+00   2.524108E-06  -8.362556E-06   2.321931E-10  -2.200600E-06
 177    2.031229E-04   3.783011E-03  -5.740622E-03   1.593930E-07  -1.510640E-03
 178    0.000000E+00   5.991913E-07  -2.374402E-06   6.822714E-11  -6.466197E-07
 179    0.000000E+00  -1.663703E-11   6.822714E-11   8.283344E-08   1.795392E-11
 180    0.000000E+00   1.576767E-07  -6.466197E-07   1.795392E-11  -8.732402E-08
 181    1.822206E-06   1.454732E-02   2.849459E-02   6.998453E-07  -1.701719E-02
 182    1.454732E-02   1.742052E-01   2.146060E-01   5.270860E-06  -1.281643E-01
 183   -2.849459E-02  -2.146060E-01  -2.032436E-01  -7.365473E-06   1.790962E-01
 184   -6.998453E-07  -5.270860E-06  -7.365473E-06   9.664572E-02   4.398717E-06
 185    1.701719E-02   1.281643E-01   1.790962E-01   4.398717E-06  -1.031192E-02
 186    5.832767E-02   3.328738E-01   2.101690E-01   5.161885E-06  -1.255146E-01
 187   -1.054612E-01  -4.678874E-01  -8.353793E-02  -7.556629E-06   1.837443E-01
 188   -2.590195E-06  -1.149161E-05  -7.556629E-06   2.241344E-01   4.512877E-06
 189    6.298227E-02   2.794260E-01   1.837443E-01   4.512877E-06   1.144009E-01
 190    2.832736E-02   2.391427E-01   2.306758E-01   9.440641E-06  -2.295552E-01
 191    7.634304E-04   7.644850E-02   1.043846E-01  -1.211343E-06  -6.233930E-02
 192    1.059430E-02   1.344746E-01   2.042473E-01   5.016444E-06  -3.018417E-02
 193    1.172577E-06   6.921058E-06   8.641790E-06  -1.331125E-01  -7.113413E-06
 194   -2.851197E-02  -1.682900E-01  -2.101307E-01  -7.113413E-06   3.985467E-02
 195   -7.002723E-07  -4.133309E-06  -7.113413E-06   7.949583E-02   9.788563E-07
 196    3.534443E-05   7.099357E-03   8.385953E-03  -2.888929E-08  -1.293306E-02
 197    1.349961E-02   1.051215E-01   5.970498E-02  -2.056814E-07  -9.207876E-02
 198   -1.432107E-06  -3.829720E-03  -3.947691E-03   1.887034E-08   8.447809E-03
 199    4.933556E-12   1.319324E-08   1.887034E-08   1.529969E-03  -2.910238E-08
 200    2.208638E-06   5.906307E-03   8.447809E-03  -2.910238E-08  -1.149849E-02
   
             6              7              8              9             10
   6    1.000000E+00
   7    0.000000E+00   1.000000E+00
   8    0.000000E+00   0.000000E+00   1.000000E+00
   9    0.000000E+00   0.000000E+00   0.000000E+00   1.000000E+00
  10    6.299363E-01   0.000000E+00   0.000000E+00   0.000000E+00   1.000000E+00
  11    6.299363E-01   0.000000E+00   0.000000E+00   0.000000E+00   3.333333E-01
  12    6.299363E-01   0.000000E+00   0.000000E+00   0.000000E+00   3.333333E-01
  13    0.000000E+00   0.000000E+00   0.000000E+00   0.000000E+00   0.000000E+00
  14    0.000000E+00   0.000000E+00   0.000000E+00   0.000000E+00   0.000000E+00
  15    0.000000E+00   0.000000E+00   0.000000E+00   0.000000E+00   0.000000E+00
  16    5.850996E-02   7.448988E-03  -3.736225E-06   1.228277E-01   9.114786E-04
  17    3.336822E-01   3.302470E-02  -1.656436E-05   5.445502E-01   7.773181E-02
  18   -1.483593E-02   2.231721E-01   7.670494E-07  -2.521661E-02   3.400251E-03
  19    7.441328E-06   7.670494E-07   2.247014E-01   1.264802E-05   3.759461E-06
  20   -2.446323E-01  -2.521661E-02   1.264802E-05  -1.910998E-01  -1.235916E-01
  21    5.516657E-01   3.642377E-02  -1.826925E-05   6.005982E-01   2.362048E-01
  22   -3.642377E-02   5.492608E-01   1.206229E-06  -3.965455E-02  -1.491044E-02
  23    1.826925E-05   1.206229E-06   5.516657E-01   1.988972E-05   1.291985E-05
  24   -6.005982E-01  -3.965455E-02   1.988972E-05  -1.022053E-01  -4.247378E-01
  25    2.362048E-01   1.491044E-02  -1.291985E-05   4.247378E-01   5.876670E-02
  26    2.358466E-01   2.571952E-02  -7.459111E-06   4.240938E-01   2.027026E-02
  27    3.332183E-01   3.633808E-02  -1.822627E-05   4.203082E-01   1.341937E-01
  28   -3.111219E-07   4.678249E-06  -9.394763E-03  -5.594520E-07   3.492645E-07
  29    1.022807E-02  -1.537966E-01  -5.594520E-07   8.997117E-03  -1.148200E-02
  30   -5.130145E-06  -5.594520E-07  -1.549120E-01  -4.512728E-06  -6.002199E-06
  31    5.962470E-03   1.174406E-02  -2.009311E-07   1.821615E-02   3.092141E-06
  32    5.614873E-02   8.659541E-02  -1.481576E-06   1.343178E-01   3.065821E-03
  33   -3.635051E-02  -2.208799E-02   9.862895E-07  -8.941574E-02  -2.793556E-03
  34    6.219272E-07   9.862895E-07   3.555883E-02   1.529830E-06   7.518364E-08
  35   -5.638312E-02  -8.941574E-02   1.529830E-06  -1.031335E-01  -6.816051E-03
  36    1.687020E-01   1.724579E-01  -2.950613E-06   2.674987E-01   4.545366E-02
  37   -1.724579E-01  -7.595549E-03   3.016305E-06  -2.734543E-01  -5.301423E-02
  38    2.950613E-06   3.016305E-06   1.687020E-01   4.678578E-06   1.313062E-06
  39   -2.674987E-01  -2.734543E-01   4.678578E-06  -2.554519E-01  -1.190405E-01
  40    4.545366E-02   5.301423E-02  -1.313062E-06   1.190405E-01   1.272557E-03
  41    3.332356E-02   5.626504E-02  -5.566167E-07   8.727247E-02   4.295192E-04
  42    6.250733E-02   1.055403E-01  -1.805707E-06   1.268927E-01   5.550151E-03
  43   -3.594626E-07  -2.552994E-07  -2.055236E-02  -9.414117E-07  -4.188988E-08
  44    3.258842E-02   2.314511E-02  -9.414117E-07   6.479481E-02   3.797683E-03
  45   -5.575610E-07  -9.414117E-07  -3.187867E-02  -1.108586E-06  -9.783058E-08
  46    1.649265E-03   6.225777E-03   2.607224E-07   3.257812E-03   0.000000E+00
  47    2.049528E-02   6.075652E-02   2.544355E-06   3.179255E-02   7.012622E-04
  48   -2.479590E-02  -6.253196E-02  -3.148502E-06  -3.934156E-02  -1.679196E-03
  49   -1.038400E-06  -3.148502E-06   1.265094E-02  -1.647542E-06  -8.020725E-08
  50   -1.297515E-02  -3.934156E-02  -1.647542E-06  -7.935634E-03  -1.002216E-03
  51    8.657332E-02   1.696841E-01   7.106011E-06   8.879194E-02   2.588642E-02
  52   -1.696841E-01  -2.460081E-01  -1.392781E-05  -1.740326E-01  -6.868442E-02
  53   -7.106011E-06  -1.392781E-05   8.657331E-02  -7.288118E-06  -3.509442E-06
  54   -8.879194E-02  -1.740326E-01  -7.288118E-06  -4.494113E-03  -4.385162E-02
  55    2.588642E-02   6.868442E-02   3.509442E-06   4.385162E-02   9.099419E-04
  56    1.107139E-02   3.584126E-02   8.678737E-07   1.875494E-02   5.859938E-05
  57    1.512804E-02   4.897380E-02   2.050920E-06   1.771634E-02   3.508865E-04
  58    1.074603E-06   2.930533E-06  -1.309201E-02   1.820379E-06   6.936801E-08
  59    1.342752E-02   3.661797E-02   1.820379E-06   9.654224E-03   8.667761E-04
  60    5.623162E-07   1.820379E-06  -6.850760E-03   4.042986E-07   4.051564E-08
  61    5.782216E-03   2.110049E-02   8.739765E-07  -7.023998E-04   9.198777E-06
  62    5.481516E-02   1.566375E-01   6.487882E-06  -5.214198E-03   8.016162E-03
  63   -6.570335E-02  -1.583422E-01  -7.995370E-06   6.425740E-03  -1.851946E-02
  64   -2.721415E-06  -7.995370E-06   3.469075E-02   2.661524E-07  -8.826038E-07
  65    2.187154E-03   6.425740E-03   2.661524E-07   3.447685E-02   7.093334E-04
  66    1.660354E-01   3.144666E-01   1.302512E-05  -1.046806E-02   7.301427E-02
  67   -3.144666E-01  -4.295558E-01  -2.466922E-05   1.982623E-02  -1.855785E-01
  68   -1.302512E-05  -2.466922E-05   1.660354E-01   8.211969E-07  -9.460473E-06
  69    1.046806E-02   1.982623E-02   8.211969E-07   1.653755E-01   7.603219E-03
  70    7.301427E-02   1.855785E-01   9.460473E-06  -7.603219E-03   1.727397E-02
  71    3.245809E-02   1.015362E-01   2.431737E-06  -3.379969E-03   1.204398E-03
  72    3.250303E-02   1.016768E-01   4.211424E-06  -1.959025E-03   1.227099E-03
  73    2.909543E-06   7.565494E-06  -3.708889E-02  -3.029804E-07   1.306467E-06
  74   -2.338350E-03  -6.080256E-03  -3.029804E-07  -3.684539E-02  -1.049985E-03
  75   -9.685380E-08  -3.029804E-07   1.234627E-03  -1.526126E-06  -4.892320E-08
  76    6.949210E-02  -7.115604E-02  -8.581656E-06   1.732961E-01   3.255997E-03
  77    2.523850E-01  -1.572516E-01  -1.896507E-05   3.829765E-01   7.467114E-02
  78    2.107758E-02   9.769085E-03  -2.809763E-06   5.673974E-02   3.780307E-04
  79    2.542027E-06  -2.809763E-06   3.306664E-02   6.843002E-06   1.407618E-07
  80   -5.133314E-02   5.673974E-02   6.843002E-06  -1.051195E-01  -2.842513E-03
  81    2.437540E-03   4.084024E-03  -3.236273E-07   9.447624E-03   9.494698E-07
  82    3.261890E-02   3.347881E-02  -2.652937E-06   7.744696E-02   3.199119E-03
  83   -9.208900E-04  -7.997266E-04   1.328689E-07  -3.878831E-03  -3.170493E-08
  84    7.297341E-08   1.328689E-07   8.770165E-04   3.073673E-07   3.563400E-12
  85   -2.130307E-03  -3.878831E-03   3.073673E-07  -8.095932E-03  -1.040260E-07
  86    2.396564E-03   9.932395E-03   3.739969E-07  -2.014492E-03   4.570443E-06
  87    3.228189E-02   8.195946E-02   3.086123E-06  -1.662305E-02   7.352196E-03
  88   -2.236381E-03  -9.211648E-03  -3.792783E-07   2.042940E-03  -5.535208E-07
  89   -8.420925E-08  -3.792783E-07   8.610063E-04   7.692537E-08  -2.200782E-11
  90    4.535836E-04   2.042940E-03   7.692537E-08   4.466565E-04   1.185426E-07
  91    3.677489E-06   2.083009E-05   7.574214E-10   1.130346E-05   0.000000E+00
  92    1.658238E-04   7.436433E-04   2.704028E-08   4.035383E-04   0.000000E+00
  93   -2.814740E-04  -1.177253E-03  -4.628052E-08  -6.906721E-04   0.000000E+00
  94   -1.023493E-08  -4.628052E-08   9.552195E-05  -2.511414E-08   0.000000E+00
  95   -1.527420E-04  -6.906721E-04  -2.511414E-08  -2.792715E-04   0.000000E+00
  96    3.624845E-03   1.068131E-02   3.883926E-07   5.796217E-03   2.359142E-04
  97   -1.068131E-02  -2.784971E-02  -1.144474E-06  -1.707968E-02  -1.027854E-03
  98   -3.883926E-07  -1.144474E-06   3.624845E-03  -6.210495E-07  -4.175032E-08
  99   -5.796217E-03  -1.707968E-02  -6.210495E-07  -5.643450E-03  -6.230651E-04
 100    2.359142E-04   1.027854E-03   4.175032E-08   6.230651E-04   0.000000E+00
 101    5.861918E-05   2.852982E-04   5.998380E-09   1.548172E-04   0.000000E+00
 102    1.108271E-04   5.393931E-04   1.961335E-08   2.274022E-04   0.000000E+00
 103    1.116615E-08   5.055602E-08  -1.042130E-04   2.949056E-08   0.000000E+00
 104    1.666392E-04   7.544780E-04   2.949056E-08   3.358923E-04   0.000000E+00
 105    6.059317E-09   2.949056E-08  -5.655124E-05   1.221368E-08   0.000000E+00
 106    1.309720E-08   9.723419E-08   1.877723E-13   3.003692E-08   0.000000E+00
 107    2.500619E-06   1.491054E-05   2.879425E-11   4.606061E-06   0.000000E+00
 108   -5.498576E-06  -3.148786E-05  -6.352303E-11  -1.016144E-05   0.000000E+00
 109   -1.061849E-11  -6.352303E-11   1.406298E-06  -1.962310E-11   0.000000E+00
 110   -1.698582E-06  -1.016144E-05  -1.962310E-11  -1.732703E-06   0.000000E+00
 111    2.309419E-04   9.029742E-04   1.743764E-09   2.789406E-04   3.927004E-06
 112   -9.029742E-04  -3.299654E-03  -6.818055E-09  -1.090647E-03  -2.366938E-05
 113   -1.743764E-09  -6.818055E-09   2.309419E-04  -2.106187E-09  -4.897458E-11
 114   -2.789406E-04  -1.090647E-03  -2.106187E-09  -1.059735E-04  -7.834199E-06
 115    3.927004E-06   2.366938E-05   4.897458E-11   7.834199E-06   0.000000E+00
 116    6.208554E-07   4.009473E-06   4.477012E-12   1.238579E-06   0.000000E+00
 117    9.363523E-07   6.046947E-06   1.167747E-11   1.345566E-06   0.000000E+00
 118    1.105848E-11   6.858720E-11  -1.464571E-06   2.206118E-11   0.000000E+00
 119    1.768966E-06   1.097152E-05   2.206118E-11   2.064437E-06   0.000000E+00
 120    3.416110E-12   2.206118E-11  -4.524251E-07   3.986706E-12   0.000000E+00
 121    1.102645E-06   7.031314E-06  -1.885543E-10   6.563977E-07   0.000000E+00
 122    2.863730E-04   1.138677E-03  -3.053519E-08   1.062995E-04   6.696298E-06
 123   -8.017547E-07  -5.458369E-06   1.516590E-10  -5.279572E-07   0.000000E+00
 124    2.150015E-11   1.516590E-10   1.970941E-07   1.415790E-11   0.000000E+00
 125   -7.484660E-08  -5.279572E-07   1.415790E-11   1.478075E-07   0.000000E+00
 126    8.358587E-06   3.794641E-05   2.476310E-09   3.237652E-05   0.000000E+00
 127    9.976117E-04   2.789262E-03   1.820219E-07   2.379846E-03   2.934224E-05
 128   -5.160250E-06  -2.379106E-05  -1.670286E-09  -2.183816E-05   0.000000E+00
 129   -3.367481E-10  -1.670286E-09   1.804030E-06  -1.425117E-09   0.000000E+00
 130   -4.402813E-06  -2.183816E-05  -1.425117E-09  -1.682866E-05   0.000000E+00
 131    0.000000E+00   0.000000E+00   0.000000E+00   0.000000E+00   0.000000E+00
 132    8.310299E-06   3.721601E-05   2.023151E-10   1.393769E-05   0.000000E+00
 133    0.000000E+00   0.000000E+00   0.000000E+00   0.000000E+00   0.000000E+00
 134    0.000000E+00   0.000000E+00   0.000000E+00   0.000000E+00   0.000000E+00
 135    0.000000E+00   0.000000E+00   0.000000E+00   0.000000E+00   0.000000E+00
 136    5.248485E-02  -9.985934E-02   1.283413E-06  -5.801524E-02   2.018182E-02
 137    3.066450E-01  -4.537431E-01   5.831601E-06  -2.636109E-01   2.102053E-01
 138    2.030537E-01  -1.069280E-01   4.018962E-06  -1.816726E-01   2.173622E-01
 139   -2.609689E-06   4.018962E-06   2.057779E-01   2.334895E-06  -4.452415E-06
 140    1.179680E-01  -1.816726E-01   2.334895E-06   1.002317E-01   2.012664E-01
 141    5.214339E-01  -5.145307E-01   6.612856E-06  -2.989267E-01   2.877638E-01
 142    5.145307E-01   1.371491E-02   6.525310E-06  -2.949693E-01   3.212824E-01
 143   -6.612856E-06   6.525310E-06   5.214339E-01   3.791007E-06  -6.027680E-06
 144    2.989267E-01  -2.949693E-01   3.791007E-06   3.500657E-01   2.724744E-01
 145    2.877638E-01  -3.212824E-01   6.027680E-06  -2.724744E-01   2.292949E-01
 146    2.148830E-01  -3.502179E-01   2.602583E-06  -2.034660E-01   8.539204E-02
 147    2.394821E-01  -3.903098E-01   5.016343E-06  -1.409390E-01   2.184638E-01
 148   -1.622375E-06   1.000017E-06   1.279268E-01   1.536176E-06  -5.651484E-06
 149    7.333762E-02  -4.520464E-02   1.536176E-06   5.848568E-02   2.554689E-01
 150   -9.425504E-07   1.536176E-06   7.432155E-02  -7.516701E-07  -5.098835E-06
 151    6.969013E-02  -1.008204E-01  -2.967510E-06  -1.583868E-01   5.175200E-03
 152    2.528224E-01  -2.225588E-01  -6.550710E-06  -3.496353E-01   8.348273E-02
 153    2.987119E-02  -1.348036E-02  -1.373041E-06  -7.328419E-02   1.790244E-03
 154    8.792172E-07  -1.373041E-06   3.316837E-02  -2.157019E-06   8.582982E-08
 155    4.692703E-02  -7.328419E-02  -2.157019E-06  -8.195960E-02   4.581051E-03
 156    4.569123E-03  -1.716540E-02   5.845905E-07  -1.601797E-03   3.810626E-06
 157    4.558269E-02  -1.341749E-01   4.569503E-06  -1.252059E-02   5.289398E-03
 158    5.596722E-02  -1.404966E-01   5.762261E-06  -1.578879E-02   1.264595E-02
 159   -1.906037E-06   5.762261E-06   2.870142E-02   5.377079E-07  -4.917774E-07
 160    5.222606E-03  -1.578879E-02   5.377079E-07   2.722808E-02   1.347486E-03
 161    1.469346E-01  -2.865196E-01   9.757803E-06  -2.673670E-02   6.165728E-02
 162    2.865196E-01  -4.117731E-01   1.902753E-05  -5.213606E-02   1.625482E-01
 163   -9.757803E-06   1.902753E-05   1.469346E-01   1.775562E-06  -6.762956E-06
 164    2.673670E-02  -5.213606E-02   1.775562E-06   1.420695E-01   1.853072E-02
 165    6.165728E-02  -1.625482E-01   6.762956E-06  -1.853072E-02   1.094001E-02
 166    2.652513E-02  -8.543031E-02   1.682280E-06  -7.971967E-03   7.129181E-04
 167    2.683105E-02  -8.641561E-02   2.942998E-06  -4.701445E-03   8.248476E-04
 168   -2.072350E-06   5.611728E-06   3.120578E-02   6.228322E-07  -6.785352E-07
 169    5.678306E-03  -1.537632E-02   6.228322E-07   2.949920E-02   1.859209E-03
 170   -1.933822E-07   6.228322E-07   2.911981E-03  -1.004634E-06  -7.075379E-08
 171    1.349855E-02  -4.553482E-02   2.335027E-06   1.395842E-02   2.939951E-04
 172    9.293590E-02  -1.914788E-01   9.819036E-06   5.869662E-02   3.150828E-02
 173    1.184446E-02  -3.767303E-02   2.220029E-06   1.327098E-02   1.102584E-04
 174   -6.073844E-07   2.220029E-06   5.619259E-03  -6.805361E-07  -6.143135E-09
 175   -3.630846E-03   1.327098E-02  -6.805361E-07   1.551123E-03  -3.672267E-05
 176    1.849564E-03  -7.733967E-03   2.147398E-07  -2.035187E-03   2.346223E-06
 177    2.754334E-02  -7.058098E-02   1.959738E-06  -1.857333E-02   5.750756E-03
 178    1.703224E-03  -7.093167E-03   2.149865E-07  -2.037525E-03   0.000000E+00
 179   -4.729139E-08   2.149865E-07   6.496829E-04   5.657352E-08   0.000000E+00
 180    4.482021E-04  -2.037525E-03   5.657352E-08   1.135099E-04   0.000000E+00
 181    5.832767E-02   1.054612E-01   2.590195E-06  -6.298227E-02   2.832736E-02
 182    3.328738E-01   4.678874E-01   1.149161E-05  -2.794260E-01   2.391427E-01
 183   -2.101690E-01  -8.353793E-02  -7.556629E-06   1.837443E-01  -2.306758E-01
 184   -5.161885E-06  -7.556629E-06   2.241344E-01   4.512877E-06  -9.440641E-06
 185    1.255146E-01   1.837443E-01   4.512877E-06   1.144009E-01   2.295552E-01
 186    5.507736E-01   5.164560E-01   1.268449E-05  -3.084315E-01   3.072574E-01
 187   -5.164560E-01   6.649699E-02  -1.189414E-05   2.892138E-01  -3.222137E-01
 188   -1.268449E-05  -1.189414E-05   5.507736E-01   7.103275E-06  -1.168763E-05
 189    3.084315E-01   2.892138E-01   7.103275E-06   3.780529E-01   2.841922E-01
 190    3.072574E-01   3.222137E-01   1.168763E-05  -2.841922E-01   2.373653E-01
 191    2.352171E-01   3.642950E-01   5.173463E-06  -2.175598E-01   1.018752E-01
 192    2.609108E-01   4.040884E-01   9.924670E-06  -1.495610E-01   2.533630E-01
 193    3.064616E-06   1.478103E-06  -1.330688E-01  -2.834562E-06   1.107786E-05
 194   -7.451811E-02  -3.594103E-02  -2.834562E-06  -6.414460E-02  -2.693653E-01
 195   -1.830213E-06  -2.834562E-06   7.946972E-02  -1.575433E-06  -1.079077E-05
 196    7.054447E-02   1.031235E-01  -3.552566E-07  -1.590401E-01   5.426289E-03
 197    2.547038E-01   2.265522E-01  -7.804639E-07  -3.493955E-01   8.486191E-02
 198   -3.058218E-02  -1.464938E-02   1.662432E-07   7.442318E-02  -1.941164E-03
 199    1.053544E-07   1.662432E-07   3.360750E-02  -2.563851E-07   1.077266E-08
 200    4.716473E-02   7.442318E-02  -2.563851E-07  -8.117010E-02   4.822669E-03
   
            11             12             13             14             15
  11    1.000000E+00
  12    3.333333E-01   1.000000E+00
