                           Running on host osmium

          ******************************************************
          *      Firefly version 8.1.1, build number 9295      *
          *   Compiled on    Monday,    31-08-2015, 21:16:10   *
          *Code development and Intel/AMD specific optimization*
          *  Copyright (c) 1994, 2015 by  Alex A. Granovsky,   *
          *          Firefly Project, Moscow, Russia.          *
          *   Some parts of this program include code due to   *
          * work of Jim Kress, Peter Burger, and Robert Ponec. *
          ******************************************************
          *             Firefly Project homepage:              *
          * http://classic.chem.msu.su/gran/firefly/index.html *
          *                      e-mail:                       *
          *               gran@classic.chem.msu.su             *
          *This program is not a free software and is provided *
          *exclusively to its registered users under the terms *
          *       of Firefly package license agreement         *
          * Unauthorized use of Firefly is strongly prohibited *
          *   This program may not be redistributed without    *
          * the specific, written permission of its developers.*
          ******************************************************

          ******************************************************
          *  PARTIALLY BASED ON  US GAMESS VERSION 6 JUN 1999, *
          *   US GAMESS VERSIONS  6 SEP 2001 AND 12 DEC 2003   *
          *             FROM IOWA STATE UNIVERSITY             *
          * M.W.SCHMIDT, K.K.BALDRIDGE, J.A.BOATZ, S.T.ELBERT, *
          *   M.S.GORDON, J.H.JENSEN, S.KOSEKI, N.MATSUNAGA,   *
          *          K.A.NGUYEN, S.J.SU, T.L.WINDUS,           *
          *       TOGETHER WITH M.DUPUIS, J.A.MONTGOMERY       *
          *         J.COMPUT.CHEM.  14, 1347-1363(1993)        *
          ******************************************************


 AMD Phenom / Linux  Firefly version running under Linux.
 Running on AMD CPU  :  CPU Generation 15, Family 23, Model   8, Stepping  2
 CPU Brand String    :  AMD Ryzen Threadripper 2950X 16-Core Processor  
 CPU Features        :  x87 FPU, CMOV, MMX, SSE, SSE2, SSE3, SSSE3, SSE4.1, SSE4.2, SSE4A, MASSE, AVX, AVX2, FMA3, MWAIT, AMD64
 Data cache size     :  L1 32 KB, L2  512 KB, L3 32768 KB
 max    # of   cores/package :  32
 Operating System successfully passed SSE support test.
 Operating System supports AVX/FMA.


 PARALLEL VERSION (MPICH) RUNNING IN SERIAL MODE USING SINGLE PROCESS


 WARNING! THIS VERSION OF FIREFLY IS PROBABLY OUTDATED!
 PLEASE CHECK FIREFLY HOMEPAGE FOR INFORMATION ON UPDATES!

 EXECUTION OF FIREFLY BEGUN 23:23:17 13-MAY-2019    

            ECHO OF THE FIRST FEW INPUT CARDS -
 INPUT CARD> $CONTRL RUNTYP=ENERGY SCFTYP=RHF DFTTYP=BP86 NPRINT=3 DFTD=.T. $END            
 INPUT CARD> $BASIS  GBASIS=STO NGAUSS=3 $END                                               
 INPUT CARD> $GUESS  GUESS=HUCKEL $END                                                      
 INPUT CARD> $DFTD VERSN=3 $END                                                             
 INPUT CARD> $DATA                                                                          
 INPUT CARD>divinylbenzene                                                                  
 INPUT CARD>c1                                                                              
 INPUT CARD> C 6.0 0.27867948 -1.36683162 0.00000000                                        
 INPUT CARD> C 6.0 1.32303041 -0.44173575 0.00000000                                        
 INPUT CARD> C 6.0 1.04434506 0.92484978 0.00000000                                         
 INPUT CARD> C 6.0 -0.27867948 1.36683162 0.00000000                                        
 INPUT CARD> C 6.0 -1.32303041 0.44173575 0.00000000                                        
 INPUT CARD> C 6.0 -1.04434506 -0.92484978 0.00000000                                       
 INPUT CARD> H 1.0 2.36595443 -0.79037726 0.00000000                                        
 INPUT CARD> H 1.0 1.86746094 1.65407997 0.00000000                                         
 INPUT CARD> H 1.0 -2.36595443 0.79037726 0.00000000                                        
 INPUT CARD> H 1.0 -1.86746094 -1.65407997 0.00000000                                       
 INPUT CARD> C 6.0 -0.58659169 2.87589931 0.00000000                                        
 INPUT CARD> C 6.0 0.36350188 3.80076420 0.00000000                                         
 INPUT CARD> H 1.0 -1.65647768 3.12394312 0.00000000                                        
 INPUT CARD> H 1.0 0.14429560 4.87693235 0.00000000                                         
 INPUT CARD> H 1.0 1.43338788 3.55272039 0.00000000                                         
 INPUT CARD> C 6.0 0.58659169 -2.87589931 0.00000000                                        
 INPUT CARD> C 6.0 -0.36350188 -3.80076420 0.00000000                                       
 INPUT CARD> H 1.0 1.65647768 -3.12394312 0.00000000                                        
 INPUT CARD> H 1.0 -0.14429560 -4.87693235 0.00000000                                       
 INPUT CARD> H 1.0 -1.43338788 -3.55272039 0.00000000                                       
 INPUT CARD> $END                                                                           
   20000000 WORDS OF MEMORY AVAILABLE

 This job is executing on     1 unique host(s)
 Minimum number of processes per host is:    1
 Maximum number of processes per host is:    1

 On master's host, detected   32 CPU core(s) in aggregate

 Creating thread pool to serve up to            128 threads.

 Activating Call64 option.

 Using 64-bit DGEMM by default.

     BASIS OPTIONS
     -------------
     GBASIS=STO          IGAUSS=       3      POLAR=NONE    
     NDFUNC=       0     NFFUNC=       0     DIFFSP=       F
     NPFUNC=       0      DIFFS=       F


     RUN TITLE
     ---------
 divinylbenzene                                                                  

 THE POINT GROUP OF THE MOLECULE IS C1      
 THE ORDER OF THE PRINCIPAL AXIS IS     0

 ATOM      ATOMIC                      COORDINATES (BOHR)
           CHARGE         X                   Y                   Z
 C           6.0     0.5266278556       -2.5829372332        0.0000000000
 C           6.0     2.5001649483       -0.8347595265        0.0000000000
 C           6.0     1.9735260000        1.7477126640        0.0000000000
 C           6.0    -0.5266278556        2.5829372332        0.0000000000
 C           6.0    -2.5001649483        0.8347595265        0.0000000000
 C           6.0    -1.9735260000       -1.7477126640        0.0000000000
 H           1.0     4.4710055721       -1.4935964483        0.0000000000
 H           1.0     3.5289894694        3.1257579051        0.0000000000
 H           1.0    -4.4710055721        1.4935964483        0.0000000000
 H           1.0    -3.5289894694       -3.1257579051        0.0000000000
 C           6.0    -1.1084975608        5.4346616642        0.0000000000
 C           6.0     0.6869189492        7.1824028819        0.0000000000
 H           1.0    -3.1302889200        5.9033964980        0.0000000000
 H           1.0     0.2726791452        9.2160658022        0.0000000000
 H           1.0     2.7087103273        6.7136680481        0.0000000000
 C           6.0     1.1084975608       -5.4346616642        0.0000000000
 C           6.0    -0.6869189492       -7.1824028819        0.0000000000
 H           1.0     3.1302889200       -5.9033964980        0.0000000000
 H           1.0    -0.2726791452       -9.2160658022        0.0000000000
 H           1.0    -2.7087103273       -6.7136680481        0.0000000000

          INTERNUCLEAR DISTANCES (ANGS.)
          ------------------------------

                    C              C              C              C         

  1  C               0.0000000      1.3951599 *    2.4162052 *    2.7899039 *  
  2  C               1.3951599 *    0.0000000      1.3947120 *    2.4158623 *  
  3  C               2.4162052 *    1.3947120 *    0.0000000      1.3948985 *  
  4  C               2.7899039 *    2.4158623 *    1.3948985 *    0.0000000    
  5  C               2.4158623 *    2.7896523 *    2.4161676 *    1.3951599 *  
  6  C               1.3948985 *    2.4161676 *    2.7899847 *    2.4162052 *  
  7  H               2.1654137 *    1.0996551 *    2.1653303 *    3.4128637    
  8  H               3.4132292      2.1653748 *    1.0996801 *    2.1652783 *  
  9  H               3.4128637      3.8893073      3.4129497      2.1654137 *  
 10  H               2.1652783 *    3.4130651      3.8896649      3.4132292    
 11  C               4.3300647      3.8279706      2.5429410 *    1.5401608 *  
 12  C               5.1682919      4.3496553      2.9554071 *    2.5172256 *  
 13  H               4.8899786      4.6466692      3.4828803      2.2328835 *  
 14  H               6.2452100      5.4477193      4.0532759      3.5354936    
 15  H               5.0532508      3.9959803      2.6565124 *    2.7765598 *  
 16  C               1.5401608 *    2.5431269 *    3.8282152      4.3300647    
 17  C               2.5172256 *    3.7586518      4.9308681      5.1682919    
 18  H               2.2328835 *    2.7028547 *    4.0948053      4.8899786    
 19  H               3.5354936      4.6716180      5.9222920      6.2452100    
 20  H               2.7765598 *    4.1564489      5.1174012      5.0532508    

                    C              C              H              H         

  1  C               2.4158623 *    1.3948985 *    2.1654137 *    3.4132292    
  2  C               2.7896523 *    2.4161676 *    1.0996551 *    2.1653748 *  
  3  C               2.4161676 *    2.7899847 *    2.1653303 *    1.0996801 *  
  4  C               1.3951599 *    2.4162052 *    3.4128637      2.1652783 *  
  5  C               0.0000000      1.3947120 *    3.8893073      3.4130651    
  6  C               1.3947120 *    0.0000000      3.4129497      3.8896649    
  7  H               3.8893073      3.4129497      0.0000000      2.4947679 *  
  8  H               3.4130651      3.8896649      2.4947679 *    0.0000000    
  9  H               1.0996551 *    2.1653303 *    4.9889624      4.3206236    
 10  H               2.1653748 *    1.0996801 *    4.3206236      4.9893450    
 11  C               2.5431269 *    3.8282152      4.7073466      2.7413896 *  
 12  C               3.7586518      4.9308681      5.0088318      2.6210963 *  
 13  H               2.7028547 *    4.0948053      5.6126521      3.8181987    
 14  H               4.6716180      5.9222920      6.0872133      3.6545966    
 15  H               4.1564489      5.1174012      4.4420916      1.9476280 *  
 16  C               3.8279706      2.5429410 *    2.7414474 *    4.7075831    
 17  C               4.3496553      2.9554071 *    4.0635405      5.8934302    
 18  H               4.6466692      3.4828803      2.4390340 *    4.7826790    
 19  H               5.4477193      4.0532759      4.7959658      6.8338339    
 20  H               3.9959803      2.6565124 *    4.6973973      6.1649309    

                    H              H              C              C         

  1  C               3.4128637      2.1652783 *    4.3300647      5.1682919    
  2  C               3.8893073      3.4130651      3.8279706      4.3496553    
  3  C               3.4129497      3.8896649      2.5429410 *    2.9554071 *  
  4  C               2.1654137 *    3.4132292      1.5401608 *    2.5172256 *  
  5  C               1.0996551 *    2.1653748 *    2.5431269 *    3.7586518    
  6  C               2.1653303 *    1.0996801 *    3.8282152      4.9308681    
  7  H               4.9889624      4.3206236      4.7073466      5.0088318    
  8  H               4.3206236      4.9893450      2.7413896 *    2.6210963 *  
  9  H               0.0000000      2.4947679 *    2.7414474 *    4.0635405    
 10  H               2.4947679 *    0.0000000      4.7075831      5.8934302    
 11  C               2.7414474 *    4.7075831      0.0000000      1.3259159 *  
 12  C               4.0635405      5.8934302      1.3259159 *    0.0000000    
 13  H               2.4390340 *    4.7826790      1.0982631 *    2.1303531 *  
 14  H               4.7959658      6.8338339      2.1303355 *    1.0982665 *  
 15  H               4.6973973      6.1649309      2.1303531 *    1.0982631 *  
 16  C               4.7073466      2.7413896 *    5.8702254      6.6803896    
 17  C               5.0088318      2.6210963 *    6.6803896      7.6362143    
 18  H               5.6126521      3.8181987      6.4054250      7.0443848    
 19  H               6.0872133      3.6545966      7.7654378      8.6925414    
 20  H               4.4420916      1.9476280 *    6.4841511      7.5698447    

                    H              H              H              C         

  1  C               4.8899786      6.2452100      5.0532508      1.5401608 *  
  2  C               4.6466692      5.4477193      3.9959803      2.5431269 *  
  3  C               3.4828803      4.0532759      2.6565124 *    3.8282152    
  4  C               2.2328835 *    3.5354936      2.7765598 *    4.3300647    
  5  C               2.7028547 *    4.6716180      4.1564489      3.8279706    
  6  C               4.0948053      5.9222920      5.1174012      2.5429410 *  
  7  H               5.6126521      6.0872133      4.4420916      2.7414474 *  
  8  H               3.8181987      3.6545966      1.9476280 *    4.7075831    
  9  H               2.4390340 *    4.7959658      4.6973973      4.7073466    
 10  H               4.7826790      6.8338339      6.1649309      2.7413896 *  
 11  C               1.0982631 *    2.1303355 *    2.1303531 *    5.8702254    
 12  C               2.1303531 *    1.0982665 *    1.0982631 *    6.6803896    
 13  H               0.0000000      2.5131167 *    3.1194742      6.4054250    
 14  H               2.5131167 *    0.0000000      1.8480520 *    7.7654378    
 15  H               3.1194742      1.8480520 *    0.0000000      6.4841511    
 16  C               6.4054250      7.7654378      6.4841511      0.0000000    
 17  C               7.0443848      8.6925414      7.5698447      1.3259159 *  
 18  H               7.0718990      8.1425244      6.6803896      1.0982631 *  
 19  H               8.1425244      9.7581331      8.5760207      2.1303355 *  
 20  H               6.6803896      8.5760207      7.6619640      2.1303531 *  

                    C              H              H              H         

  1  C               2.5172256 *    2.2328835 *    3.5354936      2.7765598 *  
  2  C               3.7586518      2.7028547 *    4.6716180      4.1564489    
  3  C               4.9308681      4.0948053      5.9222920      5.1174012    
  4  C               5.1682919      4.8899786      6.2452100      5.0532508    
  5  C               4.3496553      4.6466692      5.4477193      3.9959803    
  6  C               2.9554071 *    3.4828803      4.0532759      2.6565124 *  
  7  H               4.0635405      2.4390340 *    4.7959658      4.6973973    
  8  H               5.8934302      4.7826790      6.8338339      6.1649309    
  9  H               5.0088318      5.6126521      6.0872133      4.4420916    
 10  H               2.6210963 *    3.8181987      3.6545966      1.9476280 *  
 11  C               6.6803896      6.4054250      7.7654378      6.4841511    
 12  C               7.6362143      7.0443848      8.6925414      7.5698447    
 13  H               7.0443848      7.0718990      8.1425244      6.6803896    
 14  H               8.6925414      8.1425244      9.7581331      8.5760207    
 15  H               7.5698447      6.6803896      8.5760207      7.6619640    
 16  C               1.3259159 *    1.0982631 *    2.1303355 *    2.1303531 *  
 17  C               0.0000000      2.1303531 *    1.0982665 *    1.0982631 *  
 18  H               2.1303531 *    0.0000000      2.5131167 *    3.1194742    
 19  H               1.0982665 *    2.5131167 *    0.0000000      1.8480520 *  
 20  H               1.0982631 *    3.1194742      1.8480520 *    0.0000000    

  * ... LESS THAN  3.000


     ATOMIC BASIS SET
     ----------------
 THE CONTRACTED PRIMITIVE FUNCTIONS HAVE BEEN UNNORMALIZED
 THE CONTRACTED BASIS FUNCTIONS ARE NOW NORMALIZED TO UNITY

 SHELL TYPE PRIM    EXPONENT          CONTRACTION COEFFICIENTS

 C         

   1   S    1      71.616837    2.707814 (  0.154329) 
   1   S    2      13.045096    2.618880 (  0.535328) 
   1   S    3       3.530512    0.816191 (  0.444635) 

   2   L    4       2.941249   -0.160017 ( -0.099967)     0.856045 (  0.155916) 
   2   L    5       0.683483    0.214036 (  0.399513)     0.538304 (  0.607684) 
   2   L    6       0.222290    0.161536 (  0.700115)     0.085276 (  0.391957) 

 C         

   3   S    7      71.616837    2.707814 (  0.154329) 
   3   S    8      13.045096    2.618880 (  0.535328) 
   3   S    9       3.530512    0.816191 (  0.444635) 

   4   L   10       2.941249   -0.160017 ( -0.099967)     0.856045 (  0.155916) 
   4   L   11       0.683483    0.214036 (  0.399513)     0.538304 (  0.607684) 
   4   L   12       0.222290    0.161536 (  0.700115)     0.085276 (  0.391957) 

 C         

   5   S   13      71.616837    2.707814 (  0.154329) 
   5   S   14      13.045096    2.618880 (  0.535328) 
   5   S   15       3.530512    0.816191 (  0.444635) 

   6   L   16       2.941249   -0.160017 ( -0.099967)     0.856045 (  0.155916) 
   6   L   17       0.683483    0.214036 (  0.399513)     0.538304 (  0.607684) 
   6   L   18       0.222290    0.161536 (  0.700115)     0.085276 (  0.391957) 

 C         

   7   S   19      71.616837    2.707814 (  0.154329) 
   7   S   20      13.045096    2.618880 (  0.535328) 
   7   S   21       3.530512    0.816191 (  0.444635) 

   8   L   22       2.941249   -0.160017 ( -0.099967)     0.856045 (  0.155916) 
   8   L   23       0.683483    0.214036 (  0.399513)     0.538304 (  0.607684) 
   8   L   24       0.222290    0.161536 (  0.700115)     0.085276 (  0.391957) 

 C         

   9   S   25      71.616837    2.707814 (  0.154329) 
   9   S   26      13.045096    2.618880 (  0.535328) 
   9   S   27       3.530512    0.816191 (  0.444635) 

  10   L   28       2.941249   -0.160017 ( -0.099967)     0.856045 (  0.155916) 
  10   L   29       0.683483    0.214036 (  0.399513)     0.538304 (  0.607684) 
  10   L   30       0.222290    0.161536 (  0.700115)     0.085276 (  0.391957) 

 C         

  11   S   31      71.616837    2.707814 (  0.154329) 
  11   S   32      13.045096    2.618880 (  0.535328) 
  11   S   33       3.530512    0.816191 (  0.444635) 

  12   L   34       2.941249   -0.160017 ( -0.099967)     0.856045 (  0.155916) 
  12   L   35       0.683483    0.214036 (  0.399513)     0.538304 (  0.607684) 
  12   L   36       0.222290    0.161536 (  0.700115)     0.085276 (  0.391957) 

 H         

  13   S   37       3.425251    0.276934 (  0.154329) 
  13   S   38       0.623914    0.267839 (  0.535328) 
  13   S   39       0.168855    0.083474 (  0.444635) 

 H         

  14   S   40       3.425251    0.276934 (  0.154329) 
  14   S   41       0.623914    0.267839 (  0.535328) 
  14   S   42       0.168855    0.083474 (  0.444635) 

 H         

  15   S   43       3.425251    0.276934 (  0.154329) 
  15   S   44       0.623914    0.267839 (  0.535328) 
  15   S   45       0.168855    0.083474 (  0.444635) 

 H         

  16   S   46       3.425251    0.276934 (  0.154329) 
  16   S   47       0.623914    0.267839 (  0.535328) 
  16   S   48       0.168855    0.083474 (  0.444635) 

 C         

  17   S   49      71.616837    2.707814 (  0.154329) 
  17   S   50      13.045096    2.618880 (  0.535328) 
  17   S   51       3.530512    0.816191 (  0.444635) 

  18   L   52       2.941249   -0.160017 ( -0.099967)     0.856045 (  0.155916) 
  18   L   53       0.683483    0.214036 (  0.399513)     0.538304 (  0.607684) 
  18   L   54       0.222290    0.161536 (  0.700115)     0.085276 (  0.391957) 

 C         

  19   S   55      71.616837    2.707814 (  0.154329) 
  19   S   56      13.045096    2.618880 (  0.535328) 
  19   S   57       3.530512    0.816191 (  0.444635) 

  20   L   58       2.941249   -0.160017 ( -0.099967)     0.856045 (  0.155916) 
  20   L   59       0.683483    0.214036 (  0.399513)     0.538304 (  0.607684) 
  20   L   60       0.222290    0.161536 (  0.700115)     0.085276 (  0.391957) 

 H         

  21   S   61       3.425251    0.276934 (  0.154329) 
  21   S   62       0.623914    0.267839 (  0.535328) 
  21   S   63       0.168855    0.083474 (  0.444635) 

 H         

  22   S   64       3.425251    0.276934 (  0.154329) 
  22   S   65       0.623914    0.267839 (  0.535328) 
  22   S   66       0.168855    0.083474 (  0.444635) 

 H         

  23   S   67       3.425251    0.276934 (  0.154329) 
  23   S   68       0.623914    0.267839 (  0.535328) 
  23   S   69       0.168855    0.083474 (  0.444635) 

 C         

  24   S   70      71.616837    2.707814 (  0.154329) 
  24   S   71      13.045096    2.618880 (  0.535328) 
  24   S   72       3.530512    0.816191 (  0.444635) 

  25   L   73       2.941249   -0.160017 ( -0.099967)     0.856045 (  0.155916) 
  25   L   74       0.683483    0.214036 (  0.399513)     0.538304 (  0.607684) 
  25   L   75       0.222290    0.161536 (  0.700115)     0.085276 (  0.391957) 

 C         

  26   S   76      71.616837    2.707814 (  0.154329) 
  26   S   77      13.045096    2.618880 (  0.535328) 
  26   S   78       3.530512    0.816191 (  0.444635) 

  27   L   79       2.941249   -0.160017 ( -0.099967)     0.856045 (  0.155916) 
  27   L   80       0.683483    0.214036 (  0.399513)     0.538304 (  0.607684) 
  27   L   81       0.222290    0.161536 (  0.700115)     0.085276 (  0.391957) 

 H         

  28   S   82       3.425251    0.276934 (  0.154329) 
  28   S   83       0.623914    0.267839 (  0.535328) 
  28   S   84       0.168855    0.083474 (  0.444635) 

 H         

  29   S   85       3.425251    0.276934 (  0.154329) 
  29   S   86       0.623914    0.267839 (  0.535328) 
  29   S   87       0.168855    0.083474 (  0.444635) 

 H         

  30   S   88       3.425251    0.276934 (  0.154329) 
  30   S   89       0.623914    0.267839 (  0.535328) 
  30   S   90       0.168855    0.083474 (  0.444635) 

 TOTAL NUMBER OF SHELLS              =   30
 TOTAL NUMBER OF BASIS FUNCTIONS     =   60
 NUMBER OF ELECTRONS                 =   70
 CHARGE OF MOLECULE                  =    0
 STATE MULTIPLICITY                  =    1
 NUMBER OF OCCUPIED ORBITALS (ALPHA) =   35
 NUMBER OF OCCUPIED ORBITALS (BETA ) =   35
 TOTAL NUMBER OF ATOMS               =   20
 THE NUCLEAR REPULSION ENERGY IS      450.0061708846

     $CONTRL OPTIONS
     ---------------
     SCFTYP=RHF          RUNTYP=ENERGY       EXETYP=RUN     
     MPLEVL=       0     LOCAL =NONE         UNITS =ANGS    
     MULT  =       1     ICHARG=       0     MAXIT =      30
     NPRINT=       3     IREST =       0     COORD =UNIQUE  
     ECP   =NONE         NORMF =       0     NORMP =       0
     ITOL  =      20     ICUT  =       9     NZVAR =       0
     NOSYM =       0     INTTYP=POPLE        GEOM  =INPUT   
     PLTORB=       F     MOLPLT=       F     RPAC  =       F
     AIMPAC=       0     FRIEND=             CITYP =NONE    
     DFTTYP=BP86    

     $SYSTEM OPTIONS
     ---------------
     KDIAG =       0     MEMORY= 20000000     TIMLIM=   172800.0 SEC.
     COREFL=       F     PTIME =        F     XDR   =       F
     BALTYP=LOOP         CBASE = 09001000     FBASE = 00401030

          ----------------
          PROPERTIES INPUT
          ----------------

     MOMENTS            FIELD           POTENTIAL          DENSITY
 IEMOM =       1   IEFLD =       0   IEPOT =       0   IEDEN =       0
 WHERE =COMASS     WHERE =NUCLEI     WHERE =NUCLEI     WHERE =NUCLEI  
 OUTPUT=BOTH       OUTPUT=BOTH       OUTPUT=BOTH       OUTPUT=BOTH    
 IEMINT=       0   IEFINT=       0                     IEDINT=       0
                                                       MORB  =       0


          ----------------   ------------------------------------
          DFT CODE OPTIONS   PROGRAM WRITTEN BY ALEX A. GRANOVSKY
          ----------------   ------------------------------------
          NRAD   =   63      LMAX   =  29 ( 302 POINTS PER SHELL)
          ANGPRN =    T      RADPRN =   T
          KAP    =   5.000   LMIN   =   5 (  14 POINTS PER SHELL)
          CUTOFF = 1.0E-10   CUTAO  = 1.0E-10
          CUTWGT = 1.0E-20   CUTORB = 1.0E-15
          CUTGG1 = 1.0E-13   CUTGG2 = 1.0E-13
          CUTGG3 = 1.0E-13   CUTGG4 = 1.0E-30
          B3LYP  =  NWCHEM   O3LYP  = DEFAULT 
          HFX    =  0.0000000000000000000E+00
          CPT2   =  0.0000000000000000000E+00
          SCS(S) =  1.0000000000000000000E+00
          SCS(T) =  1.0000000000000000000E+00



          EXTRAPOLATION IN EFFECT
          DAMPING IN EFFECT
          LEVEL SHIFTING IN EFFECT
          DIIS IN EFFECT

          ----------------------
          INTEGRAL INPUT OPTIONS
          ----------------------
 NOPK  =       1 NORDER=       0 SCHWRZ=       T

 ATTENTION! AO INTEGRALS WILL BE PACKED.
 THRESHOLD FOR PACKING PKTHR =  0.10000000D-01

     -------------------------------
     INTEGRAL TRANSFORMATION OPTIONS
     -------------------------------
     NWORD  =       0     CUTTRF = 1.0E-09
     MPTRAN =       0     DIRTRF =       F
     AOINTS =DUP          IREST  =       0


 Loading Firefly/DFT-D extension... loaded successfully (version  1.0001).

 Firefly/DFT-D extension capabilities:
 Minimum supported DFT-D version is   2
 Maximum supported DFT-D version is   4
 For DFT-D version   2, max supported atomic no. is  86
 For DFT-D version   3, max supported atomic no. is  94
 For DFT-D version   4, max supported atomic no. is  94

 Using DFT-D version  3
 Cite DFT-D3 as:
 S. Grimme, J. Antony, S. Ehrlich and H. Krieg,
 J. Chem. Phys. 132 (2010), 154104

 Initializing DFT-D extension... initialized successfully!

     ---------------------------------------------
         Parameters controlling DFT-D run are:
     ---------------------------------------------
     VERSN =             3   S6    = 1.0000000E+00
     RS6   = 1.0940000E+00   S18   = 1.6820000E+00
     RS18  = 1.0000000E+00   ALP   = 1.4000000E+01
     K1    = 1.6000000E+01   K2    = 1.3333333E+00
     K3    =-4.0000000E+00   RTHR  = 2.0000000E+04
     RTHR2 = 1.6000000E+03   NUMGRD=             F
     ABC   =             F   TZ    =             F

 Dispersion correction to total energy =        -0.015801551434377520
 Redefined  nuclear  repulsion  energy =       449.990369333151900000


     ------------------------------------------
     THE POINT GROUP IS C1 , NAXIS= 0, ORDER= 1
     ------------------------------------------

     DIMENSIONS OF THE SYMMETRY SUBSPACES ARE
 A   =  60

 ..... DONE SETTING UP THE RUN .....

 CPU        TIME:   STEP =      0.09 ,  TOTAL =        0.2 SECONDS (    0.0 MIN)
 WALL CLOCK TIME:   STEP =      0.09 ,  TOTAL =        0.1 SECONDS (    0.0 MIN)
 CPU UTILIZATION:   STEP =    103.38%,  TOTAL =     195.28%

          ********************
          1 ELECTRON INTEGRALS
          ********************
OVERLAP MATRIX

                      1          2          3          4          5

    1  C   1  S   1.000000
    2  C   1  S   0.248362   1.000000
    3  C   1  X   0.000000   0.000000   1.000000
    4  C   1  Y   0.000000   0.000000   0.000000   1.000000
    5  C   1  Z   0.000000   0.000000   0.000000   0.000000   1.000000
    6  C   2  S   0.000001   0.037948   0.047095   0.041717   0.000000
    7  C   2  S   0.037948   0.367071   0.291669   0.258363   0.000000
    8  C   2  X  -0.047095  -0.291669  -0.089353  -0.269513   0.000000
    9  C   2  Y  -0.041717  -0.258363  -0.269513  -0.023834   0.000000
   10  C   2  Z   0.000000   0.000000   0.000000   0.000000   0.214903
   11  C   3  S   0.000000   0.001843   0.001344   0.004024   0.000000
   12  C   3  S   0.001843   0.061276   0.028565   0.085498   0.000000
   13  C   3  X  -0.001344  -0.028565   0.010958  -0.044008   0.000000
   14  C   3  Y  -0.004024  -0.085498  -0.044008  -0.106056   0.000000
   15  C   3  Z   0.000000   0.000000   0.000000   0.000000   0.025662
   16  C   4  S   0.000000   0.000422  -0.000224   0.001098   0.000000
   17  C   4  S   0.000422   0.026385  -0.008467   0.041527   0.000000
   18  C   4  X   0.000224   0.008467   0.007258   0.014371   0.000000
   19  C   4  Y  -0.001098  -0.041527   0.014371  -0.060298   0.000000
   20  C   4  Z   0.000000   0.000000   0.000000   0.000000   0.010188
   21  C   5  S   0.000000   0.001845  -0.002816   0.003179   0.000000
   22  C   5  S   0.001845   0.061320  -0.059803   0.067527   0.000000
   23  C   5  X   0.002816   0.059803  -0.038717   0.072716   0.000000
   24  C   5  Y  -0.003179  -0.067527   0.072716  -0.056425   0.000000
   25  C   5  Z   0.000000   0.000000   0.000000   0.000000   0.025683
   26  C   6  S   0.000001   0.037972  -0.059710   0.019947   0.000000
   27  C   6  S   0.037972   0.367203  -0.369657   0.123491   0.000000
   28  C   6  X   0.059710   0.369657  -0.273573   0.163219   0.000000
   29  C   6  Y  -0.019947  -0.123491   0.163219   0.160479   0.000000
   30  C   6  Z   0.000000   0.000000   0.000000   0.000000   0.215005
   31  H   7  S   0.005291   0.095590   0.119141   0.032904   0.000000
   32  H   8  S   0.000092   0.006444   0.004973   0.009456   0.000000
   33  H   9  S   0.000092   0.006450  -0.008286   0.006759   0.000000
   34  H  10  S   0.005292   0.095614  -0.122535  -0.016401   0.000000
   35  C  11  S   0.000000   0.000000   0.000000   0.000000   0.000000
   36  C  11  S   0.000000   0.000293  -0.000129   0.000632   0.000000
   37  C  11  X   0.000000   0.000129   0.000037   0.000282   0.000000
   38  C  11  Y   0.000000  -0.000632   0.000282  -0.001287   0.000000
   39  C  11  Z   0.000000   0.000000   0.000000   0.000000   0.000094
   40  C  12  S   0.000000   0.000000   0.000000   0.000000   0.000000
   41  C  12  S   0.000000   0.000012   0.000001   0.000032   0.000000
   42  C  12  X   0.000000  -0.000001   0.000004  -0.000001   0.000000
   43  C  12  Y   0.000000  -0.000032  -0.000001  -0.000078   0.000000
   44  C  12  Z   0.000000   0.000000   0.000000   0.000000   0.000004
   45  H  13  S   0.000000   0.000086  -0.000073   0.000170   0.000000
   46  H  14  S   0.000000   0.000000   0.000000   0.000001   0.000000
   47  H  15  S   0.000000   0.000049   0.000025   0.000106   0.000000
   48  C  16  S   0.000000   0.026588   0.008914  -0.043687   0.000000
   49  C  16  S   0.026588   0.298494   0.067246  -0.329571   0.000000
   50  C  16  X  -0.008914  -0.067246   0.145184   0.093716   0.000000
   51  C  16  Y   0.043687   0.329571   0.093716  -0.294992   0.000000
   52  C  16  Z   0.000000   0.000000   0.000000   0.000000   0.164306
   53  C  17  S   0.000000   0.001263  -0.000772  -0.002927   0.000000
   54  C  17  S   0.001263   0.049268  -0.018955  -0.071842   0.000000
   55  C  17  X   0.000772   0.018955   0.012160  -0.030299   0.000000
   56  C  17  Y   0.002927   0.071842  -0.030299  -0.094683   0.000000
   57  C  17  Z   0.000000   0.000000   0.000000   0.000000   0.020155
   58  H  18  S   0.004445   0.084383   0.068398  -0.087228   0.000000
   59  H  19  S   0.000056   0.004732  -0.000959  -0.007955   0.000000
   60  H  20  S   0.000909   0.028273  -0.025743  -0.032867   0.000000

                      6          7          8          9         10

    6  C   2  S   1.000000
    7  C   2  S   0.248362   1.000000
    8  C   2  X   0.000000   0.000000   1.000000
    9  C   2  Y   0.000000   0.000000   0.000000   1.000000
   10  C   2  Z   0.000000   0.000000   0.000000   0.000000   1.000000
   11  C   3  S   0.000001   0.037989  -0.012585   0.061711   0.000000
   12  C   3  S   0.037989   0.367296  -0.077889   0.381945   0.000000
   13  C   3  X   0.012585   0.077889   0.193390   0.106348   0.000000
   14  C   3  Y  -0.061711  -0.381945   0.106348  -0.306418   0.000000
   15  C   3  Z   0.000000   0.000000   0.000000   0.000000   0.215078
   16  C   4  S   0.000000   0.001845  -0.002816   0.003179   0.000000
   17  C   4  S   0.001845   0.061320  -0.059803   0.067527   0.000000
   18  C   4  X   0.002816   0.059803  -0.038717   0.072716   0.000000
   19  C   4  Y  -0.003179  -0.067527   0.072716  -0.056425   0.000000
   20  C   4  Z   0.000000   0.000000   0.000000   0.000000   0.025683
   21  C   5  S   0.000000   0.000423  -0.001064   0.000355   0.000000
   22  C   5  S   0.000423   0.026401  -0.040221   0.013429   0.000000
   23  C   5  X   0.001064   0.040221  -0.055891   0.022065   0.000000
   24  C   5  Y  -0.000355  -0.013429   0.022065   0.002827   0.000000
   25  C   5  Z   0.000000   0.000000   0.000000   0.000000   0.010194
   26  C   6  S   0.000000   0.001843  -0.004157  -0.000848   0.000000
   27  C   6  S   0.001843   0.061281  -0.088329  -0.018025   0.000000
   28  C   6  X   0.004157   0.088329  -0.114912  -0.028688   0.000000
   29  C   6  Y   0.000848   0.018025  -0.028688   0.019810   0.000000
   30  C   6  Z   0.000000   0.000000   0.000000   0.000000   0.025664
   31  H   7  S   0.060887   0.485213   0.440005  -0.147090   0.000000
   32  H   8  S   0.005291   0.095597   0.031078   0.119638   0.000000
   33  H   9  S   0.000012   0.001847  -0.003153   0.001053   0.000000
   34  H  10  S   0.000092   0.006447  -0.009991  -0.003797   0.000000
   35  C  11  S   0.000000   0.000002  -0.000004   0.000007   0.000000
   36  C  11  S   0.000002   0.001528  -0.001517   0.002636   0.000000
   37  C  11  X   0.000004   0.001517  -0.001039   0.002690   0.000000
   38  C  11  Y  -0.000007  -0.002636   0.002690  -0.004164   0.000000
   39  C  11  Z   0.000000   0.000000   0.000000   0.000000   0.000509
   40  C  12  S   0.000000   0.000000   0.000000   0.000000   0.000000
   41  C  12  S   0.000000   0.000274  -0.000133   0.000590   0.000000
   42  C  12  X   0.000000   0.000133   0.000022   0.000291   0.000000
   43  C  12  Y   0.000000  -0.000590   0.000291  -0.001200   0.000000
   44  C  12  Z   0.000000   0.000000   0.000000   0.000000   0.000088
   45  H  13  S   0.000000   0.000192  -0.000254   0.000304   0.000000
   46  H  14  S   0.000000   0.000012  -0.000006   0.000027   0.000000
   47  H  15  S   0.000007   0.001372   0.000069   0.002514   0.000000
   48  C  16  S   0.000000   0.001144  -0.000802  -0.002650   0.000000
   49  C  16  S   0.001144   0.046534  -0.020449  -0.067591   0.000000
   50  C  16  X   0.000802   0.020449   0.009092  -0.032504   0.000000
   51  C  16  Y   0.002650   0.067591  -0.032504  -0.088509   0.000000
   52  C  16  Z   0.000000   0.000000   0.000000   0.000000   0.018926
   53  C  17  S   0.000000   0.000003  -0.000006  -0.000011   0.000000
   54  C  17  S   0.000003   0.001892  -0.001666  -0.003319   0.000000
   55  C  17  X   0.000006   0.001666  -0.000878  -0.003012   0.000000
   56  C  17  Y   0.000011   0.003319  -0.003012  -0.005364   0.000000
   57  C  17  Z   0.000000   0.000000   0.000000   0.000000   0.000634
   58  H  18  S   0.001149   0.033093   0.005940  -0.047784   0.000000
   59  H  19  S   0.000000   0.000178  -0.000115  -0.000348   0.000000
   60  H  20  S   0.000003   0.000866  -0.001082  -0.001221   0.000000

                     11         12         13         14         15

   11  C   3  S   1.000000
   12  C   3  S   0.248362   1.000000
   13  C   3  X   0.000000   0.000000   1.000000
   14  C   3  Y   0.000000   0.000000   0.000000   1.000000
   15  C   3  Z   0.000000   0.000000   0.000000   0.000000   1.000000
   16  C   4  S   0.000001   0.037972  -0.059710   0.019947   0.000000
   17  C   4  S   0.037972   0.367203  -0.369657   0.123491   0.000000
   18  C   4  X   0.059710   0.369657  -0.273573   0.163219   0.000000
   19  C   4  Y  -0.019947  -0.123491   0.163219   0.160479   0.000000
   20  C   4  Z   0.000000   0.000000   0.000000   0.000000   0.215005
   21  C   5  S   0.000000   0.001843  -0.004157  -0.000848   0.000000
   22  C   5  S   0.001843   0.061281  -0.088329  -0.018025   0.000000
   23  C   5  X   0.004157   0.088329  -0.114912  -0.028688   0.000000
   24  C   5  Y   0.000848   0.018025  -0.028688   0.019810   0.000000
   25  C   5  Z   0.000000   0.000000   0.000000   0.000000   0.025664
   26  C   6  S   0.000000   0.000422  -0.000839  -0.000743   0.000000
   27  C   6  S   0.000422   0.026380  -0.031722  -0.028093   0.000000
   28  C   6  X   0.000839   0.031722  -0.030955  -0.036433   0.000000
   29  C   6  Y   0.000743   0.028093  -0.036433  -0.022079   0.000000
   30  C   6  Z   0.000000   0.000000   0.000000   0.000000   0.010185
   31  H   7  S   0.005292   0.095605   0.075450  -0.097921   0.000000
   32  H   8  S   0.060884   0.485198   0.347255   0.307646   0.000000
   33  H   9  S   0.000092   0.006449  -0.010683  -0.000421   0.000000
   34  H  10  S   0.000012   0.001846  -0.002486  -0.002202   0.000000
   35  C  11  S   0.000000   0.001145  -0.001777   0.002126   0.000000
   36  C  11  S   0.001145   0.046553  -0.045307   0.054200   0.000000
   37  C  11  X   0.001777   0.045307  -0.029319   0.057725   0.000000
   38  C  11  Y  -0.002126  -0.054200   0.057725  -0.050120   0.000000
   39  C  11  Z   0.000000   0.000000   0.000000   0.000000   0.018934
   40  C  12  S   0.000000   0.000206  -0.000133   0.000562   0.000000
   41  C  12  S   0.000206   0.017611  -0.006756   0.028538   0.000000
   42  C  12  X   0.000133   0.006756   0.003819   0.011704   0.000000
   43  C  12  Y  -0.000562  -0.028538   0.011704  -0.042848   0.000000
   44  C  12  Z   0.000000   0.000000   0.000000   0.000000   0.006590
   45  H  13  S   0.000069   0.005410  -0.007040   0.005732   0.000000
   46  H  14  S   0.000006   0.001166  -0.000479   0.002105   0.000000
   47  H  15  S   0.001328   0.036482   0.007701   0.052018   0.000000
   48  C  16  S   0.000000   0.000002  -0.000001  -0.000008   0.000000
   49  C  16  S   0.000002   0.001527  -0.000363  -0.003017   0.000000
   50  C  16  X   0.000001   0.000363   0.000419  -0.000738   0.000000
   51  C  16  Y   0.000008   0.003017  -0.000738  -0.005619   0.000000
   52  C  16  Z   0.000000   0.000000   0.000000   0.000000   0.000508
   53  C  17  S   0.000000   0.000000   0.000000   0.000000   0.000000
   54  C  17  S   0.000000   0.000032  -0.000022  -0.000075   0.000000
   55  C  17  X   0.000000   0.000022  -0.000006  -0.000054   0.000000
   56  C  17  Y   0.000000   0.000075  -0.000054  -0.000170   0.000000
   57  C  17  Z   0.000000   0.000000   0.000000   0.000000   0.000010
   58  H  18  S   0.000005   0.001035   0.000289  -0.001909   0.000000
   59  H  19  S   0.000000   0.000002  -0.000001  -0.000005   0.000000
   60  H  20  S   0.000000   0.000039  -0.000043  -0.000077   0.000000

                     16         17         18         19         20

   16  C   4  S   1.000000
   17  C   4  S   0.248362   1.000000
   18  C   4  X   0.000000   0.000000   1.000000
   19  C   4  Y   0.000000   0.000000   0.000000   1.000000
   20  C   4  Z   0.000000   0.000000   0.000000   0.000000   1.000000
   21  C   5  S   0.000001   0.037948  -0.047095  -0.041717   0.000000
   22  C   5  S   0.037948   0.367071  -0.291669  -0.258363   0.000000
   23  C   5  X   0.047095   0.291669  -0.089353  -0.269513   0.000000
   24  C   5  Y   0.041717   0.258363  -0.269513  -0.023834   0.000000
   25  C   5  Z   0.000000   0.000000   0.000000   0.000000   0.214903
   26  C   6  S   0.000000   0.001843  -0.001344  -0.004024   0.000000
   27  C   6  S   0.001843   0.061276  -0.028565  -0.085498   0.000000
   28  C   6  X   0.001344   0.028565   0.010958  -0.044008   0.000000
