! HF STO-3G 

%output
 printlevel normal
 print[ p_basis ] 2
 print[ p_mos ] 1
end

%paras 
   B1    =        1.39155762
   B2    =        1.38920112
   B3    =        1.36617670
   B4    =        1.39155762
   B5    =        1.09491754
   B6    =        1.09598547
   B7    =        1.09491754
   B8    =        1.48585283
   B9    =        1.34292581
   B10   =        1.10354826
   B11   =        1.09829801
   B12   =        1.07000000
   B13   =        1.48585283
   B14   =        1.09829801
   B15   =        1.34292581
   B16   =        1.10354826
   B17   =        1.07000000
   B18   =        1.38920112
   B19   =        1.09598547
   A1    =      120.26061806
   A2    =      119.60307576
   A3    =      120.13630618
   A4    =      119.89927090
   A5    =      119.94428410
   A6    =      119.89927090
   A7    =      119.97332138
   A8    =      123.60169362
   A9    =      119.56877435
   A10   =      115.51294680
   A11   =      122.34164357
   A12   =      119.89037245
   A13   =      115.51294680
   A14   =      123.60169362
   A15   =      119.56877435
   A16   =      122.34164357
   A17   =      120.26061806
   A18   =      119.94428410
   D1    =        0.00000000
   D2    =        0.00000000
   D3    =      180.00000000
   D4    =      180.00000000
   D5    =      180.00000000
   D6    =      180.00000000
   D7    =    0.0, 360.0, 12
   D8    =        0.00000000
   D9    =        0.00000000
   D10   =      180.00000000
   D11   =      180.00000000
   D12   =      180.00000000
   D13   =        0.00000000
   D14   =        0.00000000
   D15   =      180.00000000
   D16   =        0.00000000
   D17   =      180.00000000
end

*int 0 1
 C                  0    0    0       0.0                  0.0                   0.0
 C                  1    0    0       {B1}                 0.0                   0.0
 C                  2    1    0       {B2}                 {A1}                  0.0
 C                  3    2    1       {B3}                 {A2}                  {D1}
 C                  4    3    2       {B4}                 {A3}                  {D2}
 H                  2    1    5       {B5}                 {A4}                  {D3}
 H                  3    2    1       {B6}                 {A5}                  {D4}
 H                  5    4    3       {B7}                 {A6}                  {D5}
 C                  4    3    2       {B8}                 {A7}                  {D6}
 C                  9    4    3       {B9}                 {A8}                  {D7}
 H                 10    9    4      {B10}                 {A9}                  {D8}
 H                  9    4    3      {B11}                {A10}                  {D9}
 H                 10    9    4      {B12}                {A11}                 {D10}
 C                  1    2    3      {B13}                {A12}                 {D11}
 H                 14    1    2      {B14}                {A13}                 {D12}
 C                 14    1    2      {B15}                {A14}                 {D13}
 H                 16   14    1      {B16}                {A15}                 {D14}
 H                 16   14    1      {B17}                {A16}                 {D15}
 C                  5    4    3      {B18}                {A17}                 {D16}
 H                 19    5    4      {B19}                {A18}                 {D17}
*
