Job dvb_sp started on a-gle at Sun Aug  6 10:19:28 2006
jobid: a-gle-0-44d5b41f

  +--------------------------------------------------------------------+
  |  Jaguar version 6.5, release 112                                   |
  |                                                                    |
  |  Copyright (c) 2005 Schrodinger,  LLC.                             |
  |  All Rights Reserved.                                              |
  |                                                                    |
  |  Use of this program should be acknowledged in publications as:    |
  |  Jaguar, version 6.5, Schrodinger, LLC, New York, NY, 2005.        |
  +--------------------------------------------------------------------+
   
  start of program pre
  Job name: dvb_sp
  Executables used: /usr/glea/schrodinger_new/jaguar-v65112/bin/Linux-x86
  Temporary files : /var/tmp/no228/dvb_sp
  
  Input file comments:
   ../../Gaussian/basicGaussian03/dvb_sp.out
   
   entry_name: dvb_sp-1
  
  basis set:             sto-3g          
  net molecular charge:    0
  multiplicity:            1
  
  number of basis functions....           60
  no dealiasing set available for atom            1
  switch to all-analytic calculation
  
 Input geometry:
                                   angstroms
  atom               x                 y                 z
  C1            0.2694810000     -1.4100870000      0.0000000000 
  C2           -1.0647520000     -0.9207000000      0.0000000000 
  C3           -1.3254340000      0.4570290000      0.0000000000 
  C4           -0.2694810000      1.4100870000      0.0000000000 
  C5            1.0647520000      0.9207000000      0.0000000000 
  H6           -1.9044340000     -1.6275960000      0.0000000000 
  H7           -2.3647720000      0.8131670000      0.0000000000 
  H8            1.9044340000      1.6275960000      0.0000000000 
  C9           -0.6037320000      2.8699170000      0.0000000000 
  C10           0.2694810000      3.8919520000      0.0000000000 
  H11           1.3551660000      3.7420140000      0.0000000000 
  H12          -1.6819040000      3.0900050000      0.0000000000 
  H13          -0.0740290000      4.9329690000      0.0000000000 
  C14           0.6037320000     -2.8699170000      0.0000000000 
  H15           1.6819040000     -3.0900050000      0.0000000000 
  C16          -0.2694810000     -3.8919520000      0.0000000000 
  H17          -1.3551660000     -3.7420140000      0.0000000000 
  H18           0.0740290000     -4.9329690000      0.0000000000 
  C19           1.3254340000     -0.4570290000      0.0000000000 
  H20           2.3647720000     -0.8131670000      0.0000000000 
   
  principal moments of inertia:
        amu*angstrom^2:      109.23594      737.84464      847.08058
                g*cm^2: 1.81390671E-38 1.22522068E-37 1.40661135E-37
   
  rotational constants:
               cm^(-1):     0.15432312     0.02284713     0.01990086
                   GHz:     4.62649076     0.68493968     0.59661275
   
  Molecular weight:     130.08 amu
   
  Stoichiometry: C10H10
  Molecular Point Group: C2h     
	Molecule translated to center of mass 
	Molecule reoriented along symmetry axes
  Point Group used: C2h
  
  
 Symmetrized geometry:
                                   angstroms
  atom               x                 y                 z
  C1            0.2694810000     -1.4100870000      0.0000000000 
  C2           -1.0647520000     -0.9207000000      0.0000000000 
  C3           -1.3254340000      0.4570290000      0.0000000000 
  C4           -0.2694810000      1.4100870000      0.0000000000 
  C5            1.0647520000      0.9207000000      0.0000000000 
  H6           -1.9044340000     -1.6275960000      0.0000000000 
  H7           -2.3647720000      0.8131670000      0.0000000000 
  H8            1.9044340000      1.6275960000      0.0000000000 
  C9           -0.6037320000      2.8699170000      0.0000000000 
  C10           0.2694810000      3.8919520000      0.0000000000 
  H11           1.3551660000      3.7420140000      0.0000000000 
  H12          -1.6819040000      3.0900050000      0.0000000000 
  H13          -0.0740290000      4.9329690000      0.0000000000 
  C14           0.6037320000     -2.8699170000      0.0000000000 
  H15           1.6819040000     -3.0900050000      0.0000000000 
  C16          -0.2694810000     -3.8919520000      0.0000000000 
  H17          -1.3551660000     -3.7420140000      0.0000000000 
  H18           0.0740290000     -4.9329690000      0.0000000000 
  C19           1.3254340000     -0.4570290000      0.0000000000 
  H20           2.3647720000     -0.8131670000      0.0000000000 
   
 
  bond lengths (angstroms):
 
 C1      -C2      :   1.421154      C1      -C14     :   1.497607
 C1      -C19     :   1.422447      C2      -C3      :   1.402174
 C2      -H6      :   1.097619      C3      -C4      :   1.422447
 C3      -H7      :   1.098662      C4      -C5      :   1.421154
 C4      -C9      :   1.497607      C5      -H8      :   1.097619
 C5      -C19     :   1.402174      C9      -C10     :   1.344268
 C9      -H12     :   1.100406      C10     -H11     :   1.095990
 C10     -H13     :   1.096228      C14     -H15     :   1.100406
 C14     -C16     :   1.344268      C16     -H17     :   1.095990
 C16     -H18     :   1.096228      C19     -H20     :   1.098662
 
  bond angles:
 
 C14     -C1      -C2      : 123.039140  C19     -C1      -C2      : 117.789270
 C19     -C1      -C14     : 119.171590  C3      -C2      -C1      : 120.857022
 H6      -C2      -C1      : 119.764592  H6      -C2      -C3      : 119.378387
 C4      -C3      -C2      : 121.353708  H7      -C3      -C2      : 119.628810
 H7      -C3      -C4      : 119.017482  C5      -C4      -C3      : 117.789270
 C9      -C4      -C3      : 119.171590  C9      -C4      -C5      : 123.039140
 H8      -C5      -C4      : 119.764592  C19     -C5      -C4      : 120.857022
 C19     -C5      -H8      : 119.378387  C10     -C9      -C4      : 126.593399
 H12     -C9      -C4      : 114.433788  H12     -C9      -C10     : 118.972814
 H11     -C10     -C9      : 122.647066  H13     -C10     -C9      : 121.228248
 H13     -C10     -H11     : 116.124686  H15     -C14     -C1      : 114.433788
 C16     -C14     -C1      : 126.593399  C16     -C14     -H15     : 118.972814
 H17     -C16     -C14     : 122.647066  H18     -C16     -C14     : 121.228248
 H18     -C16     -H17     : 116.124686  C5      -C19     -C1      : 121.353708
 H20     -C19     -C1      : 119.017482  H20     -C19     -C5      : 119.628810
 
  torsional angles:
 
 C1      -C2      -C3      -C4      :   0.000000
 C1      -C2      -C3      -H7      : 180.000000
 C1      -C14     -C16     -H17     :   0.000000
 C1      -C14     -C16     -H18     : 180.000000
 C1      -C19     -C5      -C4      :   0.000000
 C1      -C19     -C5      -H8      : 180.000000
 C2      -C1      -C14     -H15     : 180.000000
 C2      -C1      -C14     -C16     :   0.000000
 C2      -C1      -C19     -C5      :   0.000001
 C2      -C1      -C19     -H20     : 180.000000
 C2      -C3      -C4      -C5      :   0.000001
 C2      -C3      -C4      -C9      : 180.000000
 C3      -C2      -C1      -C14     : 180.000000
 C3      -C2      -C1      -C19     :   0.000000
 C3      -C4      -C5      -H8      : 180.000000
 C3      -C4      -C5      -C19     :   0.000000
 C3      -C4      -C9      -C10     : 180.000000
 C3      -C4      -C9      -H12     :   0.000000
 C4      -C3      -C2      -H6      : 180.000000
 C4      -C5      -C19     -H20     : 180.000000
 C4      -C9      -C10     -H11     :   0.000000
 C4      -C9      -C10     -H13     : 180.000000
 C5      -C4      -C3      -H7      : 180.000000
 C5      -C4      -C9      -C10     :   0.000000
 C5      -C4      -C9      -H12     : 180.000000
 C5      -C19     -C1      -C14     : 180.000000
 H6      -C2      -C1      -C14     :   0.000000
 H6      -C2      -C1      -C19     : 180.000000
 H6      -C2      -C3      -H7      :   0.000000
 H7      -C3      -C4      -C9      :   0.000000
 H8      -C5      -C4      -C9      :   0.000000
 H8      -C5      -C19     -H20     :   0.000000
 C9      -C4      -C5      -C19     : 180.000000
 H11     -C10     -C9      -H12     : 180.000000
 H12     -C9      -C10     -H13     :   0.000000
 C14     -C1      -C19     -H20     :   0.000000
 H15     -C14     -C1      -C19     :   0.000000
 H15     -C14     -C16     -H17     : 180.000000
 H15     -C14     -C16     -H18     :   0.000000
 C16     -C14     -C1      -C19     : 180.000000
 
  nuclear repulsion energy.......     445.899347663 hartrees
 
 Non-default options chosen:
   SCF calculation type: DFT             
   DFT=Becke_3_Parameter/HF+Slater+Becke88+VWN+LYP (B3LYP)
   Forces will be computed, but geometry will not be optimized
   HF Initial guess: read from Jaguar .in file
  
 Non-default print settings:
     11=  2  18=  2  19=  2
  
  end of program pre
   
   
  start of program onee
   
  olap      
   
             1              2              3              4              5
   1    1.000000E+00
   2    2.483624E-01   1.000000E+00
   3    0.000000E+00   0.000000E+00   1.000000E+00
   4    0.000000E+00   0.000000E+00   0.000000E+00   1.000000E+00
   5    0.000000E+00   0.000000E+00   0.000000E+00   0.000000E+00   1.000000E+00
   6    5.850672E-07   3.564738E-02  -5.552120E-02   2.036477E-02   0.000000E+00
   7    3.564738E-02   3.541461E-01  -3.569456E-01   1.309251E-01   0.000000E+00
   8    5.552120E-02   3.569456E-01  -2.638456E-01   1.719623E-01   0.000000E+00
   9   -2.036477E-02  -1.309251E-01   1.719623E-01   1.419067E-01   0.000000E+00
  10    0.000000E+00   0.000000E+00   0.000000E+00   0.000000E+00   2.049813E-01
  11    0.000000E+00   1.593343E-03  -2.420510E-03   2.833613E-03   0.000000E+00
  12    1.593343E-03   5.633003E-02  -5.435222E-02   6.362841E-02   0.000000E+00
  13    2.420510E-03   5.435222E-02  -3.436421E-02   6.759052E-02   0.000000E+00
  14   -2.833613E-03  -6.362841E-02   6.759052E-02  -5.575356E-02   0.000000E+00
  15    0.000000E+00   0.000000E+00   0.000000E+00   0.000000E+00   2.337250E-02
  16    0.000000E+00   2.981928E-04  -1.528065E-04   7.995756E-04   0.000000E+00
  17    2.981928E-04   2.168355E-02  -6.655883E-03   3.482759E-02   0.000000E+00
  18    1.528065E-04   6.655883E-03   6.047809E-03   1.147924E-02   0.000000E+00
  19   -7.995756E-04  -3.482759E-02   1.147924E-02  -5.182469E-02   0.000000E+00
  20    0.000000E+00   0.000000E+00   0.000000E+00   0.000000E+00   8.241600E-03
  21    0.000000E+00   1.551480E-03   1.175153E-03   3.444148E-03   0.000000E+00
  22    1.551480E-03   5.546966E-02   2.665712E-02   7.812691E-02   0.000000E+00
  23   -1.175153E-03  -2.665712E-02   8.880937E-03  -4.131352E-02   0.000000E+00
  24   -3.444148E-03  -7.812691E-02  -4.131352E-02  -9.810478E-02   0.000000E+00
  25    0.000000E+00   0.000000E+00   0.000000E+00   0.000000E+00   2.297722E-02
  26    5.035220E-03   9.225426E-02  -1.192363E-01  -1.193007E-02   0.000000E+00
  27    8.028329E-05   5.921407E-03  -7.546613E-03   6.369183E-03   0.000000E+00
  28    7.942722E-05   5.881774E-03   4.651003E-03   8.641393E-03   0.000000E+00
  29    0.000000E+00   8.313499E-08  -6.879919E-08   3.372153E-07   0.000000E+00
  30    8.313499E-08   2.567477E-04  -1.137961E-04   5.577650E-04   0.000000E+00
  31    6.879919E-08   1.137961E-04   3.147359E-05   2.502923E-04   0.000000E+00
  32   -3.372153E-07  -5.577650E-04   2.502923E-04  -1.144255E-03   0.000000E+00
  33    0.000000E+00   0.000000E+00   0.000000E+00   0.000000E+00   8.253861E-05
  34    0.000000E+00   7.706930E-11   0.000000E+00   3.834990E-10   0.000000E+00
  35    7.706930E-11   7.014096E-06   1.483191E-26   1.860324E-05   0.000000E+00
  36    0.000000E+00   1.483191E-26   2.207568E-06   7.845089E-26   0.000000E+00
  37   -3.834990E-10  -1.860324E-05  -7.845089E-26  -4.723640E-05   0.000000E+00
  38    0.000000E+00   0.000000E+00   0.000000E+00   0.000000E+00   2.207568E-06
  39    8.127336E-09   2.318634E-05   1.095792E-05   5.200064E-05   0.000000E+00
  40    6.810965E-08   8.196967E-05  -7.017378E-05   1.618279E-04   0.000000E+00
  41    0.000000E+00   3.035064E-07  -4.497407E-08   8.304650E-07   0.000000E+00
  42    1.431409E-07   2.956745E-02   1.100708E-02  -4.807307E-02   0.000000E+00
  43    2.956745E-02   3.177155E-01   7.857988E-02  -3.431950E-01   0.000000E+00
  44   -1.100708E-02  -7.857988E-02   1.531823E-01   1.083255E-01   0.000000E+00
  45    4.807307E-02   3.431950E-01   1.083255E-01  -2.951227E-01   0.000000E+00
  46    0.000000E+00   0.000000E+00   0.000000E+00   0.000000E+00   1.779851E-01
  47    4.907235E-03   9.056743E-02   7.588401E-02  -9.025548E-02   0.000000E+00
  48    0.000000E+00   1.158988E-03  -5.946070E-04  -2.738105E-03   0.000000E+00
  49    1.158988E-03   4.688721E-02  -1.508715E-02  -6.947477E-02   0.000000E+00
  50    5.946070E-04   1.508715E-02   1.377018E-02  -2.446911E-02   0.000000E+00
  51    2.738105E-03   6.947477E-02  -2.446911E-02  -9.359384E-02   0.000000E+00
  52    0.000000E+00   0.000000E+00   0.000000E+00   0.000000E+00   1.908390E-02
  53    7.335940E-04   2.452341E-02  -2.096610E-02  -3.009357E-02   0.000000E+00
  54    5.774992E-05   4.819992E-03  -4.515493E-04  -8.138852E-03   0.000000E+00
  55    5.716457E-07   3.553611E-02   4.376626E-02   3.950155E-02   0.000000E+00
  56    3.553611E-02   3.535098E-01   2.818902E-01   2.544220E-01   0.000000E+00
  57   -4.376626E-02  -2.818902E-01  -8.831583E-02  -2.642808E-01   0.000000E+00
  58   -3.950155E-02  -2.544220E-01  -2.642808E-01  -3.403103E-02   0.000000E+00
  59    0.000000E+00   0.000000E+00   0.000000E+00   0.000000E+00   2.044975E-01
  60    5.114696E-03   9.329656E-02   1.163811E-01   3.315539E-02   0.000000E+00
   
             6              7              8              9             10
   6    1.000000E+00
   7    2.483624E-01   1.000000E+00
   8    0.000000E+00   0.000000E+00   1.000000E+00
   9    0.000000E+00   0.000000E+00   0.000000E+00   1.000000E+00
  10    0.000000E+00   0.000000E+00   0.000000E+00   0.000000E+00   1.000000E+00
  11    8.203850E-07   3.731500E-02  -1.150275E-02   6.079315E-02   0.000000E+00
  12    3.731500E-02   3.635573E-01  -7.196758E-02   3.803555E-01   0.000000E+00
  13    1.150275E-02   7.196758E-02   1.935222E-01   9.864810E-02   0.000000E+00
  14   -6.079315E-02  -3.803555E-01   9.864810E-02  -3.091770E-01   0.000000E+00
  15    0.000000E+00   0.000000E+00   0.000000E+00   0.000000E+00   2.121875E-01
  16    0.000000E+00   1.551480E-03   1.175153E-03   3.444148E-03   0.000000E+00
  17    1.551480E-03   5.546966E-02   2.665712E-02   7.812691E-02   0.000000E+00
  18   -1.175153E-03  -2.665712E-02   8.880937E-03  -4.131352E-02   0.000000E+00
  19   -3.444148E-03  -7.812691E-02  -4.131352E-02  -9.810478E-02   0.000000E+00
  20    0.000000E+00   0.000000E+00   0.000000E+00   0.000000E+00   2.297722E-02
  21    0.000000E+00   3.793948E-04   7.682711E-04   6.643305E-04   0.000000E+00
  22    3.793948E-04   2.483225E-02   3.034132E-02   2.623639E-02   0.000000E+00
  23   -7.682711E-04  -3.034132E-02  -3.038571E-02  -3.452460E-02   0.000000E+00
  24   -6.643305E-04  -2.623639E-02  -3.452460E-02  -2.031313E-02   0.000000E+00
  25    0.000000E+00   0.000000E+00   0.000000E+00   0.000000E+00   9.540577E-03
  26    6.117749E-02   4.863790E-01  -3.554559E-01  -2.992446E-01   0.000000E+00
  27    5.267889E-03   9.529474E-02  -7.394689E-02   9.862469E-02   0.000000E+00
  28    1.095190E-05   1.731325E-03   2.373705E-03   2.037226E-03   0.000000E+00
  29    0.000000E+00   2.479443E-06   1.084661E-06   8.918346E-06   0.000000E+00
  30    2.479443E-06   1.573620E-03   3.773385E-04   3.102568E-03   0.000000E+00
  31   -1.084661E-06  -3.773385E-04   4.311680E-04  -7.650207E-04   0.000000E+00
  32   -8.918346E-06  -3.102568E-03  -7.650207E-04  -5.765973E-03   0.000000E+00
  33    0.000000E+00   0.000000E+00   0.000000E+00   0.000000E+00   5.242109E-04
  34    0.000000E+00   9.932768E-10   1.253452E-09   4.521270E-09   0.000000E+00
  35    9.932768E-10   2.474948E-05   1.656067E-05   5.973526E-05   0.000000E+00
  36   -1.253452E-09  -1.656067E-05  -3.306781E-06  -4.012928E-05   0.000000E+00
  37   -4.521270E-09  -5.973526E-05  -4.012928E-05  -1.369301E-04   0.000000E+00
  38    0.000000E+00   0.000000E+00   0.000000E+00   0.000000E+00   7.818439E-06
  39    8.743343E-09   2.421342E-05   2.551153E-05   4.915579E-05   0.000000E+00
  40    5.592787E-06   1.150632E-03  -3.242421E-04   2.107162E-03   0.000000E+00
  41    8.276110E-11   1.748634E-06   7.487451E-07   4.423947E-06   0.000000E+00
  42    0.000000E+00   1.047836E-03   1.663965E-03  -1.943938E-03   0.000000E+00
  43    1.047836E-03   4.424997E-02   4.390313E-02  -5.129011E-02   0.000000E+00
  44   -1.663965E-03  -4.390313E-02  -2.969083E-02   5.560565E-02   0.000000E+00
  45    1.943938E-03   5.129011E-02   5.560565E-02  -4.705536E-02   0.000000E+00
  46    0.000000E+00   0.000000E+00   0.000000E+00   0.000000E+00   1.790630E-02
  47    6.482766E-05   5.180299E-03   6.841704E-03  -5.403568E-03   0.000000E+00
  48    0.000000E+00   1.187798E-04   8.977488E-05  -3.354125E-04   0.000000E+00
  49    1.187798E-04   1.296822E-02   5.727339E-03  -2.139820E-02   0.000000E+00
  50   -8.977488E-05  -5.727339E-03   2.063855E-03   1.004232E-02   0.000000E+00
  51    3.354125E-04   2.139820E-02   1.004232E-02  -3.276788E-02   0.000000E+00
  52    0.000000E+00   0.000000E+00   0.000000E+00   0.000000E+00   4.751733E-03
  53    7.479028E-04   2.483918E-02  -3.799589E-03  -3.691225E-02   0.000000E+00
  54    3.261322E-06   8.302813E-04   4.284127E-04  -1.509427E-03   0.000000E+00
  55    0.000000E+00   1.721209E-03   3.919314E-03   7.603058E-04   0.000000E+00
  56    1.721209E-03   5.890337E-02   8.546164E-02   1.657866E-02   0.000000E+00
  57   -3.919314E-03  -8.546164E-02  -1.121571E-01  -2.652169E-02   0.000000E+00
  58   -7.603058E-04  -1.657866E-02  -2.652169E-02   1.941508E-02   0.000000E+00
  59    0.000000E+00   0.000000E+00   0.000000E+00   0.000000E+00   2.456001E-02
  60    8.553231E-05   6.161218E-03   1.024200E-02   3.211388E-04   0.000000E+00
   
            11             12             13             14             15
  11    1.000000E+00
  12    2.483624E-01   1.000000E+00
  13    0.000000E+00   0.000000E+00   1.000000E+00
  14    0.000000E+00   0.000000E+00   0.000000E+00   1.000000E+00
  15    0.000000E+00   0.000000E+00   0.000000E+00   0.000000E+00   1.000000E+00
  16    5.716457E-07   3.553611E-02   4.376626E-02   3.950155E-02   0.000000E+00
  17    3.553611E-02   3.535098E-01   2.818902E-01   2.544220E-01   0.000000E+00
  18   -4.376626E-02  -2.818902E-01  -8.831583E-02  -2.642808E-01   0.000000E+00
  19   -3.950155E-02  -2.544220E-01  -2.642808E-01  -3.403103E-02   0.000000E+00
  20    0.000000E+00   0.000000E+00   0.000000E+00   0.000000E+00   2.044975E-01
  21    0.000000E+00   1.721209E-03   3.919314E-03   7.603058E-04   0.000000E+00
  22    1.721209E-03   5.890337E-02   8.546164E-02   1.657866E-02   0.000000E+00
  23   -3.919314E-03  -8.546164E-02  -1.121571E-01  -2.652169E-02   0.000000E+00
  24   -7.603058E-04  -1.657866E-02  -2.652169E-02   1.941508E-02   0.000000E+00
  25    0.000000E+00   0.000000E+00   0.000000E+00   0.000000E+00   2.456001E-02
  26    5.315948E-03   9.591870E-02  -3.317669E-02  -1.194490E-01   0.000000E+00
  27    6.102877E-02   4.857816E-01  -4.392150E-01   1.505007E-01   0.000000E+00
  28    8.409877E-05   6.096255E-03   9.539240E-03   3.457206E-03   0.000000E+00
  29    0.000000E+00   1.257045E-03   8.636932E-04   2.887612E-03   0.000000E+00
  30    1.257045E-03   4.912942E-02   2.123832E-02   7.100671E-02   0.000000E+00
  31   -8.636932E-04  -2.123832E-02   1.002865E-02  -3.364565E-02   0.000000E+00
  32   -2.887612E-03  -7.100671E-02  -3.364565E-02  -9.239634E-02   0.000000E+00
  33    0.000000E+00   0.000000E+00   0.000000E+00   0.000000E+00   2.009217E-02
  34    0.000000E+00   2.969514E-06   4.494415E-06   9.679494E-06   0.000000E+00
  35    2.969514E-06   1.733922E-03   1.441205E-03   3.103883E-03   0.000000E+00
  36   -4.494415E-06  -1.441205E-03  -6.539727E-04  -2.655967E-03   0.000000E+00
  37   -9.679494E-06  -3.103883E-03  -2.655967E-03  -5.140825E-03   0.000000E+00
  38    0.000000E+00   0.000000E+00   0.000000E+00   0.000000E+00   5.792548E-04
  39    2.326387E-06   6.772227E-04   8.190163E-04   1.003677E-03   0.000000E+00
  40    1.326211E-03   3.644477E-02  -7.048481E-03   5.206183E-02   0.000000E+00
  41    2.837749E-07   1.918598E-04   1.062104E-04   3.798863E-04   0.000000E+00
  42    0.000000E+00   2.117595E-06   3.876205E-06  -6.684715E-06   0.000000E+00
  43    2.117595E-06   1.445720E-03   1.448283E-03  -2.497638E-03   0.000000E+00
  44   -3.876205E-06  -1.448283E-03  -1.009999E-03   2.570365E-03   0.000000E+00
  45    6.684715E-06   2.497638E-03   2.570365E-03  -3.952271E-03   0.000000E+00
  46    0.000000E+00   0.000000E+00   0.000000E+00   0.000000E+00   4.804560E-04
  47    2.796085E-07   1.901730E-04   2.529716E-04  -2.983698E-04   0.000000E+00
  48    0.000000E+00   4.068461E-08   4.070484E-08  -1.676444E-07   0.000000E+00
  49    4.068461E-08   1.756814E-04   9.388048E-05  -3.866502E-04   0.000000E+00
  50   -4.070484E-08  -9.388048E-05   5.543817E-06   2.087646E-04   0.000000E+00
  51    1.676444E-07   3.866502E-04   2.087646E-04  -8.035718E-04   0.000000E+00
  52    0.000000E+00   0.000000E+00   0.000000E+00   0.000000E+00   5.623284E-05
  53    2.840715E-06   7.638918E-04  -1.027234E-05  -1.450760E-03   0.000000E+00
  54    1.191143E-09   7.487562E-06   4.542618E-06  -1.749579E-05   0.000000E+00
  55    0.000000E+00   3.978993E-04   1.003040E-03  -3.458629E-04   0.000000E+00
  56    3.978993E-04   2.550851E-02   3.885700E-02  -1.339846E-02   0.000000E+00
  57   -1.003040E-03  -3.885700E-02  -5.396357E-02   2.199417E-02   0.000000E+00
  58    3.458629E-04   1.339846E-02   2.199417E-02   2.238001E-03   0.000000E+00
  59    0.000000E+00   0.000000E+00   0.000000E+00   0.000000E+00   9.821911E-03
  60    1.146538E-05   1.780395E-03   3.036276E-03  -1.045108E-03   0.000000E+00
   
            16             17             18             19             20
  16    1.000000E+00
  17    2.483624E-01   1.000000E+00
  18    0.000000E+00   0.000000E+00   1.000000E+00
  19    0.000000E+00   0.000000E+00   0.000000E+00   1.000000E+00
  20    0.000000E+00   0.000000E+00   0.000000E+00   0.000000E+00   1.000000E+00
  21    5.850672E-07   3.564738E-02   5.552120E-02  -2.036477E-02   0.000000E+00
  22    3.564738E-02   3.541461E-01   3.569456E-01  -1.309251E-01   0.000000E+00
  23   -5.552120E-02  -3.569456E-01  -2.638456E-01   1.719623E-01   0.000000E+00
  24    2.036477E-02   1.309251E-01   1.719623E-01   1.419067E-01   0.000000E+00
  25    0.000000E+00   0.000000E+00   0.000000E+00   0.000000E+00   2.049813E-01
  26    7.942722E-05   5.881774E-03  -4.651003E-03  -8.641393E-03   0.000000E+00
  27    5.114696E-03   9.329656E-02  -1.163811E-01  -3.315539E-02   0.000000E+00
  28    5.035220E-03   9.225426E-02   1.192363E-01   1.193007E-02   0.000000E+00
  29    1.431409E-07   2.956745E-02  -1.100708E-02   4.807307E-02   0.000000E+00
  30    2.956745E-02   3.177155E-01  -7.857988E-02   3.431950E-01   0.000000E+00
  31    1.100708E-02   7.857988E-02   1.531823E-01   1.083255E-01   0.000000E+00
  32   -4.807307E-02  -3.431950E-01   1.083255E-01  -2.951227E-01   0.000000E+00
  33    0.000000E+00   0.000000E+00   0.000000E+00   0.000000E+00   1.779851E-01
  34    0.000000E+00   1.158988E-03   5.946070E-04   2.738105E-03   0.000000E+00
  35    1.158988E-03   4.688721E-02   1.508715E-02   6.947477E-02   0.000000E+00
  36   -5.946070E-04  -1.508715E-02   1.377018E-02  -2.446911E-02   0.000000E+00
  37   -2.738105E-03  -6.947477E-02  -2.446911E-02  -9.359384E-02   0.000000E+00
  38    0.000000E+00   0.000000E+00   0.000000E+00   0.000000E+00   1.908390E-02
  39    7.335940E-04   2.452341E-02   2.096610E-02   3.009357E-02   0.000000E+00
  40    4.907235E-03   9.056743E-02  -7.588401E-02   9.025548E-02   0.000000E+00
  41    5.774992E-05   4.819992E-03   4.515493E-04   8.138852E-03   0.000000E+00
  42    0.000000E+00   8.313499E-08   6.879919E-08  -3.372153E-07   0.000000E+00
  43    8.313499E-08   2.567477E-04   1.137961E-04  -5.577650E-04   0.000000E+00
  44   -6.879919E-08  -1.137961E-04   3.147359E-05   2.502923E-04   0.000000E+00
  45    3.372153E-07   5.577650E-04   2.502923E-04  -1.144255E-03   0.000000E+00
  46    0.000000E+00   0.000000E+00   0.000000E+00   0.000000E+00   8.253861E-05
  47    6.810965E-08   8.196967E-05   7.017378E-05  -1.618279E-04   0.000000E+00
  48    0.000000E+00   7.706930E-11   0.000000E+00  -3.834990E-10   0.000000E+00
  49    7.706930E-11   7.014096E-06  -1.483191E-26  -1.860324E-05   0.000000E+00
  50    0.000000E+00  -1.483191E-26   2.207568E-06   7.845089E-26   0.000000E+00
  51    3.834990E-10   1.860324E-05  -7.845089E-26  -4.723640E-05   0.000000E+00
  52    0.000000E+00   0.000000E+00   0.000000E+00   0.000000E+00   2.207568E-06
  53    8.127336E-09   2.318634E-05  -1.095792E-05  -5.200064E-05   0.000000E+00
  54    0.000000E+00   3.035064E-07   4.497407E-08  -8.304650E-07   0.000000E+00
  55    0.000000E+00   1.593343E-03   2.420510E-03  -2.833613E-03   0.000000E+00
  56    1.593343E-03   5.633003E-02   5.435222E-02  -6.362841E-02   0.000000E+00
  57   -2.420510E-03  -5.435222E-02  -3.436421E-02   6.759052E-02   0.000000E+00
  58    2.833613E-03   6.362841E-02   6.759052E-02  -5.575356E-02   0.000000E+00
  59    0.000000E+00   0.000000E+00   0.000000E+00   0.000000E+00   2.337250E-02
  60    8.028329E-05   5.921407E-03   7.546613E-03  -6.369183E-03   0.000000E+00
   
            21             22             23             24             25
  21    1.000000E+00
  22    2.483624E-01   1.000000E+00
  23    0.000000E+00   0.000000E+00   1.000000E+00
  24    0.000000E+00   0.000000E+00   0.000000E+00   1.000000E+00
  25    0.000000E+00   0.000000E+00   0.000000E+00   0.000000E+00   1.000000E+00
  26    1.095190E-05   1.731325E-03  -2.373705E-03  -2.037226E-03   0.000000E+00
  27    8.553231E-05   6.161218E-03  -1.024200E-02  -3.211388E-04   0.000000E+00
  28    6.117749E-02   4.863790E-01   3.554559E-01   2.992446E-01   0.000000E+00
  29    0.000000E+00   1.047836E-03  -1.663965E-03   1.943938E-03   0.000000E+00
  30    1.047836E-03   4.424997E-02  -4.390313E-02   5.129011E-02   0.000000E+00
  31    1.663965E-03   4.390313E-02  -2.969083E-02   5.560565E-02   0.000000E+00
  32   -1.943938E-03  -5.129011E-02   5.560565E-02  -4.705536E-02   0.000000E+00
  33    0.000000E+00   0.000000E+00   0.000000E+00   0.000000E+00   1.790630E-02
  34    0.000000E+00   1.187798E-04  -8.977488E-05   3.354125E-04   0.000000E+00
  35    1.187798E-04   1.296822E-02  -5.727339E-03   2.139820E-02   0.000000E+00
  36    8.977488E-05   5.727339E-03   2.063855E-03   1.004232E-02   0.000000E+00
  37   -3.354125E-04  -2.139820E-02   1.004232E-02  -3.276788E-02   0.000000E+00
  38    0.000000E+00   0.000000E+00   0.000000E+00   0.000000E+00   4.751733E-03
  39    7.479028E-04   2.483918E-02   3.799589E-03   3.691225E-02   0.000000E+00
  40    6.482766E-05   5.180299E-03  -6.841704E-03   5.403568E-03   0.000000E+00
  41    3.261322E-06   8.302813E-04  -4.284127E-04   1.509427E-03   0.000000E+00
  42    0.000000E+00   2.479443E-06  -1.084661E-06  -8.918346E-06   0.000000E+00
  43    2.479443E-06   1.573620E-03  -3.773385E-04  -3.102568E-03   0.000000E+00
  44    1.084661E-06   3.773385E-04   4.311680E-04  -7.650207E-04   0.000000E+00
  45    8.918346E-06   3.102568E-03  -7.650207E-04  -5.765973E-03   0.000000E+00
  46    0.000000E+00   0.000000E+00   0.000000E+00   0.000000E+00   5.242109E-04
  47    5.592787E-06   1.150632E-03   3.242421E-04  -2.107162E-03   0.000000E+00
  48    0.000000E+00   9.932768E-10  -1.253452E-09  -4.521270E-09   0.000000E+00
  49    9.932768E-10   2.474948E-05  -1.656067E-05  -5.973526E-05   0.000000E+00
  50    1.253452E-09   1.656067E-05  -3.306781E-06  -4.012928E-05   0.000000E+00
  51    4.521270E-09   5.973526E-05  -4.012928E-05  -1.369301E-04   0.000000E+00
  52    0.000000E+00   0.000000E+00   0.000000E+00   0.000000E+00   7.818439E-06
  53    8.743343E-09   2.421342E-05  -2.551153E-05  -4.915579E-05   0.000000E+00
  54    8.276110E-11   1.748634E-06  -7.487451E-07  -4.423947E-06   0.000000E+00
  55    8.203850E-07   3.731500E-02   1.150275E-02  -6.079315E-02   0.000000E+00
  56    3.731500E-02   3.635573E-01   7.196758E-02  -3.803555E-01   0.000000E+00
  57   -1.150275E-02  -7.196758E-02   1.935222E-01   9.864810E-02   0.000000E+00
  58    6.079315E-02   3.803555E-01   9.864810E-02  -3.091770E-01   0.000000E+00
  59    0.000000E+00   0.000000E+00   0.000000E+00   0.000000E+00   2.121875E-01
  60    5.267889E-03   9.529474E-02   7.394689E-02  -9.862469E-02   0.000000E+00
   
            26             27             28             29             30
  26    1.000000E+00
  27    5.104392E-02   1.000000E+00
  28    1.044694E-04   7.105988E-04   1.000000E+00
  29    2.357500E-07   1.132166E-03   8.450306E-04   1.000000E+00
  30    1.717602E-04   3.275692E-02   2.693660E-02   2.483624E-01   1.000000E+00
  31   -9.870443E-05  -3.102971E-02   3.579936E-02   0.000000E+00   0.000000E+00
  32   -3.412960E-04  -3.624015E-02  -1.773180E-02   0.000000E+00   0.000000E+00
  33    0.000000E+00   0.000000E+00   0.000000E+00   0.000000E+00   0.000000E+00
  34    8.545472E-11   5.752353E-06   8.618502E-04   2.238223E-06   4.283230E-02
  35    1.782349E-06   1.170426E-03   2.729225E-02   4.283230E-02   3.931361E-01
  36   -1.674676E-06  -1.408411E-03   2.366718E-02  -4.613982E-02  -2.649086E-01
  37   -4.251986E-06  -1.646082E-03  -3.277827E-02  -5.400345E-02  -3.100571E-01
  38    0.000000E+00   0.000000E+00   0.000000E+00   0.000000E+00   0.000000E+00
  39    1.349947E-06   2.381112E-04   8.737801E-02   5.582252E-03   9.935216E-02
  40    2.463727E-04   6.214077E-02   2.439707E-03   6.078078E-02   4.847829E-01
  41    1.666652E-07   2.529068E-04   2.569564E-03   5.786728E-03   1.019618E-01
  42    8.450306E-04   1.807483E-07   2.357500E-07   0.000000E+00   0.000000E+00
  43    2.693660E-02   1.465889E-04   1.717602E-04   0.000000E+00   5.759975E-07
  44   -3.579936E-02  -1.919260E-04   9.870443E-05   0.000000E+00  -3.471936E-07
  45    1.773180E-02   2.381265E-04   3.412960E-04   0.000000E+00   1.650429E-06
  46    0.000000E+00   0.000000E+00   0.000000E+00   0.000000E+00   0.000000E+00
  47    2.439707E-03   1.446318E-05   2.463727E-04   0.000000E+00   2.652952E-07
  48    8.618502E-04   1.625079E-08   8.545472E-11   0.000000E+00   0.000000E+00
  49    2.729225E-02   3.497991E-05   1.782349E-06   0.000000E+00   6.160939E-09
  50   -2.366718E-02  -3.197125E-05   1.674676E-06   0.000000E+00  -1.027182E-09
  51    3.277827E-02   7.179362E-05   4.251986E-06   0.000000E+00   2.077981E-08
  52    0.000000E+00   0.000000E+00   0.000000E+00   0.000000E+00   0.000000E+00
  53    8.737801E-02   2.906497E-04   1.349947E-06   0.000000E+00   7.889231E-08
  54    2.569564E-03   1.566016E-06   1.666652E-07   0.000000E+00   2.277202E-10
  55    8.409877E-05   1.146538E-05   5.315948E-03   0.000000E+00   2.117595E-06
  56    6.096255E-03   1.780395E-03   9.591870E-02   2.117595E-06   1.445720E-03
  57   -9.539240E-03  -3.036276E-03   3.317669E-02  -3.876205E-06  -1.448283E-03
  58   -3.457206E-03   1.045108E-03   1.194490E-01   6.684715E-06   2.497638E-03
  59    0.000000E+00   0.000000E+00   0.000000E+00   0.000000E+00   0.000000E+00
  60    7.105988E-04   1.073882E-04   5.104392E-02   1.807483E-07   1.465889E-04
   
            31             32             33             34             35
  31    1.000000E+00
  32    0.000000E+00   1.000000E+00
  33    0.000000E+00   0.000000E+00   1.000000E+00
  34    4.613982E-02   5.400345E-02   0.000000E+00   1.000000E+00
  35    2.649086E-01   3.100571E-01   0.000000E+00   2.483624E-01   1.000000E+00
  36   -2.403555E-03  -2.784178E-01   0.000000E+00   0.000000E+00   0.000000E+00
  37   -2.784178E-01  -9.039576E-02   0.000000E+00   0.000000E+00   0.000000E+00
  38    0.000000E+00   0.000000E+00   2.354729E-01   0.000000E+00   0.000000E+00
  39    1.167751E-01   5.198800E-02   0.000000E+00   6.141066E-02   4.873133E-01
  40   -4.543098E-01   9.273857E-02   0.000000E+00   6.086945E-03   1.057537E-01
  41    3.251351E-02   1.266314E-01   0.000000E+00   6.137652E-02   4.871767E-01
  42    0.000000E+00   0.000000E+00   0.000000E+00   0.000000E+00   0.000000E+00
  43    3.471936E-07  -1.650429E-06   0.000000E+00   0.000000E+00   6.160939E-09
  44   -2.865718E-08   9.954165E-07   0.000000E+00   0.000000E+00  -1.027182E-09
  45    9.954165E-07  -4.551095E-06   0.000000E+00   0.000000E+00   2.077981E-08
  46    0.000000E+00   0.000000E+00   1.807443E-07   0.000000E+00   0.000000E+00
  47    2.615488E-07  -6.820029E-07   0.000000E+00   0.000000E+00   8.614169E-09
  48    0.000000E+00   0.000000E+00   0.000000E+00   0.000000E+00   0.000000E+00
  49    1.027182E-09  -2.077981E-08   0.000000E+00   0.000000E+00   0.000000E+00
  50    1.759756E-09   3.464513E-09   0.000000E+00   0.000000E+00   0.000000E+00
  51    3.464513E-09  -6.815578E-08   0.000000E+00   0.000000E+00   0.000000E+00
  52    0.000000E+00   0.000000E+00   1.931013E-09   0.000000E+00   0.000000E+00
  53   -2.555493E-08  -2.248600E-07   0.000000E+00   0.000000E+00   2.636458E-10
  54    6.646804E-11  -7.652292E-10   0.000000E+00   0.000000E+00   0.000000E+00
  55    3.876205E-06  -6.684715E-06   0.000000E+00   0.000000E+00   4.068461E-08
  56    1.448283E-03  -2.497638E-03   0.000000E+00   4.068461E-08   1.756814E-04
  57   -1.009999E-03   2.570365E-03   0.000000E+00  -4.070484E-08  -9.388048E-05
  58    2.570365E-03  -3.952271E-03   0.000000E+00   1.676444E-07   3.866502E-04
  59    0.000000E+00   0.000000E+00   4.804560E-04   0.000000E+00   0.000000E+00
  60    1.919260E-04  -2.381265E-04   0.000000E+00   1.625079E-08   3.497991E-05
   
            36             37             38             39             40
  36    1.000000E+00
  37    0.000000E+00   1.000000E+00
  38    0.000000E+00   0.000000E+00   1.000000E+00
  39    4.608366E-01  -6.364362E-02   0.000000E+00   1.000000E+00
  40   -1.248208E-01  -5.129674E-02   0.000000E+00   1.455420E-02   1.000000E+00
  41   -1.457509E-01   4.417023E-01   0.000000E+00   1.492780E-01   5.478323E-02
  42    0.000000E+00   0.000000E+00   0.000000E+00   0.000000E+00   0.000000E+00
  43    1.027182E-09  -2.077981E-08   0.000000E+00   7.889231E-08   2.652952E-07
  44    1.759756E-09   3.464513E-09   0.000000E+00   2.555493E-08  -2.615488E-07
  45    3.464513E-09  -6.815578E-08   0.000000E+00   2.248600E-07   6.820029E-07
  46    0.000000E+00   0.000000E+00   1.931013E-09   0.000000E+00   0.000000E+00
  47    5.239778E-09  -2.590152E-08   0.000000E+00   1.480883E-07   6.509459E-08
  48    0.000000E+00   0.000000E+00   0.000000E+00   0.000000E+00   0.000000E+00
  49    0.000000E+00   0.000000E+00   0.000000E+00   2.636458E-10   8.614169E-09
  50    0.000000E+00   0.000000E+00   0.000000E+00   1.844653E-10  -5.239778E-09
  51    0.000000E+00   0.000000E+00   0.000000E+00   8.667740E-10   2.590152E-08
  52    0.000000E+00   0.000000E+00   0.000000E+00   0.000000E+00   0.000000E+00
  53   -1.844653E-10  -8.667740E-10   0.000000E+00   1.000459E-09   1.480883E-07
  54    0.000000E+00   0.000000E+00   0.000000E+00   0.000000E+00   2.910905E-10
  55    4.070484E-08  -1.676444E-07   0.000000E+00   2.840715E-06   2.796085E-07
  56    9.388048E-05  -3.866502E-04   0.000000E+00   7.638918E-04   1.901730E-04
  57    5.543817E-06   2.087646E-04   0.000000E+00   1.027234E-05  -2.529716E-04
  58    2.087646E-04  -8.035718E-04   0.000000E+00   1.450760E-03   2.983698E-04
  59    0.000000E+00   0.000000E+00   5.623284E-05   0.000000E+00   0.000000E+00
  60    3.197125E-05  -7.179362E-05   0.000000E+00   2.906497E-04   1.446318E-05
   
            41             42             43             44             45
  41    1.000000E+00
  42    0.000000E+00   1.000000E+00
  43    2.277202E-10   2.483624E-01   1.000000E+00
  44   -6.646804E-11   0.000000E+00   0.000000E+00   1.000000E+00
  45    7.652292E-10   0.000000E+00   0.000000E+00   0.000000E+00   1.000000E+00
  46    0.000000E+00   0.000000E+00   0.000000E+00   0.000000E+00   0.000000E+00
  47    2.910905E-10   6.078078E-02   4.847829E-01   4.543098E-01  -9.273857E-02
  48    0.000000E+00   2.238223E-06   4.283230E-02  -4.613982E-02  -5.400345E-02
  49    0.000000E+00   4.283230E-02   3.931361E-01  -2.649086E-01  -3.100571E-01
  50    0.000000E+00   4.613982E-02   2.649086E-01  -2.403555E-03  -2.784178E-01
  51    0.000000E+00   5.400345E-02   3.100571E-01  -2.784178E-01  -9.039576E-02
  52    0.000000E+00   0.000000E+00   0.000000E+00   0.000000E+00   0.000000E+00
  53    0.000000E+00   5.582252E-03   9.935216E-02  -1.167751E-01  -5.198800E-02
  54    0.000000E+00   5.786728E-03   1.019618E-01  -3.251351E-02  -1.266314E-01
  55    1.191143E-09   0.000000E+00   1.257045E-03   8.636932E-04   2.887612E-03
  56    7.487562E-06   1.257045E-03   4.912942E-02   2.123832E-02   7.100671E-02
  57   -4.542618E-06  -8.636932E-04  -2.123832E-02   1.002865E-02  -3.364565E-02
  58    1.749579E-05  -2.887612E-03  -7.100671E-02  -3.364565E-02  -9.239634E-02
  59    0.000000E+00   0.000000E+00   0.000000E+00   0.000000E+00   0.000000E+00
  60    1.566016E-06   1.132166E-03   3.275692E-02   3.102971E-02   3.624015E-02
   
            46             47             48             49             50
  46    1.000000E+00
  47    0.000000E+00   1.000000E+00
  48    0.000000E+00   6.086945E-03   1.000000E+00
  49    0.000000E+00   1.057537E-01   2.483624E-01   1.000000E+00
  50    0.000000E+00   1.248208E-01   0.000000E+00   0.000000E+00   1.000000E+00
  51    0.000000E+00   5.129674E-02   0.000000E+00   0.000000E+00   0.000000E+00
  52    2.354729E-01   0.000000E+00   0.000000E+00   0.000000E+00   0.000000E+00
  53    0.000000E+00   1.455420E-02   6.141066E-02   4.873133E-01  -4.608366E-01
  54    0.000000E+00   5.478323E-02   6.137652E-02   4.871767E-01   1.457509E-01
  55    0.000000E+00   1.326211E-03   0.000000E+00   2.969514E-06   4.494415E-06
  56    0.000000E+00   3.644477E-02   2.969514E-06   1.733922E-03   1.441205E-03
  57    0.000000E+00   7.048481E-03  -4.494415E-06  -1.441205E-03  -6.539727E-04
  58    0.000000E+00  -5.206183E-02  -9.679494E-06  -3.103883E-03  -2.655967E-03
  59    2.009217E-02   0.000000E+00   0.000000E+00   0.000000E+00   0.000000E+00
  60    0.000000E+00   6.214077E-02   5.752353E-06   1.170426E-03   1.408411E-03
   
            51             52             53             54             55
  51    1.000000E+00
  52    0.000000E+00   1.000000E+00
  53    6.364362E-02   0.000000E+00   1.000000E+00
  54   -4.417023E-01   0.000000E+00   1.492780E-01   1.000000E+00
  55    9.679494E-06   0.000000E+00   2.326387E-06   2.837749E-07   1.000000E+00
  56    3.103883E-03   0.000000E+00   6.772227E-04   1.918598E-04   2.483624E-01
  57   -2.655967E-03   0.000000E+00  -8.190163E-04  -1.062104E-04   0.000000E+00
  58   -5.140825E-03   0.000000E+00  -1.003677E-03  -3.798863E-04   0.000000E+00
  59    0.000000E+00   5.792548E-04   0.000000E+00   0.000000E+00   0.000000E+00
  60    1.646082E-03   0.000000E+00   2.381112E-04   2.529068E-04   6.102877E-02
   
            56             57             58             59             60
  56    1.000000E+00
  57    0.000000E+00   1.000000E+00
  58    0.000000E+00   0.000000E+00   1.000000E+00
  59    0.000000E+00   0.000000E+00   0.000000E+00   1.000000E+00
  60    4.857816E-01   4.392150E-01  -1.505007E-01   0.000000E+00   1.000000E+00
   
   
  KE        
   
             1              2              3              4              5
   1    1.589112E+01
   2   -8.588999E-02   4.722500E-01
   3    0.000000E+00   0.000000E+00   1.477728E+00
