 Entering Gaussian System, Link 0=g09
 Initial command:
 /share/apps/g09/l1.exe /state/partition1/adam-11619/Gau-13616.inp -scrdir=/state/partition1/adam-11619/
 Entering Link 1 = /share/apps/g09/l1.exe PID=     13617.
  
 Copyright (c) 1988,1990,1992,1993,1995,1998,2003,2009, Gaussian, Inc.
                  All Rights Reserved.
  
 This is part of the Gaussian(R) 09 program.  It is based on
 the Gaussian(R) 03 system (copyright 2003, Gaussian, Inc.),
 the Gaussian(R) 98 system (copyright 1998, Gaussian, Inc.),
 the Gaussian(R) 94 system (copyright 1995, Gaussian, Inc.),
 the Gaussian 92(TM) system (copyright 1992, Gaussian, Inc.),
 the Gaussian 90(TM) system (copyright 1990, Gaussian, Inc.),
 the Gaussian 88(TM) system (copyright 1988, Gaussian, Inc.),
 the Gaussian 86(TM) system (copyright 1986, Carnegie Mellon
 University), and the Gaussian 82(TM) system (copyright 1983,
 Carnegie Mellon University). Gaussian is a federally registered
 trademark of Gaussian, Inc.
  
 This software contains proprietary and confidential information,
 including trade secrets, belonging to Gaussian, Inc.
  
 This software is provided under written license and may be
 used, copied, transmitted, or stored only in accord with that
 written license.
  
 The following legend is applicable only to US Government
 contracts under FAR:
  
                    RESTRICTED RIGHTS LEGEND
  
 Use, reproduction and disclosure by the US Government is
 subject to restrictions as set forth in subparagraphs (a)
 and (c) of the Commercial Computer Software - Restricted
 Rights clause in FAR 52.227-19.
  
 Gaussian, Inc.
 340 Quinnipiac St., Bldg. 40, Wallingford CT 06492
  
  
 ---------------------------------------------------------------
 Warning -- This program may not be used in any manner that
 competes with the business of Gaussian, Inc. or will provide
 assistance to any competitor of Gaussian, Inc.  The licensee
 of this program is prohibited from giving any competitor of
 Gaussian, Inc. access to this program.  By using this program,
 the user acknowledges that Gaussian, Inc. is engaged in the
 business of creating and licensing software in the field of
 computational chemistry and represents and warrants to the
 licensee that it is not a competitor of Gaussian, Inc. and that
 it will not use this program in any manner prohibited above.
 ---------------------------------------------------------------
  

 Cite this work as:
 Gaussian 09, Revision A.02,
 M. J. Frisch, G. W. Trucks, H. B. Schlegel, G. E. Scuseria, 
 M. A. Robb, J. R. Cheeseman, G. Scalmani, V. Barone, B. Mennucci, 
 G. A. Petersson, H. Nakatsuji, M. Caricato, X. Li, H. P. Hratchian, 
 A. F. Izmaylov, J. Bloino, G. Zheng, J. L. Sonnenberg, M. Hada, 
 M. Ehara, K. Toyota, R. Fukuda, J. Hasegawa, M. Ishida, T. Nakajima, 
 Y. Honda, O. Kitao, H. Nakai, T. Vreven, J. A. Montgomery, Jr., 
 J. E. Peralta, F. Ogliaro, M. Bearpark, J. J. Heyd, E. Brothers, 
 K. N. Kudin, V. N. Staroverov, R. Kobayashi, J. Normand, 
 K. Raghavachari, A. Rendell, J. C. Burant, S. S. Iyengar, J. Tomasi, 
 M. Cossi, N. Rega, J. M. Millam, M. Klene, J. E. Knox, J. B. Cross, 
 V. Bakken, C. Adamo, J. Jaramillo, R. Gomperts, R. E. Stratmann, 
 O. Yazyev, A. J. Austin, R. Cammi, C. Pomelli, J. W. Ochterski, 
 R. L. Martin, K. Morokuma, V. G. Zakrzewski, G. A. Voth, 
 P. Salvador, J. J. Dannenberg, S. Dapprich, A. D. Daniels, 
 O. Farkas, J. B. Foresman, J. V. Ortiz, J. Cioslowski, 
 and D. J. Fox, Gaussian, Inc., Wallingford CT, 2009.
 
 ******************************************
 Gaussian 09:  IA32L-G09RevA.02 11-Jun-2009
                31-Jan-2014 
 ******************************************
 %chk=PhCCCC.chk
 %mem=100MB
 %nproc=1
 Will use up to    1 processors via shared memory.
 ---------------------------------------------------------------------
 #t b3lyp/sto-3g guess=read geom=allcheck pop=full iop(3/33=1,3/36=-1)
 ---------------------------------------------------------------------
 -----------------
 DVB scan dihedral
 -----------------
 Redundant internal coordinates taken from checkpoint file:
 PhCCCC.chk
 Charge =  0 Multiplicity = 1
 C,0,0.1821211638,-1.4140344915,0.1684150775
 C,0,-0.5116857701,-0.8952094604,-0.9581717777
 C,0,-0.6882465879,0.4863173188,-1.1204946225
 C,0,-0.1821513121,1.4140088725,-0.1683311093
 C,0,0.5115288443,0.8951529375,0.9583504479
 H,0,-0.9156569514,-1.5821600763,-1.7129311071
 H,0,-1.2278093805,0.8652667393,-1.9993098947
 H,0,0.9155069551,1.5821428051,1.713065894
 C,0,-0.3985699679,2.8791220486,-0.3902134106
 C,0,0.01233008,3.8800702199,0.4075105154
 H,0,0.5687569452,3.7062200694,1.3355743782
 H,0,-0.9534631577,3.123266115,-1.3085938526
 H,0,-0.195574845,4.9271478725,0.1582907052
 C,0,0.398680965,-2.8791473082,0.3902021838
 H,0,0.9536938742,-3.1234054735,1.3084889363
 C,0,-0.0122999075,-3.8799815424,-0.4076198204
 H,0,-0.5688261894,-3.7059996944,-1.3356186536
 H,0,0.1957689273,-4.9270965165,-0.158666039
 C,0,0.6881836712,-0.4863360101,1.1206195516
 H,0,1.2277126433,-0.8653444252,1.9994325979
 Recover connectivity data from disk.
                    Distance matrix (angstroms):
                    1          2          3          4          5
     1  C    0.000000
     2  C    1.421177   0.000000
     3  C    2.455639   1.402191   0.000000
     4  C    2.871223   2.462708   1.422448   0.000000
     5  C    2.462692   2.815213   2.434790   1.421202   0.000000
     6  H    2.184685   1.097614   2.163630   3.449761   3.912759
     7  H    3.447049   2.167044   1.098657   2.178762   3.431318
     8  H    3.449765   3.912757   3.435393   2.184669   1.097610
     9  C    4.368119   3.818501   2.518479   1.497540   2.565743
    10  C    5.302220   4.994294   3.787237   2.539857   3.076094
    11  H    5.265810   5.253740   4.240296   2.842504   2.836842
    12  H    4.904916   4.057845   2.656919   2.194694   3.499961
    13  H    6.352429   5.936856   4.647472   3.528315   4.170980
    14  C    1.497546   2.565714   3.845773   4.368125   3.818490
    15  H    2.194776   3.499992   4.650379   4.905025   4.057945
    16  C    2.539786   3.075932   4.475451   5.302117   4.994215
    17  H    2.842383   2.836595   4.199531   5.265602   5.253577
    18  H    3.528282   4.170829   5.568810   6.352364   5.936836
    19  C    1.422469   2.434797   2.804141   2.455644   1.402159
    20  H    2.178749   3.431300   3.902798   3.447081   2.167054
                    6          7          8          9         10
     6  H    0.000000
     7  H    2.483818   0.000000
     8  H    5.010332   4.346200   0.000000
     9  C    4.681880   2.707848   2.798703   0.000000
    10  C    5.932402   4.052132   2.792969   1.344284   0.000000
    11  H    6.282025   4.734989   2.185049   2.144331   1.095964
    12  H    4.722918   2.377165   3.872795   1.100425   2.109626
    13  H    6.811100   4.713770   3.852387   2.129900   1.096224
    14  C    2.798719   4.730315   4.681900   5.865349   6.770272
    15  H    3.872840   5.622277   4.723063   6.383145   7.123665
    16  C    2.792826   5.150565   5.932363   6.770154   7.802785
    17  H    2.184800   4.665964   6.281893   6.654818   7.805428
    18  H    3.852221   6.242277   6.811138   7.832235   8.827253
    19  C    3.435425   3.902796   2.163625   3.845771   4.475579
    20  H    4.346205   5.001454   2.483882   4.730352   5.150760
                   11         12         13         14         15
    11  H    0.000000
    12  H    3.106222   0.000000
    13  H    1.860340   2.445431   0.000000
    14  C    6.655052   6.383038   7.832316   0.000000
    15  H    6.840519   7.036141   8.213110   1.100433   0.000000
    16  C    7.805563   7.123414   8.827195   1.344282   2.109640
    17  H    7.960551   6.840142   8.769397   2.144344   3.106250
    18  H    8.769608   8.212881   9.867104   2.129912   2.445464
    19  C    4.199761   4.650302   5.568924   2.518505   2.657052
    20  H    4.666276   5.622240   6.242477   2.707825   2.377252
                   16         17         18         19         20
    16  C    0.000000
    17  H    1.095980   0.000000
    18  H    1.096230   1.860350   0.000000
    19  C    3.787218   4.240214   4.647515   0.000000
    20  H    4.052107   4.734917   4.713823   1.098659   0.000000
 Framework group  C1[X(C10H10)]
 Deg. of freedom    54
                         Standard orientation:                         
 ---------------------------------------------------------------------
 Center     Atomic      Atomic             Coordinates (Angstroms)
 Number     Number       Type             X           Y           Z
 ---------------------------------------------------------------------
      1          6           0       -1.415124    0.241742    0.000032
      2          6           0       -0.899583   -1.082631   -0.000096
      3          6           0        0.483014   -1.316217   -0.000054
      4          6           0        1.415105   -0.241710   -0.000069
      5          6           0        0.899542    1.082680   -0.000099
      6          1           0       -1.589966   -1.935934   -0.000050
      7          1           0        0.859365   -2.348403   -0.000031
      8          1           0        1.589962    1.935950   -0.000115
      9          6           0        2.881177   -0.547093    0.000067
     10          6           0        3.886075    0.345812    0.000070
     11          1           0        3.715242    1.428379   -0.000035
     12          1           0        3.122423   -1.620749    0.000135
     13          1           0        4.933519    0.022440    0.000276
     14          6           0       -2.881204    0.547115    0.000066
     15          1           0       -3.122571    1.620751    0.000143
     16          6           0       -3.885988   -0.345916    0.000049
     17          1           0       -3.715016   -1.428478    0.000042
     18          1           0       -4.933482   -0.022690    0.000116
     19          6           0       -0.483023    1.316268   -0.000031
     20          1           0       -0.859431    2.348435   -0.000085
 ---------------------------------------------------------------------
 Rotational constants (GHZ):      4.6265238      0.6849150      0.5965946
                         Coordinates in L301:                         
 ---------------------------------------------------------------------
 Center     Atomic      Atomic             Coordinates (Angstroms)
 Number     Number       Type             X           Y           Z
 ---------------------------------------------------------------------
      1          6           0       -1.415124    0.241742    0.000032
      2          6           0       -0.899583   -1.082631   -0.000096
      3          6           0        0.483014   -1.316217   -0.000054
      4          6           0        1.415105   -0.241710   -0.000069
      5          6           0        0.899542    1.082680   -0.000099
      6          1           0       -1.589966   -1.935934   -0.000050
      7          1           0        0.859365   -2.348403   -0.000031
      8          1           0        1.589962    1.935950   -0.000115
      9          6           0        2.881177   -0.547093    0.000067
     10          6           0        3.886075    0.345812    0.000070
     11          1           0        3.715242    1.428379   -0.000035
     12          1           0        3.122423   -1.620749    0.000135
     13          1           0        4.933519    0.022440    0.000276
     14          6           0       -2.881204    0.547115    0.000066
     15          1           0       -3.122571    1.620751    0.000143
     16          6           0       -3.885988   -0.345916    0.000049
     17          1           0       -3.715016   -1.428478    0.000042
     18          1           0       -4.933482   -0.022690    0.000116
     19          6           0       -0.483023    1.316268   -0.000031
     20          1           0       -0.859431    2.348435   -0.000085
 ---------------------------------------------------------------------
 FixB: optimizing general contractions.
 Ernie: Thresh=  0.10000D-02 Tol=  0.10000D-05 Strict=F.
 IA=     1 NL=   1 NS=   0.
 IA=     1 L=0 SC=0 ISt=    0 NBk=    0 NP=    0 IndPr=    0.
 IA=     1 NL=   1 NS=   0.
 IA=     1 L=1 SC=0 ISt=    0 NBk=    0 NP=    0 IndPr=    0.
 IA=     2 NL=   1 NS=   0.
 IA=     2 L=0 SC=0 ISt=    0 NBk=    0 NP=    0 IndPr=    0.
 IA=     2 NL=   1 NS=   0.
 IA=     2 L=1 SC=0 ISt=    0 NBk=    0 NP=    0 IndPr=    0.
 IA=     3 NL=   1 NS=   0.
 IA=     3 L=0 SC=0 ISt=    0 NBk=    0 NP=    0 IndPr=    0.
 IA=     3 NL=   1 NS=   0.
 IA=     3 L=1 SC=0 ISt=    0 NBk=    0 NP=    0 IndPr=    0.
 IA=     4 NL=   1 NS=   0.
 IA=     4 L=0 SC=0 ISt=    0 NBk=    0 NP=    0 IndPr=    0.
 IA=     4 NL=   1 NS=   0.
 IA=     4 L=1 SC=0 ISt=    0 NBk=    0 NP=    0 IndPr=    0.
 IA=     5 NL=   1 NS=   0.
 IA=     5 L=0 SC=0 ISt=    0 NBk=    0 NP=    0 IndPr=    0.
 IA=     5 NL=   1 NS=   0.
 IA=     5 L=1 SC=0 ISt=    0 NBk=    0 NP=    0 IndPr=    0.
 IA=     6 NL=   1 NS=   0.
 IA=     6 L=0 SC=0 ISt=    0 NBk=    0 NP=    0 IndPr=    0.
 IA=     7 NL=   1 NS=   0.
 IA=     7 L=0 SC=0 ISt=    0 NBk=    0 NP=    0 IndPr=    0.
 IA=     8 NL=   1 NS=   0.
 IA=     8 L=0 SC=0 ISt=    0 NBk=    0 NP=    0 IndPr=    0.
 IA=     9 NL=   1 NS=   0.
 IA=     9 L=0 SC=0 ISt=    0 NBk=    0 NP=    0 IndPr=    0.
 IA=     9 NL=   1 NS=   0.
 IA=     9 L=1 SC=0 ISt=    0 NBk=    0 NP=    0 IndPr=    0.
 IA=    10 NL=   1 NS=   0.
 IA=    10 L=0 SC=0 ISt=    0 NBk=    0 NP=    0 IndPr=    0.
 IA=    10 NL=   1 NS=   0.
 IA=    10 L=1 SC=0 ISt=    0 NBk=    0 NP=    0 IndPr=    0.
 IA=    11 NL=   1 NS=   0.
 IA=    11 L=0 SC=0 ISt=    0 NBk=    0 NP=    0 IndPr=    0.
 IA=    12 NL=   1 NS=   0.
 IA=    12 L=0 SC=0 ISt=    0 NBk=    0 NP=    0 IndPr=    0.
 IA=    13 NL=   1 NS=   0.
 IA=    13 L=0 SC=0 ISt=    0 NBk=    0 NP=    0 IndPr=    0.
 IA=    14 NL=   1 NS=   0.
 IA=    14 L=0 SC=0 ISt=    0 NBk=    0 NP=    0 IndPr=    0.
 IA=    14 NL=   1 NS=   0.
 IA=    14 L=1 SC=0 ISt=    0 NBk=    0 NP=    0 IndPr=    0.
 IA=    15 NL=   1 NS=   0.
 IA=    15 L=0 SC=0 ISt=    0 NBk=    0 NP=    0 IndPr=    0.
 IA=    16 NL=   1 NS=   0.
 IA=    16 L=0 SC=0 ISt=    0 NBk=    0 NP=    0 IndPr=    0.
 IA=    16 NL=   1 NS=   0.
 IA=    16 L=1 SC=0 ISt=    0 NBk=    0 NP=    0 IndPr=    0.
 IA=    17 NL=   1 NS=   0.
 IA=    17 L=0 SC=0 ISt=    0 NBk=    0 NP=    0 IndPr=    0.
 IA=    18 NL=   1 NS=   0.
 IA=    18 L=0 SC=0 ISt=    0 NBk=    0 NP=    0 IndPr=    0.
 IA=    19 NL=   1 NS=   0.
 IA=    19 L=0 SC=0 ISt=    0 NBk=    0 NP=    0 IndPr=    0.
 IA=    19 NL=   1 NS=   0.
 IA=    19 L=1 SC=0 ISt=    0 NBk=    0 NP=    0 IndPr=    0.
 IA=    20 NL=   1 NS=   0.
 IA=    20 L=0 SC=0 ISt=    0 NBk=    0 NP=    0 IndPr=    0.
 LdAtmC:  AtmChg=     6.000000     6.000000     6.000000     6.000000     6.000000
 LdAtmC:  AtmChg=     1.000000     1.000000     1.000000     6.000000     6.000000
 LdAtmC:  AtmChg=     1.000000     1.000000     1.000000     6.000000     1.000000
 LdAtmC:  AtmChg=     6.000000     1.000000     1.000000     6.000000     1.000000
 AtZEff=     -3.6000000     -3.6000000     -3.6000000     -3.6000000     -3.6000000
 AtZEff=     -1.0000000     -1.0000000     -1.0000000     -3.6000000     -3.6000000
 AtZEff=     -1.0000000     -1.0000000     -1.0000000     -3.6000000     -1.0000000
 AtZEff=     -3.6000000     -1.0000000     -1.0000000     -3.6000000     -1.0000000
 NEqShl: 
              1
     1            1
     2            2
     3            3
     4            4
     5            5
     6            6
     7            7
     8            8
     9            9
    10           10
    11           11
    12           12
    13           13
    14           14
    15           15
    16           16
    17           17
    18           18
    19           19
    20           20
    21           21
    22           22
    23           23
    24           24
    25           25
    26           26
    27           27
    28           28
    29           29
    30           30
 NEqBas: 
              1
     1            1
     2            2
     3            3
     4            4
     5            5
     6            6
     7            7
     8            8
     9            9
    10           10
    11           11
    12           12
    13           13
    14           14
    15           15
    16           16
    17           17
    18           18
    19           19
    20           20
    21           21
    22           22
    23           23
    24           24
    25           25
    26           26
    27           27
    28           28
    29           29
    30           30
    31           31
    32           32
    33           33
    34           34
    35           35
    36           36
    37           37
    38           38
    39           39
    40           40
    41           41
    42           42
    43           43
    44           44
    45           45
    46           46
    47           47
    48           48
    49           49
    50           50
    51           51
    52           52
    53           53
    54           54
    55           55
    56           56
    57           57
    58           58
    59           59
    60           60
 NEqShl: 
              1
     1            1
     2            2
     3            3
     4            4
     5            5
     6            6
     7            7
     8            8
     9            9
    10           10
    11           11
    12           12
    13           13
    14           14
    15           15
    16           16
    17           17
    18           18
    19           19
    20           20
    21           21
    22           22
    23           23
    24           24
    25           25
    26           26
    27           27
    28           28
    29           29
    30           30
 NEqBas: 
              1
     1            1
     2            2
     3            3
     4            4
     5            5
     6            6
     7            7
     8            8
     9            9
    10           10
    11           11
    12           12
    13           13
    14           14
    15           15
    16           16
    17           17
    18           18
    19           19
    20           20
    21           21
    22           22
    23           23
    24           24
    25           25
    26           26
    27           27
    28           28
    29           29
    30           30
    31           31
    32           32
    33           33
    34           34
    35           35
    36           36
    37           37
    38           38
    39           39
    40           40
    41           41
    42           42
    43           43
    44           44
    45           45
    46           46
    47           47
    48           48
    49           49
    50           50
    51           51
    52           52
    53           53
    54           54
    55           55
    56           56
    57           57
    58           58
    59           59
    60           60
 Order= 1
 Reordered character table:
              1
     1            1
    60 basis functions,   180 primitive gaussians,    60 cartesian basis functions
    35 alpha electrons       35 beta electrons
       nuclear repulsion energy       445.8955115860 Hartrees.
 NAtoms=   20 NActive=   20 NUniq=   20 SFac= 7.50D-01 NAtFMM=   80 NAOKFM=F Big=F
 NPDir=0 NMtPBC=     1 NCelOv=     1 NCel=       1 NClECP=     1 NCelD=      1
         NCelK=      1 NCelE2=     1 NClLst=     1 CellRange=     0.0.
 Entering OneElI...
 Calculate overlap and kinetic energy integrals
    NBasis =  60  MinDer = 0  MaxDer = 0
 Requested accuracy = 0.1000D-12
 PrsmSu:  NPrtUS=   1 ThrOK=F IAlg=1
 PRISM was handed    13050838 working-precision words and   442 shell-pairs
 IPart=  0 NShTot=         442 NBatch=          19 AvBLen=        23.3
 *** Overlap *** 
                1             2             3             4             5 
      1  0.100000D+01
      2  0.248362D+00  0.100000D+01
      3  0.000000D+00  0.000000D+00  0.100000D+01
      4  0.000000D+00  0.000000D+00  0.000000D+00  0.100000D+01
      5  0.000000D+00  0.000000D+00  0.000000D+00  0.000000D+00  0.100000D+01
      6  0.000000D+00  0.356453D-01  0.214515D-01 -0.551068D-01 -0.532460D-05
      7  0.356453D-01  0.354134D+00  0.137916D+00 -0.354294D+00 -0.342330D-04
      8 -0.214515D-01 -0.137916D+00  0.134980D+00  0.179804D+00  0.173732D-04
      9  0.551068D-01  0.354294D+00  0.179804D+00 -0.256926D+00 -0.446301D-04
     10  0.532460D-05  0.342330D-04  0.173732D-04 -0.446301D-04  0.204972D+00
     11  0.000000D+00  0.159299D-02  0.288006D-02 -0.236390D-02  0.000000D+00
     12  0.159299D-02  0.563229D-01  0.646768D-01 -0.530856D-01 -0.292748D-05
     13 -0.288006D-02 -0.646768D-01 -0.583957D-01  0.671113D-01  0.370095D-05
     14  0.236390D-02  0.530856D-01  0.671113D-01 -0.317146D-01 -0.303768D-05
     15  0.000000D+00  0.292748D-05  0.370095D-05 -0.303768D-05  0.233692D-01
     16  0.000000D+00  0.298179D-03  0.802389D-03 -0.137062D-03  0.000000D+00
     17  0.298179D-03  0.216830D-01  0.349508D-01 -0.597021D-02 -0.124144D-05
     18 -0.802389D-03 -0.349508D-01 -0.522522D-01  0.103334D-01  0.214870D-05
     19  0.137062D-03  0.597021D-02  0.103334D-01  0.647625D-02  0.000000D+00
     20  0.000000D+00  0.124144D-05  0.214870D-05  0.000000D+00  0.824137D-02
     21  0.000000D+00  0.155168D-02  0.342077D-02  0.124279D-02  0.000000D+00
     22  0.155168D-02  0.554738D-01  0.775927D-01  0.281901D-01 -0.439874D-05
     23 -0.342077D-02 -0.775927D-01 -0.964442D-01 -0.433875D-01  0.677011D-05
     24 -0.124279D-02 -0.281901D-01 -0.433875D-01  0.721607D-02  0.245964D-05
     25  0.000000D+00  0.439874D-05  0.677011D-05  0.245964D-05  0.229791D-01
     26  0.503631D-02  0.922686D-01 -0.959154D-02 -0.119463D+00 -0.451245D-05
     27  0.802831D-04  0.592140D-02  0.651595D-02 -0.742024D-02  0.000000D+00
     28  0.794138D-04  0.588115D-02  0.854771D-02  0.481903D-02  0.000000D+00
     29  0.000000D+00  0.000000D+00  0.000000D+00  0.000000D+00  0.000000D+00
     30  0.000000D+00  0.256796D-03  0.559995D-03 -0.102820D-03  0.000000D+00
     31  0.000000D+00 -0.559995D-03 -0.115384D-02  0.227012D-03  0.000000D+00
     32  0.000000D+00  0.102820D-03  0.227012D-03  0.408732D-04  0.000000D+00
     33  0.000000D+00  0.000000D+00  0.000000D+00  0.000000D+00  0.825544D-04
     34  0.000000D+00  0.000000D+00  0.000000D+00  0.000000D+00  0.000000D+00
     35  0.000000D+00  0.700872D-05  0.185859D-04  0.000000D+00  0.000000D+00
     36  0.000000D+00 -0.185859D-04 -0.471844D-04  0.000000D+00  0.000000D+00
     37  0.000000D+00  0.000000D+00  0.000000D+00  0.218684D-05  0.000000D+00
     38  0.000000D+00  0.000000D+00  0.000000D+00  0.000000D+00  0.220587D-05
     39  0.000000D+00  0.231393D-04  0.516759D-04  0.119525D-04  0.000000D+00
     40  0.000000D+00  0.819845D-04  0.163205D-03 -0.669893D-04  0.000000D+00
     41  0.000000D+00  0.000000D+00  0.000000D+00  0.000000D+00  0.000000D+00
     42  0.000000D+00  0.295719D-01 -0.482879D-01  0.100580D-01  0.112902D-05
     43  0.295719D-01  0.317744D+00 -0.344701D+00  0.717983D-01  0.805943D-05
     44  0.482879D-01  0.344701D+00 -0.299228D+00  0.994039D-01  0.111582D-04
     45 -0.100580D-01 -0.717983D-01  0.994039D-01  0.157300D+00 -0.232416D-05
     46 -0.112902D-05 -0.805943D-05  0.111582D-04 -0.232416D-05  0.178005D+00
     47  0.490729D-02  0.905682D-01 -0.917354D-01  0.740895D-01  0.594535D-05
     48  0.000000D+00  0.115866D-02 -0.272519D-02 -0.648145D-03  0.000000D+00
     49  0.115866D-02  0.468795D-01 -0.691547D-01 -0.164474D-01  0.000000D+00
     50  0.272519D-02  0.691547D-01 -0.925792D-01 -0.265566D-01  0.000000D+00
     51  0.648145D-03  0.164474D-01 -0.265566D-01  0.127644D-01  0.000000D+00
     52  0.000000D+00  0.000000D+00  0.000000D+00  0.000000D+00  0.190804D-01
     53  0.732833D-03  0.245066D-01 -0.296583D-01 -0.215384D-01  0.000000D+00
     54  0.577541D-04  0.482021D-02 -0.812878D-02 -0.610942D-03  0.000000D+00
     55  0.000000D+00  0.355343D-01  0.386304D-01  0.445331D-01 -0.262007D-05
     56  0.355343D-01  0.353499D+00  0.248818D+00  0.286838D+00 -0.168759D-04
     57 -0.386304D-01 -0.248818D+00 -0.236532D-01 -0.263003D+00  0.154735D-04
     58 -0.445331D-01 -0.286838D+00 -0.263003D+00 -0.987004D-01  0.178379D-04
     59  0.262007D-05  0.168759D-04  0.154735D-04  0.178379D-04  0.204489D+00
     60  0.511352D-02  0.932812D-01  0.308598D-01  0.116993D+00 -0.649818D-05
                6             7             8             9            10 
      6  0.100000D+01
      7  0.248362D+00  0.100000D+01
      8  0.000000D+00  0.000000D+00  0.100000D+01
      9  0.000000D+00  0.000000D+00  0.000000D+00  0.100000D+01
     10  0.000000D+00  0.000000D+00  0.000000D+00  0.000000D+00  0.100000D+01
     11  0.000000D+00  0.373135D-01  0.610048D-01 -0.103066D-01  0.185536D-05
     12  0.373135D-01  0.363549D+00  0.381689D+00 -0.644855D-01  0.116084D-04
     13 -0.610048D-01 -0.381689D+00 -0.312855D+00  0.887038D-01 -0.159681D-04
     14  0.103066D-01  0.644855D-01  0.887038D-01  0.197195D+00  0.269777D-05
     15 -0.185536D-05 -0.116084D-04 -0.159681D-04  0.269777D-05  0.212181D+00
     16  0.000000D+00  0.155159D-02  0.342060D-02  0.124270D-02  0.000000D+00
     17  0.155159D-02  0.554719D-01  0.775907D-01  0.281885D-01  0.000000D+00
     18 -0.342060D-02 -0.775907D-01 -0.964427D-01 -0.433853D-01 -0.141554D-05
     19 -0.124270D-02 -0.281885D-01 -0.433853D-01  0.721649D-02  0.000000D+00
     20  0.000000D+00  0.000000D+00 -0.141554D-05  0.000000D+00  0.229783D-01
     21  0.000000D+00  0.379428D-03  0.649137D-03  0.781259D-03  0.000000D+00
     22  0.379428D-03  0.248335D-01  0.256354D-01  0.308531D-01  0.000000D+00
     23 -0.649137D-03 -0.256354D-01 -0.189592D-01 -0.343011D-01  0.000000D+00
     24 -0.781259D-03 -0.308531D-01 -0.343011D-01 -0.317415D-01  0.000000D+00
     25  0.000000D+00  0.000000D+00  0.000000D+00  0.000000D+00  0.954109D-02
     26  0.611783D-01  0.486382D+00 -0.292257D+00 -0.361226D+00  0.193496D-04
     27  0.526872D-02  0.953055D-01  0.100064D+00 -0.720080D-01  0.369119D-05
     28  0.109532D-04  0.173145D-02  0.199041D-02  0.241338D-02  0.000000D+00
     29  0.000000D+00  0.248012D-05  0.889760D-05  0.126033D-05  0.000000D+00
     30  0.248012D-05  0.157385D-02  0.309497D-02  0.438396D-03  0.000000D+00
     31 -0.889760D-05 -0.309497D-02 -0.573420D-02 -0.886502D-03  0.000000D+00
     32 -0.126033D-05 -0.438396D-03 -0.886502D-03  0.398719D-03  0.000000D+00
     33  0.000000D+00  0.000000D+00  0.000000D+00  0.000000D+00  0.524291D-03
     34  0.000000D+00  0.000000D+00  0.000000D+00  0.000000D+00  0.000000D+00
     35  0.000000D+00  0.247378D-04  0.593722D-04  0.177216D-04  0.000000D+00
     36  0.000000D+00 -0.593722D-04 -0.135247D-03 -0.427015D-04  0.000000D+00
     37  0.000000D+00 -0.177216D-04 -0.427015D-04 -0.493098D-05  0.000000D+00
     38  0.000000D+00  0.000000D+00  0.000000D+00  0.000000D+00  0.781474D-05
     39  0.000000D+00  0.241728D-04  0.485691D-04  0.264273D-04  0.000000D+00
     40  0.559448D-05  0.115084D-02  0.211350D-02 -0.282772D-03  0.000000D+00
     41  0.000000D+00  0.174906D-05  0.440948D-05  0.000000D+00  0.000000D+00
     42  0.000000D+00  0.104815D-02 -0.197685D-02  0.162582D-02  0.000000D+00
     43  0.104815D-02  0.442576D-01 -0.521523D-01  0.428917D-01  0.426993D-05
     44  0.197685D-02  0.521523D-01 -0.492432D-01  0.552286D-01  0.549809D-05
     45 -0.162582D-02 -0.428917D-01  0.552286D-01 -0.275120D-01 -0.452180D-05
     46  0.000000D+00 -0.426993D-05  0.549809D-05 -0.452180D-05  0.179097D-01
     47  0.648298D-04  0.518040D-02 -0.553741D-02  0.673405D-02  0.000000D+00
     48  0.000000D+00  0.118729D-03 -0.336979D-03  0.831292D-04  0.000000D+00
     49  0.118729D-03  0.129651D-01 -0.215020D-01  0.530432D-02  0.104208D-05
     50  0.336979D-03  0.215020D-01 -0.331428D-01  0.934788D-02  0.183648D-05
     51 -0.831292D-04 -0.530432D-02  0.934788D-02  0.244451D-02  0.000000D+00
     52  0.000000D+00 -0.104208D-05  0.183648D-05  0.000000D+00  0.475053D-02
     53  0.746981D-03  0.248189D-01 -0.368030D-01 -0.452088D-02  0.180700D-05
     54  0.326001D-05  0.830080D-03 -0.151719D-02  0.398654D-03  0.000000D+00
     55  0.000000D+00  0.172087D-02  0.682922D-03  0.393283D-02  0.000000D+00
     56  0.172087D-02  0.588967D-01  0.148924D-01  0.857627D-01  0.231474D-05
     57 -0.682922D-03 -0.148924D-01  0.204049D-01 -0.239106D-01  0.000000D+00
     58 -0.393283D-02 -0.857627D-01 -0.239106D-01 -0.113140D+00 -0.371646D-05
     59  0.000000D+00 -0.231474D-05  0.000000D+00 -0.371646D-05  0.245569D-01
     60  0.855012D-04  0.615981D-02  0.119883D-03  0.102442D-01  0.000000D+00
               11            12            13            14            15 
     11  0.100000D+01
     12  0.248362D+00  0.100000D+01
     13  0.000000D+00  0.000000D+00  0.100000D+01
     14  0.000000D+00  0.000000D+00  0.000000D+00  0.100000D+01
     15  0.000000D+00  0.000000D+00  0.000000D+00  0.000000D+00  0.100000D+01
     16  0.000000D+00  0.355360D-01  0.386324D-01  0.445351D-01  0.000000D+00
     17  0.355360D-01  0.353509D+00  0.248824D+00  0.286843D+00 -0.390086D-05
     18 -0.386324D-01 -0.248824D+00 -0.236513D-01 -0.263008D+00  0.357671D-05
     19 -0.445351D-01 -0.286843D+00 -0.263008D+00 -0.986959D-01  0.412321D-05
     20  0.000000D+00  0.390086D-05  0.357671D-05  0.412321D-05  0.204497D+00
     21  0.000000D+00  0.172092D-02  0.682886D-03  0.393293D-02  0.000000D+00
     22  0.172092D-02  0.588975D-01  0.148915D-01  0.857640D-01 -0.161963D-05
     23 -0.682886D-03 -0.148915D-01  0.204059D-01 -0.239092D-01  0.000000D+00
     24 -0.393293D-02 -0.857640D-01 -0.239092D-01 -0.113142D+00  0.260042D-05
     25  0.000000D+00  0.161963D-05  0.000000D+00  0.260042D-05  0.245573D-01
     26  0.531472D-02  0.959028D-01 -0.118760D+00 -0.355031D-01  0.000000D+00
     27  0.610295D-01  0.485784D+00  0.159044D+00 -0.436196D+00  0.965006D-05
     28  0.841158D-04  0.609703D-02  0.326975D-02  0.960638D-02  0.000000D+00
     29  0.000000D+00  0.125718D-02  0.287030D-02  0.920546D-03  0.000000D+00
     30  0.125718D-02  0.491325D-01  0.705781D-01  0.226354D-01  0.355627D-05
     31 -0.287030D-02 -0.705781D-01 -0.910344D-01 -0.356403D-01 -0.559948D-05
     32 -0.920546D-03 -0.226354D-01 -0.356403D-01  0.866323D-02 -0.179583D-05
     33  0.000000D+00 -0.355627D-05 -0.559948D-05 -0.179583D-05  0.200936D-01
     34  0.000000D+00  0.296790D-05  0.958451D-05  0.468100D-05  0.000000D+00
     35  0.296790D-05  0.173342D-02  0.307418D-02  0.150140D-02  0.000000D+00
     36 -0.958451D-05 -0.307418D-02 -0.503365D-02 -0.274121D-02  0.000000D+00
     37 -0.468100D-05 -0.150140D-02 -0.274121D-02 -0.759707D-03  0.000000D+00
     38  0.000000D+00  0.000000D+00  0.000000D+00  0.000000D+00  0.579081D-03
     39  0.232184D-05  0.676425D-03  0.986371D-03  0.837562D-03  0.000000D+00
     40  0.132653D-02  0.364507D-01  0.521982D-01 -0.602255D-02  0.374178D-05
     41  0.000000D+00  0.191930D-03  0.377868D-03  0.113658D-03  0.000000D+00
     42  0.000000D+00  0.211804D-05 -0.676104D-05  0.374472D-05  0.000000D+00
     43  0.211804D-05  0.144588D-02 -0.252591D-02  0.139902D-02  0.000000D+00
     44  0.676104D-05  0.252591D-02 -0.405263D-02  0.251076D-02  0.000000D+00
     45 -0.374472D-05 -0.139902D-02  0.251076D-02 -0.910119D-03  0.000000D+00
     46  0.000000D+00  0.000000D+00  0.000000D+00  0.000000D+00  0.480512D-03
     47  0.000000D+00  0.190140D-03 -0.303242D-03  0.247009D-03  0.000000D+00
     48  0.000000D+00  0.000000D+00  0.000000D+00  0.000000D+00  0.000000D+00
     49  0.000000D+00  0.175612D-03 -0.388275D-03  0.862312D-04  0.000000D+00
     50  0.000000D+00  0.388275D-03 -0.811179D-03  0.192636D-03  0.000000D+00
     51  0.000000D+00 -0.862312D-04  0.192636D-03  0.134281D-04  0.000000D+00
     52  0.000000D+00  0.000000D+00  0.000000D+00  0.000000D+00  0.562103D-04
     53  0.283541D-05  0.763031D-03 -0.144874D-02 -0.387413D-04  0.000000D+00
     54  0.000000D+00  0.748480D-05 -0.175753D-04  0.419720D-05  0.000000D+00
     55  0.000000D+00  0.397717D-03 -0.365363D-03  0.995628D-03  0.000000D+00
     56  0.397717D-03  0.255019D-01 -0.141565D-01  0.385770D-01  0.000000D+00
     57  0.365363D-03  0.141565D-01  0.135068D-02  0.230769D-01  0.000000D+00
     58 -0.995628D-03 -0.385770D-01  0.230769D-01 -0.530663D-01  0.000000D+00
     59  0.000000D+00  0.000000D+00  0.000000D+00  0.000000D+00  0.981916D-02
     60  0.114599D-04  0.177988D-02 -0.110422D-02  0.301435D-02  0.000000D+00
               16            17            18            19            20 
     16  0.100000D+01
     17  0.248362D+00  0.100000D+01
     18  0.000000D+00  0.000000D+00  0.100000D+01
     19  0.000000D+00  0.000000D+00  0.000000D+00  0.100000D+01
     20  0.000000D+00  0.000000D+00  0.000000D+00  0.000000D+00  0.100000D+01
     21  0.000000D+00  0.356432D-01 -0.214508D-01  0.551034D-01 -0.127691D-05
     22  0.356432D-01  0.354122D+00 -0.137917D+00  0.354284D+00 -0.820983D-05
     23  0.214508D-01  0.137917D+00  0.134968D+00  0.179804D+00 -0.416661D-05
     24 -0.551034D-01 -0.354284D+00  0.179804D+00 -0.256922D+00  0.107033D-04
     25  0.127691D-05  0.820983D-05 -0.416661D-05  0.107033D-04  0.204963D+00
     26  0.794152D-04  0.588122D-02 -0.854777D-02 -0.481914D-02  0.000000D+00
     27  0.511336D-02  0.932791D-01 -0.308616D-01 -0.116990D+00  0.207957D-05
     28  0.503652D-02  0.922713D-01  0.959266D-02  0.119466D+00 -0.253555D-05
     29  0.000000D+00  0.295724D-01  0.482885D-01 -0.100585D-01  0.446138D-05
     30  0.295724D-01  0.317747D+00  0.344702D+00 -0.718015D-01  0.318471D-04
     31 -0.482885D-01 -0.344702D+00 -0.299227D+00  0.994080D-01 -0.440917D-04
     32  0.100585D-01  0.718015D-01  0.994080D-01  0.157301D+00  0.918432D-05
     33 -0.446138D-05 -0.318471D-04 -0.440917D-04  0.918432D-05  0.178007D+00
     34  0.000000D+00  0.115834D-02  0.272455D-02  0.647816D-03  0.000000D+00
     35  0.115834D-02  0.468721D-01  0.691459D-01  0.164408D-01  0.388529D-05
     36 -0.272455D-02 -0.691459D-01 -0.925714D-01 -0.265466D-01 -0.627350D-05
     37 -0.647816D-03 -0.164408D-01 -0.265466D-01  0.127651D-01 -0.149165D-05
     38  0.000000D+00 -0.388529D-05 -0.627350D-05 -0.149165D-05  0.190771D-01
     39  0.732542D-03  0.245001D-01  0.296531D-01  0.215306D-01  0.000000D+00
     40  0.490833D-02  0.905819D-01  0.917440D-01 -0.741037D-01  0.109522D-04
     41  0.577462D-04  0.481980D-02  0.812819D-02  0.610236D-03  0.000000D+00
     42  0.000000D+00  0.000000D+00  0.000000D+00  0.000000D+00  0.000000D+00
     43  0.000000D+00  0.256791D-03 -0.559984D-03  0.102816D-03  0.000000D+00
     44  0.000000D+00  0.559984D-03 -0.115382D-02  0.227004D-03  0.000000D+00
     45  0.000000D+00 -0.102816D-03  0.227004D-03  0.408734D-04  0.000000D+00
     46  0.000000D+00  0.000000D+00  0.000000D+00  0.000000D+00  0.825526D-04
     47  0.000000D+00  0.819543D-04 -0.163149D-03  0.669633D-04  0.000000D+00
     48  0.000000D+00  0.000000D+00  0.000000D+00  0.000000D+00  0.000000D+00
     49  0.000000D+00  0.701178D-05 -0.185937D-04  0.000000D+00  0.000000D+00
     50  0.000000D+00  0.185937D-04 -0.472031D-04  0.000000D+00  0.000000D+00
     51  0.000000D+00  0.000000D+00  0.000000D+00  0.218775D-05  0.000000D+00
     52  0.000000D+00  0.000000D+00  0.000000D+00  0.000000D+00  0.220684D-05
     53  0.000000D+00  0.231568D-04 -0.517126D-04 -0.119628D-04  0.000000D+00
     54  0.000000D+00  0.000000D+00  0.000000D+00  0.000000D+00  0.000000D+00
     55  0.000000D+00  0.159297D-02 -0.288000D-02  0.236389D-02  0.000000D+00
     56  0.159297D-02  0.563223D-01 -0.646758D-01  0.530857D-01  0.127127D-05
     57  0.288000D-02  0.646758D-01 -0.583942D-01  0.671110D-01  0.160714D-05
     58 -0.236389D-02 -0.530857D-01  0.671110D-01 -0.317156D-01 -0.131914D-05
     59  0.000000D+00 -0.127127D-05  0.160714D-05 -0.131914D-05  0.233690D-01
     60  0.802730D-04  0.592093D-02 -0.651555D-02  0.741963D-02  0.000000D+00
               21            22            23            24            25 
     21  0.100000D+01
     22  0.248362D+00  0.100000D+01
     23  0.000000D+00  0.000000D+00  0.100000D+01
     24  0.000000D+00  0.000000D+00  0.000000D+00  0.100000D+01
     25  0.000000D+00  0.000000D+00  0.000000D+00  0.000000D+00  0.100000D+01
     26  0.109531D-04  0.173144D-02 -0.199037D-02 -0.241339D-02  0.000000D+00
     27  0.854951D-04  0.615954D-02 -0.119953D-03 -0.102437D-01  0.000000D+00
     28  0.611787D-01  0.486384D+00  0.292274D+00  0.361213D+00 -0.657359D-05
     29  0.000000D+00  0.104803D-02  0.197664D-02 -0.162566D-02  0.000000D+00
     30  0.104803D-02  0.442547D-01  0.521491D-01 -0.428894D-01  0.437219D-05
     31 -0.197664D-02 -0.521491D-01 -0.492404D-01  0.552258D-01 -0.562977D-05
     32  0.162566D-02  0.428894D-01  0.552258D-01 -0.275114D-01  0.463014D-05
     33  0.000000D+00 -0.437219D-05 -0.562977D-05  0.463014D-05  0.179084D-01
     34  0.000000D+00  0.118640D-03  0.336740D-03 -0.830839D-04  0.000000D+00
     35  0.118640D-03  0.129597D-01  0.214935D-01 -0.530310D-02  0.122010D-05
     36 -0.336740D-03 -0.214935D-01 -0.331306D-01  0.934589D-02 -0.215024D-05
     37  0.830839D-04  0.530310D-02  0.934589D-02  0.244250D-02  0.000000D+00
     38  0.000000D+00 -0.122010D-05 -0.215024D-05  0.000000D+00  0.474841D-02
     39  0.746373D-03  0.248055D-01  0.367852D-01  0.451633D-02  0.000000D+00
     40  0.648380D-04  0.518082D-02  0.553760D-02 -0.673473D-02  0.000000D+00
     41  0.325763D-05  0.829713D-03  0.151653D-02 -0.398586D-03  0.000000D+00
     42  0.000000D+00  0.248028D-05 -0.889811D-05 -0.126047D-05  0.000000D+00
     43  0.248028D-05  0.157390D-02 -0.309506D-02 -0.438433D-03  0.000000D+00
     44  0.889811D-05  0.309506D-02 -0.573435D-02 -0.886576D-03  0.000000D+00
     45  0.126047D-05  0.438433D-03 -0.886576D-03  0.398720D-03  0.000000D+00
     46  0.000000D+00  0.000000D+00  0.000000D+00  0.000000D+00  0.524308D-03
     47  0.559185D-05  0.115051D-02 -0.211294D-02  0.282664D-03  0.000000D+00
     48  0.000000D+00  0.000000D+00  0.000000D+00  0.000000D+00  0.000000D+00
     49  0.000000D+00  0.247457D-04 -0.593894D-04 -0.177292D-04  0.000000D+00
     50  0.000000D+00  0.593894D-04 -0.135282D-03 -0.427186D-04  0.000000D+00
     51  0.000000D+00  0.177292D-04 -0.427186D-04 -0.493531D-05  0.000000D+00
     52  0.000000D+00  0.000000D+00  0.000000D+00  0.000000D+00  0.781723D-05
     53  0.000000D+00  0.241871D-04 -0.485951D-04 -0.264446D-04  0.000000D+00
     54  0.000000D+00  0.174920D-05 -0.440978D-05  0.000000D+00  0.000000D+00
     55  0.000000D+00  0.373163D-01 -0.610094D-01  0.103077D-01  0.300067D-05
     56  0.373163D-01  0.363565D+00 -0.381700D+00  0.644893D-01  0.187735D-04
     57  0.610094D-01  0.381700D+00 -0.312855D+00  0.887084D-01  0.258239D-04
     58 -0.103077D-01 -0.644893D-01  0.887084D-01  0.197206D+00 -0.436301D-05
     59 -0.300067D-05 -0.187735D-04  0.258239D-04 -0.436301D-05  0.212193D+00
     60  0.526858D-02  0.953037D-01 -0.100063D+00  0.720055D-01  0.000000D+00
               26            27            28            29            30 
     26  0.100000D+01
     27  0.510417D-01  0.100000D+01
     28  0.104479D-03  0.710590D-03  0.100000D+01
     29  0.000000D+00  0.113153D-02  0.845778D-03  0.100000D+01
     30  0.171727D-03  0.327446D-01  0.269524D-01  0.248362D+00  0.100000D+01
     31 -0.339229D-03 -0.356101D-01 -0.184413D-01  0.000000D+00  0.000000D+00
     32 -0.105372D-03 -0.317264D-01  0.354632D-01  0.000000D+00  0.000000D+00
     33  0.000000D+00 -0.172612D-05 -0.259462D-05  0.000000D+00  0.000000D+00
     34  0.000000D+00  0.574712D-05  0.861702D-03  0.223762D-05  0.428307D-01
     35  0.178108D-05  0.116978D-02  0.272891D-01  0.428307D-01  0.393128D+00
