----- GAMESS execution script 'rungms' -----
This job is running on host copper
under operating system Linux at Wed Jul 27 01:22:35 EDT 2016
Available scratch disk space (Kbyte units) at beginning of the job is
Filesystem     1K-blocks   Used Available Use% Mounted on
tmpfs            8089516 124464   7965052   2% /tmp
GAMESS temporary binary files will be written to /tmp
GAMESS supplementary output files will be written to /tmp
Copying input file dvb_un_sp.inp to your run's scratch directory...

 Distributed Data Interface kickoff program.
 Initiating 1 compute processes on 1 nodes to run the following command:
 /opt/gamess/gamess.01.x dvb_un_sp 

          ******************************************************
          *         GAMESS VERSION =  5 DEC 2014 (R1)          *
          *             FROM IOWA STATE UNIVERSITY             *
          * M.W.SCHMIDT, K.K.BALDRIDGE, J.A.BOATZ, S.T.ELBERT, *
          *   M.S.GORDON, J.H.JENSEN, S.KOSEKI, N.MATSUNAGA,   *
          *          K.A.NGUYEN, S.J.SU, T.L.WINDUS,           *
          *       TOGETHER WITH M.DUPUIS, J.A.MONTGOMERY       *
          *         J.COMPUT.CHEM.  14, 1347-1363(1993)        *
          **************** 64 BIT LINUX VERSION ****************

  SINCE 1993, STUDENTS AND POSTDOCS WORKING AT IOWA STATE UNIVERSITY
  AND ALSO IN THEIR VARIOUS JOBS AFTER LEAVING ISU HAVE MADE IMPORTANT
  CONTRIBUTIONS TO THE CODE:
     IVANA ADAMOVIC, CHRISTINE AIKENS, YURI ALEXEEV, POOJA ARORA,
     ANDREY ASADCHEV, ROB BELL, PRADIPTA BANDYOPADHYAY, JONATHAN BENTZ,
     BRETT BODE, KURT BRORSEN, CALEB CARLIN, GALINA CHABAN, WEI CHEN,
     CHEOL HO CHOI, PAUL DAY, ALBERT DEFUSCO, NUWAN DESILVA, TIM DUDLEY,
     DMITRI FEDOROV, GRAHAM FLETCHER, MARK FREITAG, KURT GLAESEMANN,
     DAN KEMP, GRANT MERRILL, NORIYUKI MINEZAWA, JONATHAN MULLIN,
     TAKESHI NAGATA, SEAN NEDD, HEATHER NETZLOFF, BOSILJKA NJEGIC, RYAN OLSON,
     MIKE PAK, SPENCER PRUITT, LUKE ROSKOP, JIM SHOEMAKER, LYUDMILA SLIPCHENKO,
     TONY SMITH, SAROM SOK, JIE SONG, TETSUYA TAKETSUGU, SIMON WEBB,
     PENG XU, SOOHAENG YOO, FEDERICO ZAHARIEV

  ADDITIONAL CODE HAS BEEN PROVIDED BY COLLABORATORS IN OTHER GROUPS:
     IOWA STATE UNIVERSITY:
          JOE IVANIC, AARON WEST, LAIMUTIS BYTAUTAS, KLAUS RUEDENBERG
     UNIVERSITY OF TOKYO: KIMIHIKO HIRAO, TAKAHITO NAKAJIMA,
          TAKAO TSUNEDA, MUNEAKI KAMIYA, SUSUMU YANAGISAWA,
          KIYOSHI YAGI, MAHITO CHIBA, SEIKEN TOKURA, NAOAKI KAWAKAMI
     UNIVERSITY OF AARHUS: FRANK JENSEN
     UNIVERSITY OF IOWA: VISVALDAS KAIRYS, HUI LI
     NATIONAL INST. OF STANDARDS AND TECHNOLOGY: WALT STEVENS, DAVID GARMER
     UNIVERSITY OF PISA: BENEDETTA MENNUCCI, JACOPO TOMASI
     UNIVERSITY OF MEMPHIS: HENRY KURTZ, PRAKASHAN KORAMBATH
     UNIVERSITY OF ALBERTA: TOBY ZENG, MARIUSZ KLOBUKOWSKI
     UNIVERSITY OF NEW ENGLAND: MARK SPACKMAN
     MIE UNIVERSITY: HIROAKI UMEDA
     NAT. INST. OF ADVANCED INDUSTRIAL SCIENCE AND TECHNOLOGY: KAZUO KITAURA
     MICHIGAN STATE UNIVERSITY:
          KAROL KOWALSKI, MARTA WLOCH, JEFFREY GOUR, JESSE LUTZ,
          WEI LI, PIOTR PIECUCH
     UNIVERSITY OF SILESIA: MONIKA MUSIAL, STANISLAW KUCHARSKI
     FACULTES UNIVERSITAIRES NOTRE-DAME DE LA PAIX:
          OLIVIER QUINET, BENOIT CHAMPAGNE
     UNIVERSITY OF CALIFORNIA - SANTA BARBARA: BERNARD KIRTMAN
     INSTITUTE FOR MOLECULAR SCIENCE:
          KAZUYA ISHIMURA, MICHIO KATOUDA, AND SHIGERU NAGASE
     UNIVERSITY OF NOTRE DAME: ANNA POMOGAEVA, DAN CHIPMAN
     KYUSHU UNIVERSITY:
          HARUYUKI NAKANO,
          FENG LONG GU, JACEK KORCHOWIEC, MARCIN MAKOWSKI, AND YURIKO AOKI,
          HIROTOSHI MORI AND EISAKU MIYOSHI
     PENNSYLVANIA STATE UNIVERSITY:
          TZVETELIN IORDANOV, CHET SWALINA, JONATHAN SKONE,
          SHARON HAMMES-SCHIFFER
     WASEDA UNIVERSITY:
          MASATO KOBAYASHI, TOMOKO AKAMA, TSUGUKI TOUMA,
          TAKESHI YOSHIKAWA, YASUHIRO IKABATA, HIROMI NAKAI
     NANJING UNIVERSITY: SHUHUA LI
     UNIVERSITY OF NEBRASKA:
          PEIFENG SU, DEJUN SI, NANDUN THELLAMUREGE, YALI WANG, HUI LI
     UNIVERSITY OF ZURICH: ROBERTO PEVERATI, KIM BALDRIDGE
     N. COPERNICUS UNIVERSITY AND JACKSON STATE UNIVERSITY:
          MARIA BARYSZ
     UNIVERSITY OF COPENHAGEN: CASPER STEINMANN
     TOKYO INSTITUTE OF TECHNOLOGY: HIROYA NAKATA
     NAGOYA UNIVERSITY: YOSHIO NISHIMOTO, STEPHAN IRLE

 EXECUTION OF GAMESS BEGUN Wed Jul 27 01:22:35 2016

            ECHO OF THE FIRST FEW INPUT CARDS -
 INPUT CARD> $CONTRL COORD=UNIQUE UNITS=ANGS NPRINT=3                                       
 INPUT CARD>         RUNTYP=ENERGY SCFTYP=UHF DFTTYP=B3LYP                                  
 INPUT CARD>         MULT=2 ICHARG=1 $END                                                   
 INPUT CARD> $BASIS  GBASIS=STO NGAUSS=3 $END                                               
 INPUT CARD> $GUESS  GUESS=HUCKEL $END                                                      
 INPUT CARD> $DATA                                                                          
 INPUT CARD>divinylbenzene                                                                  
 INPUT CARD>cn  1                                                                           
 INPUT CARD>                                                                                
 INPUT CARD> C           6.0  -1.3939882447   0.2213755683   0.0000000000                   
 INPUT CARD> C           6.0   1.3939882447  -0.2213755683   0.0000000000                   
 INPUT CARD> C           6.0  -0.4919705715   1.2868407086   0.0000000000                   
 INPUT CARD> C           6.0   0.4919705715  -1.2868407086   0.0000000000                   
 INPUT CARD> C           6.0   0.8733456137   1.0731470812   0.0000000000                   
 INPUT CARD> C           6.0  -0.8733456137  -1.0731470812   0.0000000000                   
 INPUT CARD> H           1.0  -0.8715846529   2.3007508400   0.0000000000                   
 INPUT CARD> H           1.0   0.8715846529  -2.3007508400   0.0000000000                   
 INPUT CARD> H           1.0   1.5389282156   1.9253173698   0.0000000000                   
 INPUT CARD> H           1.0  -1.5389282156  -1.9253173698   0.0000000000                   
 INPUT CARD> C           6.0   2.8621079750  -0.5097799325   0.0000000000                   
 INPUT CARD> C           6.0  -2.8621079750   0.5097799325   0.0000000000                   
 INPUT CARD> H           1.0   3.1070578958  -1.5662206184   0.0000000000                   
 INPUT CARD> H           1.0  -3.1070578958   1.5662206184   0.0000000000                   
 INPUT CARD> C           6.0   3.8375160019   0.3700444858   0.0000000000                   
 INPUT CARD> C           6.0  -3.8375160019  -0.3700444858   0.0000000000                   
 INPUT CARD> H           1.0   3.6688910549   1.4371664215   0.0000000000                   
 INPUT CARD> H           1.0  -3.6688910549  -1.4371664215   0.0000000000                   
 INPUT CARD> H           1.0   4.8733853301   0.0604752833   0.0000000000                   
 INPUT CARD> H           1.0  -4.8733853301  -0.0604752833   0.0000000000                   
 INPUT CARD> $END                                                                           
    1000000 WORDS OF MEMORY AVAILABLE

     BASIS OPTIONS
     -------------
     GBASIS=STO          IGAUSS=       3      POLAR=NONE    
     NDFUNC=       0     NFFUNC=       0     DIFFSP=       F
     NPFUNC=       0      DIFFS=       F     BASNAM=        


     RUN TITLE
     ---------
 divinylbenzene                                                                  

 THE POINT GROUP OF THE MOLECULE IS CN      
 THE ORDER OF THE PRINCIPAL AXIS IS     1

 ATOM      ATOMIC                      COORDINATES (BOHR)
           CHARGE         X                   Y                   Z
 C           6.0    -2.6342558126        0.4183391645        0.0000000000
 C           6.0     2.6342558126       -0.4183391645        0.0000000000
 C           6.0    -0.9296895742        2.4317763291        0.0000000000
 C           6.0     0.9296895742       -2.4317763291        0.0000000000
 C           6.0     1.6503839025        2.0279539280        0.0000000000
 C           6.0    -1.6503839025       -2.0279539280        0.0000000000
 H           1.0    -1.6470561691        4.3477886536        0.0000000000
 H           1.0     1.6470561691       -4.3477886536        0.0000000000
 H           1.0     2.9081526423        3.6383222683        0.0000000000
 H           1.0    -2.9081526423       -3.6383222683        0.0000000000
 C           6.0     5.4085998200       -0.9633443865        0.0000000000
 C           6.0    -5.4085998200        0.9633443865        0.0000000000
 H           1.0     5.8714880510       -2.9597278051        0.0000000000
 H           1.0    -5.8714880510        2.9597278051        0.0000000000
 C           6.0     7.2518537171        0.6992826814        0.0000000000
 C           6.0    -7.2518537171       -0.6992826814        0.0000000000
 H           1.0     6.9331987726        2.7158507354        0.0000000000
 H           1.0    -6.9331987726       -2.7158507354        0.0000000000
 H           1.0     9.2093629065        0.1142817145        0.0000000000
 H           1.0    -9.2093629065       -0.1142817145        0.0000000000

          INTERNUCLEAR DISTANCES (ANGS.)
          ------------------------------

                1 C          2 C          3 C          4 C          5 C     

   1 C       0.0000000    2.8229136 *  1.3960128 *  2.4148617 *  2.4220482 *
   2 C       2.8229136 *  0.0000000    2.4148617 *  1.3960128 *  1.3952984 *
   3 C       1.3960128 *  2.4148617 *  0.0000000    2.7553541 *  1.3819382 *
   4 C       2.4148617 *  1.3960128 *  2.7553541 *  0.0000000    2.3906044 *
   5 C       2.4220482 *  1.3952984 *  1.3819382 *  2.3906044 *  0.0000000  
   6 C       1.3952984 *  2.4220482 *  2.3906044 *  1.3819382 *  2.7672204 *
   7 H       2.1439932 *  3.3902717    1.0826452 *  3.8379807    2.1334931 *
   8 H       3.3902717    2.1439932 *  3.8379807    1.0826452 *  3.3738984  
   9 H       3.3919635    2.1515804 *  2.1288970 *  3.3784730    1.0812929 *
  10 H       2.1515804 *  3.3919635    3.3784730    2.1288970 *  3.8483573  
  11 C       4.3184422    1.4961793 *  3.8049558    2.4942684 *  2.5418170 *
  12 C       1.4961793 *  4.3184422    2.4942684 *  3.8049558    3.7776972  
  13 H       4.8430276    2.1778925 *  4.5927078    2.6299686 *  3.4577062  
  14 H       2.1778925 *  4.8430276    2.6299686 *  4.5927078    4.0108270  
  15 C       5.2336163    2.5140815 *  4.4254909    3.7333554    3.0464175  
  16 C       2.5140815 *  5.2336163    3.7333554    4.4254909    4.9269685  
  17 H       5.2068123    2.8153054 *  4.1635763    4.1848583    2.8191460 *
  18 H       2.8153054 *  5.2068123    4.1848583    4.1635763    5.1897580  
  19 H       6.2694386    3.4907942    5.5037275    4.5838909    4.1262358  
  20 H       3.4907942    6.2694386    4.5838909    5.5037275    5.8574752  

                6 C          7 H          8 H          9 H         10 H     

   1 C       1.3952984 *  2.1439932 *  3.3902717    3.3919635    2.1515804 *
   2 C       2.4220482 *  3.3902717    2.1439932 *  2.1515804 *  3.3919635  
   3 C       2.3906044 *  1.0826452 *  3.8379807    2.1288970 *  3.3784730  
   4 C       1.3819382 *  3.8379807    1.0826452 *  3.3784730    2.1288970 *
   5 C       2.7672204 *  2.1334931 *  3.3738984    1.0812929 *  3.8483573  
   6 C       0.0000000    3.3738984    2.1334931 *  3.8483573    1.0812929 *
   7 H       3.3738984    0.0000000    4.9206155    2.4395743 *  4.2784343  
   8 H       2.1334931 *  4.9206155    0.0000000    4.2784343    2.4395743 *
   9 H       3.8483573    2.4395743 *  4.2784343    0.0000000    4.9295627  
  10 H       1.0812929 *  4.2784343    2.4395743 *  4.9295627    0.0000000  
  11 C       3.7776972    4.6732798    2.6776407 *  2.7713721 *  4.6230797  
  12 C       2.5418170 *  2.6776407 *  4.6732798    4.6230797    2.7713721 *
  13 H       4.0108270    5.5482488    2.3530566 *  3.8275146    4.6598431  
  14 H       3.4577062    2.3530566 *  5.5482488    4.6598431    3.8275146  
  15 C       4.9269685    5.0895241    3.9912274    2.7753161 *  5.8459249  
  16 C       3.0464175    3.9912274    5.0895241    5.8459249    2.7753161 *
  17 H       5.1897580    4.6218717    4.6687202    2.1851849 *  6.1990063  
  18 H       2.8191460 *  4.6687202    4.6218717    6.1990063    2.1851849 *
  19 H       5.8574752    6.1663210    4.6464823    3.8205026    6.7127593  
  20 H       4.1262358    4.6464823    6.1663210    6.7127593    3.8205026  

               11 C         12 C         13 H         14 H         15 C     

   1 C       4.3184422    1.4961793 *  4.8430276    2.1778925 *  5.2336163  
   2 C       1.4961793 *  4.3184422    2.1778925 *  4.8430276    2.5140815 *
   3 C       3.8049558    2.4942684 *  4.5927078    2.6299686 *  4.4254909  
   4 C       2.4942684 *  3.8049558    2.6299686 *  4.5927078    3.7333554  
   5 C       2.5418170 *  3.7776972    3.4577062    4.0108270    3.0464175  
   6 C       3.7776972    2.5418170 *  4.0108270    3.4577062    4.9269685  
   7 H       4.6732798    2.6776407 *  5.5482488    2.3530566 *  5.0895241  
   8 H       2.6776407 *  4.6732798    2.3530566 *  5.5482488    3.9912274  
   9 H       2.7713721 *  4.6230797    3.8275146    4.6598431    2.7753161 *
  10 H       4.6230797    2.7713721 *  4.6598431    3.8275146    5.8459249  
  11 C       0.0000000    5.8143057    1.0844664 *  6.3198670    1.3135874 *
  12 C       5.8143057    0.0000000    6.3198670    1.0844664 *  6.7010811  
  13 H       1.0844664 *  6.3198670    0.0000000    6.9589815    2.0694665 *
  14 H       6.3198670    1.0844664 *  6.9589815    0.0000000    7.0468393  
  15 C       1.3135874 *  6.7010811    2.0694665 *  7.0468393    0.0000000  
  16 C       6.7010811    1.3135874 *  7.0468393    2.0694665 *  7.7106321  
  17 H       2.1074864 *  6.5965138    3.0554853    6.7771778    1.0803627 *
  18 H       6.5965138    2.1074864 *  6.7771778    3.0554853    7.7208910  
  19 H       2.0905568 *  7.7485309    2.4012605 *  8.1212526    1.0811375 *
  20 H       7.7485309    2.0905568 *  8.1212526    2.4012605 *  8.7215337  

               16 C         17 H         18 H         19 H         20 H     

   1 C       2.5140815 *  5.2068123    2.8153054 *  6.2694386    3.4907942  
   2 C       5.2336163    2.8153054 *  5.2068123    3.4907942    6.2694386  
   3 C       3.7333554    4.1635763    4.1848583    5.5037275    4.5838909  
   4 C       4.4254909    4.1848583    4.1635763    4.5838909    5.5037275  
   5 C       4.9269685    2.8191460 *  5.1897580    4.1262358    5.8574752  
   6 C       3.0464175    5.1897580    2.8191460 *  5.8574752    4.1262358  
   7 H       3.9912274    4.6218717    4.6687202    6.1663210    4.6464823  
   8 H       5.0895241    4.6687202    4.6218717    4.6464823    6.1663210  
   9 H       5.8459249    2.1851849 *  6.1990063    3.8205026    6.7127593  
  10 H       2.7753161 *  6.1990063    2.1851849 *  6.7127593    3.8205026  
  11 C       6.7010811    2.1074864 *  6.5965138    2.0905568 *  7.7485309  
  12 C       1.3135874 *  6.5965138    2.1074864 *  7.7485309    2.0905568 *
  13 H       7.0468393    3.0554853    6.7771778    2.4012605 *  8.1212526  
  14 H       2.0694665 *  6.7771778    3.0554853    8.1212526    2.4012605 *
  15 C       7.7106321    1.0803627 *  7.7208910    1.0811375 *  8.7215337  
  16 C       0.0000000    7.7208910    1.0803627 *  8.7215337    1.0811375 *
  17 H       7.7208910    0.0000000    7.8806621    1.8292307 *  8.6725669  
  18 H       1.0803627 *  7.8806621    0.0000000    8.6725669    1.8292307 *
  19 H       8.7215337    1.8292307 *  8.6725669    0.0000000    9.7475211  
  20 H       1.0811375 *  8.6725669    1.8292307 *  9.7475211    0.0000000  

  * ... LESS THAN  3.000


     ATOMIC BASIS SET
     ----------------
 THE CONTRACTED PRIMITIVE FUNCTIONS HAVE BEEN UNNORMALIZED
 THE CONTRACTED BASIS FUNCTIONS ARE NOW NORMALIZED TO UNITY

  SHELL TYPE  PRIMITIVE        EXPONENT          CONTRACTION COEFFICIENT(S)

 C         

      1   S       1            71.6168373    0.154328967295
      1   S       2            13.0450963    0.535328142282
      1   S       3             3.5305122    0.444634542185

      2   L       4             2.9412494   -0.099967229187    0.155916274999
      2   L       5             0.6834831    0.399512826089    0.607683718598
      2   L       6             0.2222899    0.700115468880    0.391957393099

 C         

      3   S       7            71.6168373    0.154328967295
      3   S       8            13.0450963    0.535328142282
      3   S       9             3.5305122    0.444634542185

      4   L      10             2.9412494   -0.099967229187    0.155916274999
      4   L      11             0.6834831    0.399512826089    0.607683718598
      4   L      12             0.2222899    0.700115468880    0.391957393099

 C         

      5   S      13            71.6168373    0.154328967295
      5   S      14            13.0450963    0.535328142282
      5   S      15             3.5305122    0.444634542185

      6   L      16             2.9412494   -0.099967229187    0.155916274999
      6   L      17             0.6834831    0.399512826089    0.607683718598
      6   L      18             0.2222899    0.700115468880    0.391957393099

 C         

      7   S      19            71.6168373    0.154328967295
      7   S      20            13.0450963    0.535328142282
      7   S      21             3.5305122    0.444634542185

      8   L      22             2.9412494   -0.099967229187    0.155916274999
      8   L      23             0.6834831    0.399512826089    0.607683718598
      8   L      24             0.2222899    0.700115468880    0.391957393099

 C         

      9   S      25            71.6168373    0.154328967295
      9   S      26            13.0450963    0.535328142282
      9   S      27             3.5305122    0.444634542185

     10   L      28             2.9412494   -0.099967229187    0.155916274999
     10   L      29             0.6834831    0.399512826089    0.607683718598
     10   L      30             0.2222899    0.700115468880    0.391957393099

 C         

     11   S      31            71.6168373    0.154328967295
     11   S      32            13.0450963    0.535328142282
     11   S      33             3.5305122    0.444634542185

     12   L      34             2.9412494   -0.099967229187    0.155916274999
     12   L      35             0.6834831    0.399512826089    0.607683718598
     12   L      36             0.2222899    0.700115468880    0.391957393099

 H         

     13   S      37             3.4252509    0.154328967295
     13   S      38             0.6239137    0.535328142282
     13   S      39             0.1688554    0.444634542185

 H         

     14   S      40             3.4252509    0.154328967295
     14   S      41             0.6239137    0.535328142282
     14   S      42             0.1688554    0.444634542185

 H         

     15   S      43             3.4252509    0.154328967295
     15   S      44             0.6239137    0.535328142282
     15   S      45             0.1688554    0.444634542185

 H         

     16   S      46             3.4252509    0.154328967295
     16   S      47             0.6239137    0.535328142282
     16   S      48             0.1688554    0.444634542185

 C         

     17   S      49            71.6168373    0.154328967295
     17   S      50            13.0450963    0.535328142282
     17   S      51             3.5305122    0.444634542185

     18   L      52             2.9412494   -0.099967229187    0.155916274999
     18   L      53             0.6834831    0.399512826089    0.607683718598
     18   L      54             0.2222899    0.700115468880    0.391957393099

 C         

     19   S      55            71.6168373    0.154328967295
     19   S      56            13.0450963    0.535328142282
     19   S      57             3.5305122    0.444634542185

     20   L      58             2.9412494   -0.099967229187    0.155916274999
     20   L      59             0.6834831    0.399512826089    0.607683718598
     20   L      60             0.2222899    0.700115468880    0.391957393099

 H         

     21   S      61             3.4252509    0.154328967295
     21   S      62             0.6239137    0.535328142282
     21   S      63             0.1688554    0.444634542185

 H         

     22   S      64             3.4252509    0.154328967295
     22   S      65             0.6239137    0.535328142282
     22   S      66             0.1688554    0.444634542185

 C         

     23   S      67            71.6168373    0.154328967295
     23   S      68            13.0450963    0.535328142282
     23   S      69             3.5305122    0.444634542185

     24   L      70             2.9412494   -0.099967229187    0.155916274999
     24   L      71             0.6834831    0.399512826089    0.607683718598
     24   L      72             0.2222899    0.700115468880    0.391957393099

 C         

     25   S      73            71.6168373    0.154328967295
     25   S      74            13.0450963    0.535328142282
     25   S      75             3.5305122    0.444634542185

     26   L      76             2.9412494   -0.099967229187    0.155916274999
     26   L      77             0.6834831    0.399512826089    0.607683718598
     26   L      78             0.2222899    0.700115468880    0.391957393099

 H         

     27   S      79             3.4252509    0.154328967295
     27   S      80             0.6239137    0.535328142282
     27   S      81             0.1688554    0.444634542185

 H         

     28   S      82             3.4252509    0.154328967295
     28   S      83             0.6239137    0.535328142282
     28   S      84             0.1688554    0.444634542185

 H         

     29   S      85             3.4252509    0.154328967295
     29   S      86             0.6239137    0.535328142282
     29   S      87             0.1688554    0.444634542185

 H         

     30   S      88             3.4252509    0.154328967295
     30   S      89             0.6239137    0.535328142282
     30   S      90             0.1688554    0.444634542185

 TOTAL NUMBER OF BASIS SET SHELLS             =   30
 NUMBER OF CARTESIAN GAUSSIAN BASIS FUNCTIONS =   60
 NUMBER OF ELECTRONS                          =   69
 CHARGE OF MOLECULE                           =    1
 SPIN MULTIPLICITY                            =    2
 NUMBER OF OCCUPIED ORBITALS (ALPHA)          =   35
 NUMBER OF OCCUPIED ORBITALS (BETA )          =   34
 TOTAL NUMBER OF ATOMS                        =   20
 THE NUCLEAR REPULSION ENERGY IS      452.1260015068

     LEBEDEV GRID-BASED DFT OPTIONS
     ------------------------------
     DFTTYP=B3LYP   
     NRAD  =      96     NLEB  =     302
     NRAD0 =      24     NLEB0 =     110
     SWOFF =    5.00E-03 (PURE SCF -> DFT)
     SWITCH=    3.00E-04 (COARSE -> TIGHT GRID)
     THRESH=    0.00E+00 GTHRE=    1.00E+00

 GRIMME'S EMPIRICAL DISPERSION CORRECTION= F

     $CONTRL OPTIONS
     ---------------
 SCFTYP=UHF          RUNTYP=ENERGY       EXETYP=RUN     
 MPLEVL=       0     CITYP =NONE         CCTYP =NONE         VBTYP =NONE    
 DFTTYP=B3LYP        TDDFT =NONE    
 MULT  =       2     ICHARG=       1     NZVAR =       0     COORD =UNIQUE  
 PP    =NONE         RELWFN=NONE         LOCAL =NONE         NUMGRD=       F
 ISPHER=      -1     NOSYM =       0     MAXIT =      30     UNITS =ANGS    
 PLTORB=       F     MOLPLT=       F     AIMPAC=       F     FRIEND=        
 NPRINT=       3     IREST =       0     GEOM  =INPUT   
 NORMF =       0     NORMP =       0     ITOL  =      20     ICUT  =       9
 INTTYP=BEST         GRDTYP=BEST         QMTTOL= 1.0E-06

     $SYSTEM OPTIONS
     ---------------
  REPLICATED MEMORY=     1000000 WORDS (ON EVERY NODE).
 DISTRIBUTED MEMDDI=           0 MILLION WORDS IN AGGREGATE,
 MEMDDI DISTRIBUTED OVER   1 PROCESSORS IS           0 WORDS/PROCESSOR.
 TOTAL MEMORY REQUESTED ON EACH PROCESSOR=     1000000 WORDS.
 TIMLIM=      525600.00 MINUTES, OR     365.0 DAYS.
 PARALL= F  BALTYP=  DLB     KDIAG=    0  COREFL= F
 MXSEQ2=     300 MXSEQ3=     150  mem10=         0

          ----------------
          PROPERTIES INPUT
          ----------------

     MOMENTS            FIELD           POTENTIAL          DENSITY
 IEMOM =       1   IEFLD =       0   IEPOT =       0   IEDEN =       0
 WHERE =COMASS     WHERE =NUCLEI     WHERE =NUCLEI     WHERE =NUCLEI  
 OUTPUT=BOTH       OUTPUT=BOTH       OUTPUT=BOTH       OUTPUT=BOTH    
 IEMINT=       0   IEFINT=       0                     IEDINT=       0
                                                       MORB  =       0
          EXTRAPOLATION IN EFFECT
          DIIS IN EFFECT
          DIIS or SOSCF will be reset if energy rises
 ORBITAL PRINTING OPTION: NPREO=     1    60     2     1

     -------------------------------
     INTEGRAL TRANSFORMATION OPTIONS
     -------------------------------
     NWORD  =            0
     CUTOFF = 1.0E-09     MPTRAN =       0
     DIRTRF =       F     AOINTS =DUP     

          ----------------------
          INTEGRAL INPUT OPTIONS
          ----------------------
 NOPK  =       1 NORDER=       0 SCHWRZ=       T

     ------------------------------------------
     THE POINT GROUP IS CN , NAXIS= 1, ORDER= 1
     ------------------------------------------

     DIMENSIONS OF THE SYMMETRY SUBSPACES ARE
 A   =   60

 ..... DONE SETTING UP THE RUN .....
 STEP CPU TIME =     0.04 TOTAL CPU TIME =        0.0 (    0.0 MIN)
 TOTAL WALL CLOCK TIME=        0.0 SECONDS, CPU UTILIZATION IS 400.00%

          ********************
          1 ELECTRON INTEGRALS
          ********************
 OVERLAP MATRIX

                      1          2          3          4          5

    1  C  1  S    1.000000
    2  C  1  S    0.248362   1.000000
    3  C  1  X    0.000000   0.000000   1.000000
    4  C  1  Y   -0.000000  -0.000000  -0.000000   1.000000
    5  C  1  Z    0.000000   0.000000   0.000000   0.000000   1.000000
    6  C  2  S    0.000000   0.000367   0.000973  -0.000155   0.000000
    7  C  2  S    0.000367   0.024378   0.038956  -0.006186   0.000000
    8  C  2  X   -0.000973  -0.038956  -0.057665   0.010643   0.000000
    9  C  2  Y    0.000155   0.006186   0.010643   0.007662   0.000000
   10  C  2  Z    0.000000   0.000000   0.000000   0.000000   0.009352
   11  C  3  S    0.000001   0.037871   0.040569   0.047920   0.000000
   12  C  3  S    0.037871   0.366643   0.251565   0.297149   0.000000
   13  C  3  X   -0.040569  -0.251565  -0.011976  -0.267598   0.000000
   14  C  3  Y   -0.047920  -0.297149  -0.267598  -0.101516   0.000000
   15  C  3  Z    0.000000   0.000000   0.000000   0.000000   0.214571
   16  C  4  S    0.000000   0.001852   0.003328  -0.002661   0.000000
   17  C  4  S    0.001852   0.061451   0.070578  -0.056441   0.000000
   18  C  4  X   -0.003328  -0.070578  -0.063767   0.071582   0.000000
   19  C  4  Y    0.002661   0.056441   0.071582  -0.031502   0.000000
   20  C  4  Z    0.000000   0.000000   0.000000   0.000000   0.025743
   21  C  5  S    0.000000   0.001804   0.003896   0.001464   0.000000
   22  C  5  S    0.001804   0.060520   0.083466   0.031356   0.000000
   23  C  5  X   -0.003896  -0.083466  -0.101734  -0.047727   0.000000
   24  C  5  Y   -0.001464  -0.031356  -0.047727   0.007380   0.000000
   25  C  5  Z    0.000000   0.000000   0.000000   0.000000   0.025310
   26  C  6  S    0.000001   0.037936   0.023468  -0.058351   0.000000
   27  C  6  S    0.037936   0.367002   0.145373  -0.361455   0.000000
   28  C  6  X   -0.023468  -0.145373   0.139254   0.187959   0.000000
   29  C  6  Y    0.058351   0.361455   0.187959  -0.252491   0.000000
   30  C  6  Z    0.000000   0.000000   0.000000   0.000000   0.214849
   31  H  7  S    0.005586   0.099400   0.031159   0.124024   0.000000
   32  H  8  S    0.000101   0.006823   0.007529  -0.008382   0.000000
   33  H  9  S    0.000100   0.006794   0.009704   0.005638   0.000000
   34  H 10  S    0.005480   0.098036  -0.008512  -0.126063   0.000000
   35  C 11  S    0.000000   0.000000   0.000000  -0.000000   0.000000
   36  C 11  S    0.000000   0.000305   0.000661  -0.000113   0.000000
   37  C 11  X   -0.000000  -0.000661  -0.001350   0.000249   0.000000
   38  C 11  Y    0.000000   0.000113   0.000249   0.000056   0.000000
   39  C 11  Z    0.000000   0.000000   0.000000   0.000000   0.000098
   40  C 12  S    0.000000   0.029672  -0.048556   0.009539   0.000000
   41  C 12  S    0.029672   0.318374  -0.345991   0.067968   0.000000
   42  C 12  X    0.048556   0.345991  -0.301574   0.094300   0.000000
   43  C 12  Y   -0.009539  -0.067968   0.094300   0.159936   0.000000
   44  C 12  Z    0.000000   0.000000   0.000000   0.000000   0.178460
   45  H 13  S    0.000000   0.000101   0.000200  -0.000079   0.000000
   46  H 14  S    0.005125   0.093428  -0.095301   0.074816   0.000000
   47  C 15  S    0.000000   0.000000   0.000000   0.000000   0.000000
   48  C 15  S    0.000000   0.000009   0.000024   0.000001   0.000000
   49  C 15  X   -0.000000  -0.000024  -0.000061  -0.000002   0.000000
   50  C 15  Y   -0.000000  -0.000001  -0.000002   0.000003   0.000000
   51  C 15  Z    0.000000   0.000000   0.000000   0.000000   0.000003
   52  C 16  S    0.000000   0.001278  -0.002974  -0.000720   0.000000
   53  C 16  S    0.001278   0.049609  -0.072660  -0.017586   0.000000
   54  C 16  X    0.002974   0.072660  -0.096376  -0.028242   0.000000
   55  C 16  Y    0.000720   0.017586  -0.028242   0.013473   0.000000
   56  C 16  Z    0.000000   0.000000   0.000000   0.000000   0.020309
   57  H 17  S    0.000000   0.000029   0.000063   0.000015   0.000000
   58  H 18  S    0.000801   0.025998  -0.031257  -0.022788   0.000000
   59  H 19  S    0.000000   0.000000   0.000001  -0.000000   0.000000
   60  H 20  S    0.000067   0.005303  -0.008881  -0.000719   0.000000

                      6          7          8          9         10

    6  C  2  S    1.000000
    7  C  2  S    0.248362   1.000000
    8  C  2  X   -0.000000  -0.000000   1.000000
    9  C  2  Y    0.000000   0.000000  -0.000000   1.000000
   10  C  2  Z    0.000000   0.000000   0.000000   0.000000   1.000000
   11  C  3  S    0.000000   0.001852  -0.003328   0.002661   0.000000
   12  C  3  S    0.001852   0.061451  -0.070578   0.056441   0.000000
   13  C  3  X    0.003328   0.070578  -0.063767   0.071582   0.000000
   14  C  3  Y   -0.002661  -0.056441   0.071582  -0.031502   0.000000
   15  C  3  Z    0.000000   0.000000   0.000000   0.000000   0.025743
   16  C  4  S    0.000001   0.037871  -0.040569  -0.047920   0.000000
   17  C  4  S    0.037871   0.366643  -0.251565  -0.297149   0.000000
   18  C  4  X    0.040569   0.251565  -0.011976  -0.267598   0.000000
   19  C  4  Y    0.047920   0.297149  -0.267598  -0.101516   0.000000
   20  C  4  Z    0.000000   0.000000   0.000000   0.000000   0.214571
   21  C  5  S    0.000001   0.037936  -0.023468   0.058351   0.000000
   22  C  5  S    0.037936   0.367002  -0.145373   0.361455   0.000000
   23  C  5  X    0.023468   0.145373   0.139254   0.187959   0.000000
   24  C  5  Y   -0.058351  -0.361455   0.187959  -0.252491   0.000000
   25  C  5  Z    0.000000   0.000000   0.000000   0.000000   0.214849
   26  C  6  S    0.000000   0.001804  -0.003896  -0.001464   0.000000
   27  C  6  S    0.001804   0.060520  -0.083466  -0.031356   0.000000
   28  C  6  X    0.003896   0.083466  -0.101734  -0.047727   0.000000
   29  C  6  Y    0.001464   0.031356  -0.047727   0.007380   0.000000
   30  C  6  Z    0.000000   0.000000   0.000000   0.000000   0.025310
   31  H  7  S    0.000101   0.006823  -0.007529   0.008382   0.000000
   32  H  8  S    0.005586   0.099400  -0.031159  -0.124024   0.000000
   33  H  9  S    0.005480   0.098036   0.008512   0.126063   0.000000
   34  H 10  S    0.000100   0.006794  -0.009704  -0.005638   0.000000
   35  C 11  S    0.000000   0.029672   0.048556  -0.009539   0.000000
   36  C 11  S    0.029672   0.318374   0.345991  -0.067968   0.000000
   37  C 11  X   -0.048556  -0.345991  -0.301574   0.094300   0.000000
   38  C 11  Y    0.009539   0.067968   0.094300   0.159936   0.000000
   39  C 11  Z    0.000000   0.000000   0.000000   0.000000   0.178460
   40  C 12  S    0.000000   0.000000  -0.000000   0.000000   0.000000
   41  C 12  S    0.000000   0.000305  -0.000661   0.000113   0.000000
   42  C 12  X    0.000000   0.000661  -0.001350   0.000249   0.000000
   43  C 12  Y   -0.000000  -0.000113   0.000249   0.000056   0.000000
   44  C 12  Z    0.000000   0.000000   0.000000   0.000000   0.000098
   45  H 13  S    0.005125   0.093428   0.095301  -0.074816   0.000000
   46  H 14  S    0.000000   0.000101  -0.000200   0.000079   0.000000
   47  C 15  S    0.000000   0.001278   0.002974   0.000720   0.000000
   48  C 15  S    0.001278   0.049609   0.072660   0.017586   0.000000
   49  C 15  X   -0.002974  -0.072660  -0.096376  -0.028242   0.000000
   50  C 15  Y   -0.000720  -0.017586  -0.028242   0.013473   0.000000
   51  C 15  Z    0.000000   0.000000   0.000000   0.000000   0.020309
   52  C 16  S    0.000000   0.000000  -0.000000  -0.000000   0.000000
   53  C 16  S    0.000000   0.000009  -0.000024  -0.000001   0.000000
   54  C 16  X    0.000000   0.000024  -0.000061  -0.000002   0.000000
   55  C 16  Y    0.000000   0.000001  -0.000002   0.000003   0.000000
   56  C 16  Z    0.000000   0.000000   0.000000   0.000000   0.000003
   57  H 17  S    0.000801   0.025998   0.031257   0.022788   0.000000
   58  H 18  S    0.000000   0.000029  -0.000063  -0.000015   0.000000
   59  H 19  S    0.000067   0.005303   0.008881   0.000719   0.000000
   60  H 20  S    0.000000   0.000000  -0.000001   0.000000   0.000000

                     11         12         13         14         15

   11  C  3  S    1.000000
   12  C  3  S    0.248362   1.000000
   13  C  3  X    0.000000   0.000000   1.000000
   14  C  3  Y   -0.000000  -0.000000  -0.000000   1.000000
   15  C  3  Z    0.000000   0.000000   0.000000   0.000000   1.000000
   16  C  4  S    0.000000   0.000488   0.000457  -0.001195   0.000000
   17  C  4  S    0.000488   0.028639   0.016301  -0.042639   0.000000
   18  C  4  X   -0.000457  -0.016301   0.001109   0.026224   0.000000
   19  C  4  Y    0.001195   0.042639   0.026224  -0.057459   0.000000
   20  C  4  Z    0.000000   0.000000   0.000000   0.000000   0.011135
   21  C  5  S    0.000001   0.039168   0.064147  -0.010040   0.000000
   22  C  5  S    0.039168   0.373748   0.389666  -0.060989   0.000000
   23  C  5  X   -0.064147  -0.389666  -0.315302   0.083799   0.000000
   24  C  5  Y    0.010040   0.060989   0.083799   0.206984   0.000000
   25  C  5  Z    0.000000   0.000000   0.000000   0.000000   0.220100
   26  C  6  S    0.000000   0.002023  -0.000735  -0.004550   0.000000
   27  C  6  S    0.002023   0.064684  -0.015083  -0.093336   0.000000
   28  C  6  X    0.000735   0.015083   0.023365  -0.024078   0.000000
   29  C  6  Y    0.004550   0.093336  -0.024078  -0.121744   0.000000
   30  C  6  Z    0.000000   0.000000   0.000000   0.000000   0.027256
   31  H  7  S    0.063354   0.494994  -0.164724   0.439962   0.000000
   32  H  8  S    0.000015   0.002127   0.001348  -0.003546   0.000000
   33  H  9  S    0.005802   0.102160   0.124931   0.039276   0.000000
   34  H 10  S    0.000105   0.007025  -0.003588  -0.011008   0.000000
   35  C 11  S    0.000000   0.000003   0.000009  -0.000005   0.000000
   36  C 11  S    0.000003   0.001641   0.002866  -0.001535   0.000000
   37  C 11  X   -0.000009  -0.002866  -0.004600   0.002757   0.000000
   38  C 11  Y    0.000005   0.001535   0.002757  -0.000930   0.000000
   39  C 11  Z    0.000000   0.000000   0.000000   0.000000   0.000547
   40  C 12  S    0.000000   0.001378  -0.003110  -0.001020   0.000000
   41  C 12  S    0.001378   0.051804  -0.073826  -0.024204   0.000000
   42  C 12  X    0.003110   0.073826  -0.094207  -0.037870   0.000000
   43  C 12  Y    0.001020   0.024204  -0.037870   0.008887   0.000000
   44  C 12  Z    0.000000   0.000000   0.000000   0.000000   0.021303
   45  H 13  S    0.000000   0.000229   0.000365  -0.000289   0.000000
   46  H 14  S    0.001441   0.038557  -0.054961   0.005872   0.000000
   47  C 15  S    0.000000   0.000000   0.000000  -0.000000   0.000000
   48  C 15  S    0.000000   0.000210   0.000460  -0.000097   0.000000
   49  C 15  X   -0.000000  -0.000460  -0.000954   0.000216   0.000000
   50  C 15  Y    0.000000   0.000097   0.000216   0.000021   0.000000
   51  C 15  Z    0.000000   0.000000   0.000000   0.000000   0.000067
   52  C 16  S    0.000000   0.000004  -0.000013  -0.000006   0.000000
   53  C 16  S    0.000004   0.002044  -0.003576  -0.001771   0.000000
   54  C 16  X    0.000013   0.003576  -0.005768  -0.003197   0.000000
   55  C 16  Y    0.000006   0.001771  -0.003197  -0.000897   0.000000
   56  C 16  Z    0.000000   0.000000   0.000000   0.000000   0.000686
   57  H 17  S    0.000003   0.000848   0.001599   0.000058   0.000000
   58  H 18  S    0.000003   0.000797  -0.001146  -0.000982   0.000000
   59  H 19  S    0.000000   0.000010   0.000022  -0.000005   0.000000
   60  H 20  S    0.000000   0.000235  -0.000457  -0.000141   0.000000

                     16         17         18         19         20

   16  C  4  S    1.000000
   17  C  4  S    0.248362   1.000000
   18  C  4  X   -0.000000  -0.000000   1.000000
   19  C  4  Y    0.000000   0.000000  -0.000000   1.000000
   20  C  4  Z    0.000000   0.000000   0.000000   0.000000   1.000000
   21  C  5  S    0.000000   0.002023   0.000735   0.004550   0.000000
   22  C  5  S    0.002023   0.064684   0.015083   0.093336   0.000000
   23  C  5  X   -0.000735  -0.015083   0.023365  -0.024078   0.000000
   24  C  5  Y   -0.004550  -0.093336  -0.024078  -0.121744   0.000000
   25  C  5  Z    0.000000   0.000000   0.000000   0.000000   0.027256
   26  C  6  S    0.000001   0.039168  -0.064147   0.010040   0.000000
   27  C  6  S    0.039168   0.373748  -0.389666   0.060989   0.000000
   28  C  6  X    0.064147   0.389666  -0.315302   0.083799   0.000000
   29  C  6  Y   -0.010040  -0.060989   0.083799   0.206984   0.000000
   30  C  6  Z    0.000000   0.000000   0.000000   0.000000   0.220100
   31  H  7  S    0.000015   0.002127  -0.001348   0.003546   0.000000
   32  H  8  S    0.063354   0.494994   0.164724  -0.439962   0.000000
   33  H  9  S    0.000105   0.007025   0.003588   0.011008   0.000000
   34  H 10  S    0.005802   0.102160  -0.124931  -0.039276   0.000000
   35  C 11  S    0.000000   0.001378   0.003110   0.001020   0.000000
   36  C 11  S    0.001378   0.051804   0.073826   0.024204   0.000000
   37  C 11  X   -0.003110  -0.073826  -0.094207  -0.037870   0.000000
   38  C 11  Y   -0.001020  -0.024204  -0.037870   0.008887   0.000000
   39  C 11  Z    0.000000   0.000000   0.000000   0.000000   0.021303
   40  C 12  S    0.000000   0.000003  -0.000009   0.000005   0.000000
   41  C 12  S    0.000003   0.001641  -0.002866   0.001535   0.000000
   42  C 12  X    0.000009   0.002866  -0.004600   0.002757   0.000000
   43  C 12  Y   -0.000005  -0.001535   0.002757  -0.000930   0.000000
   44  C 12  Z    0.000000   0.000000   0.000000   0.000000   0.000547
   45  H 13  S    0.001441   0.038557   0.054961  -0.005872   0.000000
   46  H 14  S    0.000000   0.000229  -0.000365   0.000289   0.000000
   47  C 15  S    0.000000   0.000004   0.000013   0.000006   0.000000
   48  C 15  S    0.000004   0.002044   0.003576   0.001771   0.000000
   49  C 15  X   -0.000013  -0.003576  -0.005768  -0.003197   0.000000
   50  C 15  Y   -0.000006  -0.001771  -0.003197  -0.000897   0.000000
