MAEFILE: C_bigbasis.01.mae
&gen 
basis=cc-pvqz(-g)+ 
ip1=2 
&
&zmat
 C1            0.0000000000            0.0000000000            0.0000000000
&
&guess  basgss=cc-pvqz+(-g) numd=5
    1 Orbital Energy   -11.365017 Occupation  1.000000 Symmetry S       
  0.993347148287990  0.000155794009444  0.015750193346856 -0.003475759420478
  0.001603145677165  0.000000000000000  0.000000000000000  0.000000000000000
  0.000000000000000  0.000000000000000  0.000000000000000  0.000000000000000
  0.000000000000000  0.000000000000000  0.000000000000000  0.000000000000000
  0.000000000000000  0.000000000000000  0.000000000000000  0.000000000000000
  0.000000000000000  0.000000000000000  0.000000000000000  0.000000000000000
  0.000000000000000  0.000000000000000  0.000000000000000  0.000000000000000
  0.000000000000000  0.000000000000000  0.000000000000000  0.000000000000000
  0.000000000000000  0.000000000000000  0.000000000000000  0.000000000000000
  0.000000000000000  0.000000000000000  0.000000000000000  0.000000000000000
  0.000000000000000  0.000000000000000  0.000000000000000  0.000000000000000
  0.000000000000000  0.000000000000000  0.000000000000000  0.000000000000000
  0.000000000000000  0.000000000000000  0.000000000000000  0.000000000000000
  0.000000000000000  0.000000000000000  0.000000000000000 -0.000402843211518
  0.000000000000000  0.000000000000000  0.000000000000000  0.000000000000000
  0.000000000000000  0.000000000000000  0.000000000000000  0.000000000000000
  0.000000000000000  0.000000000000000  0.000000000000000  0.000000000000000
  0.000000000000000  0.000000000000000  0.000000000000000  0.000000000000000
  0.000000000000000  0.000000000000000  0.000000000000000
    2 Orbital Energy    -0.725588 Occupation  1.000000 Symmetry S       
  0.000561108883343  0.344585394940653  0.280924647310301  0.591680880371930
  0.271816478144996  0.000000000000000  0.000000000000000  0.000000000000000
  0.000000000000000  0.000000000000000  0.000000000000000  0.000000000000000
  0.000000000000000  0.000000000000000  0.000000000000000  0.000000000000000
  0.000000000000000  0.000000000000000  0.000000000000000  0.000000000000000
  0.000000000000000  0.000000000000000  0.000000000000000  0.000000000000000
  0.000000000000000  0.000000000000000  0.000000000000000  0.000000000000000
  0.000000000000000  0.000000000000000  0.000000000000000  0.000000000000000
  0.000000000000000  0.000000000000000  0.000000000000000  0.000000000000000
  0.000000000000000  0.000000000000000  0.000000000000000  0.000000000000000
  0.000000000000000  0.000000000000000  0.000000000000000  0.000000000000000
  0.000000000000000  0.000000000000000  0.000000000000000  0.000000000000000
  0.000000000000000  0.000000000000000  0.000000000000000  0.000000000000000
  0.000000000000000  0.000000000000000  0.000000000000000  0.002982879248780
  0.000000000000000  0.000000000000000  0.000000000000000  0.000000000000000
  0.000000000000000  0.000000000000000  0.000000000000000  0.000000000000000
  0.000000000000000  0.000000000000000  0.000000000000000  0.000000000000000
  0.000000000000000  0.000000000000000  0.000000000000000  0.000000000000000
  0.000000000000000  0.000000000000000  0.000000000000000
    3 Orbital Energy    -0.356640 Occupation  1.000000 Symmetry Pz      
  0.000000000000000  0.000000000000000  0.000000000000000  0.000000000000000
  0.000000000000000  0.000000000000000  0.000000000000000  0.166670697824798
  0.000000000000000  0.000000000000000  0.325592003299401  0.000000000000000
  0.000000000000000  0.441355010826678  0.000000000000000  0.000000000000000
  0.289260205750900  0.000000000000000  0.000000000000000  0.000000000000000
  0.000000000000000  0.000000000000000  0.000000000000000  0.000000000000000
  0.000000000000000  0.000000000000000  0.000000000000000  0.000000000000000
  0.000000000000000  0.000000000000000  0.000000000000000  0.000000000000000
  0.000000000000000  0.000000000000000  0.000000000000000  0.000000000000000
  0.000000000000000  0.000000000000000  0.000000000000000  0.000000000000000
  0.000000000000000  0.000000000000000  0.000000000000000  0.000000000000000
  0.000000000000000  0.000000000000000  0.000000000000000  0.000000000000000
  0.000000000000000  0.000000000000000  0.000000000000000  0.000000000000000
  0.000000000000000  0.000000000000000  0.000000000000000  0.000000000000000
  0.000000000000000  0.000000000000000  0.024301703898376  0.000000000000000
  0.000000000000000  0.000000000000000  0.000000000000000  0.000000000000000
  0.000000000000000  0.000000000000000  0.000000000000000  0.000000000000000
  0.000000000000000  0.000000000000000  0.000000000000000  0.000000000000000
  0.000000000000000  0.000000000000000  0.000000000000000
    4 Orbital Energy     0.018568 Occupation  0.000000 Symmetry Px      
  0.000000000000000  0.000000000000000  0.000000000000000  0.000000000000000
  0.000000000000000  0.096845306320872  0.000000000000000  0.000000000000000
  0.183849457537488  0.000000000000000  0.000000000000000  0.300634097799200
  0.000000000000000  0.000000000000000  0.238779353369029  0.000000000000000
  0.000000000000000  0.000000000000000  0.000000000000000  0.000000000000000
  0.000000000000000  0.000000000000000  0.000000000000000  0.000000000000000
  0.000000000000000  0.000000000000000  0.000000000000000  0.000000000000000
  0.000000000000000  0.000000000000000  0.000000000000000  0.000000000000000
  0.000000000000000  0.000000000000000  0.000000000000000  0.000000000000000
  0.000000000000000  0.000000000000000  0.000000000000000  0.000000000000000
  0.000000000000000  0.000000000000000  0.000000000000000  0.000000000000000
  0.000000000000000  0.000000000000000  0.000000000000000  0.000000000000000
  0.000000000000000  0.000000000000000  0.000000000000000  0.000000000000000
  0.000000000000000  0.000000000000000  0.000000000000000  0.000000000000000
  0.526045991622387  0.000000000000000  0.000000000000000  0.000000000000000
  0.000000000000000  0.000000000000000  0.000000000000000  0.000000000000000
  0.000000000000000  0.000000000000000  0.000000000000000  0.000000000000000
  0.000000000000000  0.000000000000000  0.000000000000000  0.000000000000000
  0.000000000000000  0.000000000000000  0.000000000000000
    5 Orbital Energy     0.018568 Occupation  0.000000 Symmetry Py      
  0.000000000000000  0.000000000000000  0.000000000000000  0.000000000000000
  0.000000000000000  0.000000000000000  0.096845306320872  0.000000000000000
  0.000000000000000  0.183849457537488  0.000000000000000  0.000000000000000
  0.300634097799200  0.000000000000000  0.000000000000000  0.238779353369029
  0.000000000000000  0.000000000000000  0.000000000000000  0.000000000000000
  0.000000000000000  0.000000000000000  0.000000000000000  0.000000000000000
  0.000000000000000  0.000000000000000  0.000000000000000  0.000000000000000
  0.000000000000000  0.000000000000000  0.000000000000000  0.000000000000000
  0.000000000000000  0.000000000000000  0.000000000000000  0.000000000000000
  0.000000000000000  0.000000000000000  0.000000000000000  0.000000000000000
  0.000000000000000  0.000000000000000  0.000000000000000  0.000000000000000
  0.000000000000000  0.000000000000000  0.000000000000000  0.000000000000000
  0.000000000000000  0.000000000000000  0.000000000000000  0.000000000000000
  0.000000000000000  0.000000000000000  0.000000000000000  0.000000000000000
  0.000000000000000  0.526045991622387  0.000000000000000  0.000000000000000
  0.000000000000000  0.000000000000000  0.000000000000000  0.000000000000000
  0.000000000000000  0.000000000000000  0.000000000000000  0.000000000000000
  0.000000000000000  0.000000000000000  0.000000000000000  0.000000000000000
  0.000000000000000  0.000000000000000  0.000000000000000
    6 Orbital Energy     0.083938 Occupation  0.000000 Symmetry S       
  0.026901317713873  0.117864812656995  0.175349359673035 -0.227637046412895
  1.364559491303666  0.000000000000000  0.000000000000000  0.000000000000000
  0.000000000000000  0.000000000000000  0.000000000000000  0.000000000000000
  0.000000000000000  0.000000000000000  0.000000000000000  0.000000000000000
  0.000000000000000  0.000000000000000  0.000000000000000  0.000000000000000
  0.000000000000000  0.000000000000000  0.000000000000000  0.000000000000000
  0.000000000000000  0.000000000000000  0.000000000000000  0.000000000000000
  0.000000000000000  0.000000000000000  0.000000000000000  0.000000000000000
  0.000000000000000  0.000000000000000  0.000000000000000  0.000000000000000
  0.000000000000000  0.000000000000000  0.000000000000000  0.000000000000000
  0.000000000000000  0.000000000000000  0.000000000000000  0.000000000000000
  0.000000000000000  0.000000000000000  0.000000000000000  0.000000000000000
  0.000000000000000  0.000000000000000  0.000000000000000  0.000000000000000
  0.000000000000000  0.000000000000000  0.000000000000000 -1.818306061489603
  0.000000000000000  0.000000000000000  0.000000000000000  0.000000000000000
  0.000000000000000  0.000000000000000  0.000000000000000  0.000000000000000
  0.000000000000000  0.000000000000000  0.000000000000000  0.000000000000000
  0.000000000000000  0.000000000000000  0.000000000000000  0.000000000000000
  0.000000000000000  0.000000000000000  0.000000000000000
    7 Orbital Energy     0.090036 Occupation  0.000000 Symmetry Pz      
  0.000000000000000  0.000000000000000  0.000000000000000  0.000000000000000
  0.000000000000000  0.000000000000000  0.000000000000000 -0.033150789466051
  0.000000000000000  0.000000000000000 -0.105133481039346  0.000000000000000
  0.000000000000000  0.020749829427687  0.000000000000000  0.000000000000000
 -0.530892885583474  0.000000000000000  0.000000000000000  0.000000000000000
  0.000000000000000  0.000000000000000  0.000000000000000  0.000000000000000
  0.000000000000000  0.000000000000000  0.000000000000000  0.000000000000000
  0.000000000000000  0.000000000000000  0.000000000000000  0.000000000000000
  0.000000000000000  0.000000000000000  0.000000000000000  0.000000000000000
  0.000000000000000  0.000000000000000  0.000000000000000  0.000000000000000
  0.000000000000000  0.000000000000000  0.000000000000000  0.000000000000000
  0.000000000000000  0.000000000000000  0.000000000000000  0.000000000000000
  0.000000000000000  0.000000000000000  0.000000000000000  0.000000000000000
  0.000000000000000  0.000000000000000  0.000000000000000  0.000000000000000
  0.000000000000000  0.000000000000000  1.268558069736005  0.000000000000000
  0.000000000000000  0.000000000000000  0.000000000000000  0.000000000000000
  0.000000000000000  0.000000000000000  0.000000000000000  0.000000000000000
  0.000000000000000  0.000000000000000  0.000000000000000  0.000000000000000
  0.000000000000000  0.000000000000000  0.000000000000000
    8 Orbital Energy     0.108106 Occupation  0.000000 Symmetry Px      
  0.000000000000000  0.000000000000000  0.000000000000000  0.000000000000000
  0.000000000000000  0.079858702817598  0.000000000000000  0.000000000000000
  0.202596297161029  0.000000000000000  0.000000000000000  0.112201473680018
  0.000000000000000  0.000000000000000  0.806610169645203  0.000000000000000
  0.000000000000000  0.000000000000000  0.000000000000000  0.000000000000000
  0.000000000000000  0.000000000000000  0.000000000000000  0.000000000000000
  0.000000000000000  0.000000000000000  0.000000000000000  0.000000000000000
  0.000000000000000  0.000000000000000  0.000000000000000  0.000000000000000
  0.000000000000000  0.000000000000000  0.000000000000000  0.000000000000000
  0.000000000000000  0.000000000000000  0.000000000000000  0.000000000000000
  0.000000000000000  0.000000000000000  0.000000000000000  0.000000000000000
  0.000000000000000  0.000000000000000  0.000000000000000  0.000000000000000
  0.000000000000000  0.000000000000000  0.000000000000000  0.000000000000000
  0.000000000000000  0.000000000000000  0.000000000000000  0.000000000000000
 -1.188916678093783  0.000000000000000  0.000000000000000  0.000000000000000
  0.000000000000000  0.000000000000000  0.000000000000000  0.000000000000000
  0.000000000000000  0.000000000000000  0.000000000000000  0.000000000000000
  0.000000000000000  0.000000000000000  0.000000000000000  0.000000000000000
  0.000000000000000  0.000000000000000  0.000000000000000
    9 Orbital Energy     0.108106 Occupation  0.000000 Symmetry Py      
  0.000000000000000  0.000000000000000  0.000000000000000  0.000000000000000
  0.000000000000000  0.000000000000000  0.079858702817598  0.000000000000000
  0.000000000000000  0.202596297161029  0.000000000000000  0.000000000000000
  0.112201473680018  0.000000000000000  0.000000000000000  0.806610169645203
  0.000000000000000  0.000000000000000  0.000000000000000  0.000000000000000
  0.000000000000000  0.000000000000000  0.000000000000000  0.000000000000000
  0.000000000000000  0.000000000000000  0.000000000000000  0.000000000000000
  0.000000000000000  0.000000000000000  0.000000000000000  0.000000000000000
  0.000000000000000  0.000000000000000  0.000000000000000  0.000000000000000
  0.000000000000000  0.000000000000000  0.000000000000000  0.000000000000000
  0.000000000000000  0.000000000000000  0.000000000000000  0.000000000000000
  0.000000000000000  0.000000000000000  0.000000000000000  0.000000000000000
  0.000000000000000  0.000000000000000  0.000000000000000  0.000000000000000
  0.000000000000000  0.000000000000000  0.000000000000000  0.000000000000000
  0.000000000000000 -1.188916678093783  0.000000000000000  0.000000000000000
  0.000000000000000  0.000000000000000  0.000000000000000  0.000000000000000
  0.000000000000000  0.000000000000000  0.000000000000000  0.000000000000000
  0.000000000000000  0.000000000000000  0.000000000000000  0.000000000000000
  0.000000000000000  0.000000000000000  0.000000000000000
   10 Orbital Energy     0.232223 Occupation  0.000000 Symmetry Dxxyy   
  0.000000000000000  0.000000000000000  0.000000000000000  0.000000000000000
  0.000000000000000  0.000000000000000  0.000000000000000  0.000000000000000
  0.000000000000000  0.000000000000000  0.000000000000000  0.000000000000000
  0.000000000000000  0.000000000000000  0.000000000000000  0.000000000000000
  0.000000000000000  0.008014091889600 -0.008014091889600  0.000000000000000
  0.000000000000000  0.000000000000000  0.000000000000000 -0.058442743593966
  0.058442743593966  0.000000000000000  0.000000000000000  0.000000000000000
  0.000000000000000  0.168225376084546 -0.168225376084546  0.000000000000000
  0.000000000000000  0.000000000000000  0.000000000000000  0.000000000000000
  0.000000000000000  0.000000000000000  0.000000000000000  0.000000000000000
  0.000000000000000  0.000000000000000  0.000000000000000  0.000000000000000
  0.000000000000000  0.000000000000000  0.000000000000000  0.000000000000000
  0.000000000000000  0.000000000000000  0.000000000000000  0.000000000000000
  0.000000000000000  0.000000000000000  0.000000000000000  0.000000000000000
  0.000000000000000  0.000000000000000  0.000000000000000 -0.951813497155166
  0.951813497155166  0.000000000000000  0.000000000000000  0.000000000000000
  0.000000000000000  0.000000000000000  0.000000000000000  0.000000000000000
  0.000000000000000  0.000000000000000  0.000000000000000  0.000000000000000
  0.000000000000000  0.000000000000000  0.000000000000000
   11 Orbital Energy     0.232223 Occupation  0.000000 Symmetry Dxy     
  0.000000000000000  0.000000000000000  0.000000000000000  0.000000000000000
  0.000000000000000  0.000000000000000  0.000000000000000  0.000000000000000
  0.000000000000000  0.000000000000000  0.000000000000000  0.000000000000000
  0.000000000000000  0.000000000000000  0.000000000000000  0.000000000000000
  0.000000000000000  0.000000000000000  0.000000000000000  0.000000000000000
  0.009253876219542  0.000000000000000  0.000000000000000  0.000000000000000
  0.000000000000000  0.000000000000000 -0.067483867492313  0.000000000000000
  0.000000000000000  0.000000000000000  0.000000000000000  0.000000000000000
  0.194249932333876  0.000000000000000  0.000000000000000  0.000000000000000
  0.000000000000000  0.000000000000000  0.000000000000000  0.000000000000000
  0.000000000000000  0.000000000000000  0.000000000000000  0.000000000000000
  0.000000000000000  0.000000000000000  0.000000000000000  0.000000000000000
  0.000000000000000  0.000000000000000  0.000000000000000  0.000000000000000
  0.000000000000000  0.000000000000000  0.000000000000000  0.000000000000000
  0.000000000000000  0.000000000000000  0.000000000000000  0.000000000000000
  0.000000000000000  0.000000000000000 -1.099059557601708  0.000000000000000
  0.000000000000000  0.000000000000000  0.000000000000000  0.000000000000000
  0.000000000000000  0.000000000000000  0.000000000000000  0.000000000000000
  0.000000000000000  0.000000000000000  0.000000000000000
   12 Orbital Energy     0.241825 Occupation  0.000000 Symmetry Dxz     
  0.000000000000000  0.000000000000000  0.000000000000000  0.000000000000000
  0.000000000000000  0.000000000000000  0.000000000000000  0.000000000000000
  0.000000000000000  0.000000000000000  0.000000000000000  0.000000000000000
  0.000000000000000  0.000000000000000  0.000000000000000  0.000000000000000
  0.000000000000000  0.000000000000000  0.000000000000000  0.000000000000000
  0.000000000000000  0.009207791998695  0.000000000000000  0.000000000000000
  0.000000000000000  0.000000000000000  0.000000000000000 -0.071667840155503
  0.000000000000000  0.000000000000000  0.000000000000000  0.000000000000000
  0.000000000000000  0.197329523465254  0.000000000000000  0.000000000000000
  0.000000000000000  0.000000000000000  0.000000000000000  0.000000000000000
  0.000000000000000  0.000000000000000  0.000000000000000  0.000000000000000
  0.000000000000000  0.000000000000000  0.000000000000000  0.000000000000000
  0.000000000000000  0.000000000000000  0.000000000000000  0.000000000000000
  0.000000000000000  0.000000000000000  0.000000000000000  0.000000000000000
  0.000000000000000  0.000000000000000  0.000000000000000  0.000000000000000
  0.000000000000000  0.000000000000000  0.000000000000000 -1.100067164904691
  0.000000000000000  0.000000000000000  0.000000000000000  0.000000000000000
  0.000000000000000  0.000000000000000  0.000000000000000  0.000000000000000
  0.000000000000000  0.000000000000000  0.000000000000000
   13 Orbital Energy     0.241825 Occupation  0.000000 Symmetry Dyz     
  0.000000000000000  0.000000000000000  0.000000000000000  0.000000000000000
  0.000000000000000  0.000000000000000  0.000000000000000  0.000000000000000
  0.000000000000000  0.000000000000000  0.000000000000000  0.000000000000000
  0.000000000000000  0.000000000000000  0.000000000000000  0.000000000000000
  0.000000000000000  0.000000000000000  0.000000000000000  0.000000000000000
  0.000000000000000  0.000000000000000  0.009207791998695  0.000000000000000
  0.000000000000000  0.000000000000000  0.000000000000000  0.000000000000000
 -0.071667840155503  0.000000000000000  0.000000000000000  0.000000000000000
  0.000000000000000  0.000000000000000  0.197329523465254  0.000000000000000
  0.000000000000000  0.000000000000000  0.000000000000000  0.000000000000000
  0.000000000000000  0.000000000000000  0.000000000000000  0.000000000000000
  0.000000000000000  0.000000000000000  0.000000000000000  0.000000000000000
  0.000000000000000  0.000000000000000  0.000000000000000  0.000000000000000
  0.000000000000000  0.000000000000000  0.000000000000000  0.000000000000000
  0.000000000000000  0.000000000000000  0.000000000000000  0.000000000000000
  0.000000000000000  0.000000000000000  0.000000000000000  0.000000000000000
 -1.100067164904691  0.000000000000000  0.000000000000000  0.000000000000000
  0.000000000000000  0.000000000000000  0.000000000000000  0.000000000000000
  0.000000000000000  0.000000000000000  0.000000000000000
&
&valid
version=1.0
geometry
atom_num=1
   6     0.0000000000     0.0000000000     0.0000000000
end
molecule
molchg=0
multip=1
qs_cuts=   0    0    0
end
basis
name=ps_cc-pvqz(-g)+                 
numd=5
atom_basis_num=0
end
&
