MAEFILE: dvb_ir.01.mae
&gen 
irder=1 
basis=sto-3g 
dftname=b3lyp 
ifreq=1 
&
&zmat
 C1              1.2665285000             0.6759230000            0.0000000000
 C2              1.1952730000            -0.7434430000            0.0000000000
 C3             -0.0429675000            -1.4013580000            0.0000000000
 C4             -1.2665285000            -0.6759230000            0.0000000000
 C5             -1.1952730000             0.7434430000            0.0000000000
 H6              2.1195675000            -1.3354300000            0.0000000000
 H7             -0.0745205000            -2.4995670000            0.0000000000
 H8             -2.1195675000             1.3354300000            0.0000000000
 C9             -2.5613295000            -1.4284630000            0.0000000000
 C10            -3.7965105000            -0.8980075000            0.0000000000
 H11            -3.9756205000             0.1832480000            0.0000000000
 H12            -2.4514365000            -2.5233690000            0.0000000000
 H13            -4.6886295000            -1.5350630000            0.0000000000
 C14             2.5613295000             1.4284630000            0.0000000000
 H15             2.4514365000             2.5233690000            0.0000000000
 C16             3.7965105000             0.8980075000            0.0000000000
 H17             3.9756205000            -0.1832480000            0.0000000000
 H18             4.6886295000             1.5350630000            0.0000000000
 C19             0.0429675000             1.4013580000            0.0000000000
 H20             0.0745205000             2.4995670000            0.0000000000
&
&guess  basgss=sto-3g numd=5
    1 Orbital Energy   -10.020201 Occupation  1.000000 Symmetry Bu      
  0.699298995723417  0.031566202320213 -0.000855807291128 -0.000321697522646
  0.000000000000000 -0.019114247369362 -0.007711321507695  0.000071004020145
 -0.004380144924494  0.000000000000000  0.018572345864787  0.007724376427916
 -0.003623558652129  0.002497570682159  0.000000000000000 -0.699298995723417
 -0.031566202320213 -0.000855807291128 -0.000321697522646  0.000000000000000
  0.019114247369362  0.007711321507695  0.000071004020145 -0.004380144924494
  0.000000000000000  0.000332328168878 -0.000332844629774 -0.000332328168878
  0.027345669508919  0.006721728896647  0.003471773914885  0.002131726820320
  0.000000000000000 -0.000179645682423 -0.000473506474773 -0.000265526959244
 -0.000094810254545  0.000000000000000  0.000148396992785 -0.000325119554707
  0.000028719029949 -0.027345669508919 -0.006721728896647  0.003471773914885
  0.002131726820320  0.000000000000000  0.000325119554707  0.000179645682423
  0.000473506474773 -0.000265526959244 -0.000094810254545  0.000000000000000
 -0.000148396992785 -0.000028719029949 -0.018572345864787 -0.007724376427916
 -0.003623558652129  0.002497570682159  0.000000000000000  0.000332844629774
    2 Orbital Energy   -10.020153 Occupation  1.000000 Symmetry Ag      
  0.699296811293218  0.031359580583311 -0.000617212468214 -0.000184050793174
  0.000000000000000 -0.019371562948413 -0.006877489866521 -0.000369221761235
 -0.004413157666361  0.000000000000000 -0.019051787507650 -0.006913008471548
  0.003906266508904 -0.002181831085398  0.000000000000000  0.699296811293218
  0.031359580583311  0.000617212468214  0.000184050793174  0.000000000000000
 -0.019371562948413 -0.006877489866521  0.000369221761235  0.004413157666361
  0.000000000000000  0.000222604220343  0.000219863874892  0.000222604220343
 -0.027708224371238 -0.006789571146711 -0.003504962273012 -0.002151110121090
  0.000000000000000  0.000193439959428  0.000476710024549  0.000272019320426
  0.000096370990073  0.000000000000000 -0.000140564675576  0.000336355935744
 -0.000027814621089 -0.027708224371238 -0.006789571146711  0.003504962273012
  0.002151110121090  0.000000000000000  0.000336355935744  0.000193439959428
  0.000476710024549 -0.000272019320426 -0.000096370990073  0.000000000000000
 -0.000140564675576 -0.000027814621089 -0.019051787507650 -0.006913008471548
 -0.003906266508904  0.002181831085398  0.000000000000000  0.000219863874892
    3 Orbital Energy   -10.008129 Occupation  1.000000 Symmetry Bu      
 -0.027941807002488  0.004127157032125  0.003714531265491  0.001966603070034
  0.000000000000000  0.007817693540445  0.000447446314582 -0.000115173776378
  0.000101032302578  0.000000000000000 -0.008899798333184 -0.000539579461561
  0.000034993444545 -0.000123833061987  0.000000000000000  0.027941807002488
 -0.004127157032125  0.003714531265491  0.001966603070034  0.000000000000000
 -0.007817693540445 -0.000447446314582 -0.000115173776378  0.000101032302578
  0.000000000000000  0.000058930437730  0.000077518419604 -0.000058930437730
  0.699825492768988  0.030785039827853 -0.001255646055697  0.000359170629851
  0.000000000000000 -0.008120243332123 -0.007614267973186 -0.004234667527876
  0.001780293731398  0.000000000000000  0.000186360622643 -0.006422984435504
  0.000215954544845 -0.699825492768988 -0.030785039827853 -0.001255646055697
  0.000359170629851  0.000000000000000  0.006422984435504  0.008120243332123
  0.007614267973186 -0.004234667527876  0.001780293731398  0.000000000000000
 -0.000186360622643 -0.000215954544845  0.008899798333184  0.000539579461561
  0.000034993444545 -0.000123833061987  0.000000000000000 -0.000077518419604
    4 Orbital Energy   -10.008128 Occupation  1.000000 Symmetry Ag      
 -0.028147388519053  0.004073119391225  0.003691280672197  0.001949987473422
  0.000000000000000  0.010330233923346  0.000422121351384 -0.000077863635363
  0.000194836795155  0.000000000000000  0.011785341409565  0.000564256506213
 -0.000117910643575  0.000160468733588  0.000000000000000 -0.028147388519053
  0.004073119391225 -0.003691280672197 -0.001949987473422  0.000000000000000
  0.010330233923346  0.000422121351384  0.000077863635363 -0.000194836795155
  0.000000000000000  0.000061169941266 -0.000083004711520  0.000061169941266
 -0.699743172302309 -0.030766529336916  0.001264649163133 -0.000353673648616
  0.000000000000000  0.008113711501909  0.007612651526670  0.004233007489992
 -0.001781176082092  0.000000000000000 -0.000186758516734  0.006420743298766
 -0.000216184706189 -0.699743172302309 -0.030766529336916 -0.001264649163133
  0.000353673648616  0.000000000000000  0.006420743298766  0.008113711501909
  0.007612651526670 -0.004233007489992  0.001781176082092  0.000000000000000
 -0.000186758516734 -0.000216184706189  0.011785341409565  0.000564256506213
  0.000117910643575 -0.000160468733588  0.000000000000000 -0.000083004711520
    5 Orbital Energy   -10.006778 Occupation  1.000000 Symmetry Bu      
 -0.027584462952423  0.007922576975072 -0.002138777425734 -0.002737730707323
  0.000000000000000 -0.608982425382024 -0.030245861294774  0.002830409499899
  0.000715833352094  0.000000000000000  0.344100159660108  0.021031827662834
  0.003552293712612  0.002351727954769  0.000000000000000  0.027584462952423
 -0.007922576975072 -0.002138777425734 -0.002737730707323  0.000000000000000
  0.608982425382024  0.030245861294774  0.002830409499899  0.000715833352094
  0.000000000000000  0.005606559164140 -0.003270867431528 -0.005606559164140
  0.010172627544071  0.000569696124346 -0.000057262051667  0.000035065221861
  0.000000000000000 -0.000927205617148 -0.000238057350802 -0.000120547157354
 -0.000033016369078  0.000000000000000  0.000158278842769 -0.000144255695408
 -0.000010093683560 -0.010172627544071 -0.000569696124346 -0.000057262051667
  0.000035065221861  0.000000000000000  0.000144255695408  0.000927205617148
  0.000238057350802 -0.000120547157354 -0.000033016369078  0.000000000000000
 -0.000158278842769  0.000010093683560 -0.344100159660108 -0.021031827662834
  0.003552293712612  0.002351727954769  0.000000000000000  0.003270867431528
    6 Orbital Energy   -10.006773 Occupation  1.000000 Symmetry Ag      
 -0.006773101919849  0.001695734140150  0.001834238544372 -0.004871738718380
  0.000000000000000 -0.594006129514285 -0.029621154945668  0.002725468111378
  0.000908242554427  0.000000000000000  0.370347888300892  0.021880992384218
  0.003393370779527  0.002222186534115  0.000000000000000 -0.006773101919849
  0.001695734140150 -0.001834238544372  0.004871738718380  0.000000000000000
 -0.594006129514285 -0.029621154945668 -0.002725468111378 -0.000908242554427
  0.000000000000000  0.005485218614504 -0.003435788924381  0.005485218614504
 -0.002268195751062 -0.000093213418573  0.000090501118482 -0.000087757749436
  0.000000000000000  0.000431500568252  0.000098561648724  0.000027888665036
  0.000032679534976  0.000000000000000 -0.000159738542338  0.000044315314712
  0.000005469536160 -0.002268195751062 -0.000093213418573 -0.000090501118482
  0.000087757749436  0.000000000000000  0.000044315314712  0.000431500568252
  0.000098561648724 -0.000027888665036 -0.000032679534976  0.000000000000000
 -0.000159738542338  0.000005469536160  0.370347888300892  0.021880992384218
 -0.003393370779527 -0.002222186534115  0.000000000000000 -0.003435788924381
    7 Orbital Energy   -10.006030 Occupation  1.000000 Symmetry Bu      
 -0.007283326393708  0.002202069142837 -0.003136312261048  0.003985165837590
  0.000000000000000  0.345453695809618  0.009485589258799  0.002953355870326
  0.001966182865793  0.000000000000000  0.609750249695216  0.023693742634220
 -0.001714789457490 -0.000168238018640  0.000000000000000  0.007283326393708
 -0.002202069142837 -0.003136312261048  0.003985165837590  0.000000000000000
 -0.345453695809618 -0.009485589258799  0.002953355870326  0.001966182865793
  0.000000000000000 -0.002960642693308 -0.005407219473980  0.002960642693308
  0.003642838492882  0.000206113811159 -0.000023566289747 -0.000012206404907
  0.000000000000000  0.000095413404163 -0.000048500231129 -0.000035662140312
  0.000037832615260  0.000000000000000 -0.000065988760061 -0.000063193326505
  0.000008786752465 -0.003642838492882 -0.000206113811159 -0.000023566289747
 -0.000012206404907  0.000000000000000  0.000063193326505 -0.000095413404163
  0.000048500231129 -0.000035662140312  0.000037832615260  0.000000000000000
  0.000065988760061 -0.000008786752465 -0.609750249695216 -0.023693742634220
 -0.001714789457490 -0.000168238018640  0.000000000000000  0.005407219473980
    8 Orbital Energy   -10.005893 Occupation  1.000000 Symmetry Ag      
 -0.028424816963946  0.007339895046499 -0.003189063277251 -0.000373092397350
  0.000000000000000 -0.370628201111881 -0.010726826616372 -0.002978825015450
 -0.001709152807943  0.000000000000000 -0.594168239675382 -0.022624927926149
  0.001790740872054  0.000629836935737  0.000000000000000 -0.028424816963946
  0.007339895046499  0.003189063277251  0.000373092397350  0.000000000000000
 -0.370628201111881 -0.010726826616372  0.002978825015450  0.001709152807943
  0.000000000000000  0.003373236713875  0.005427678152771  0.003373236713875
 -0.014434719422500 -0.000630310559483  0.000166795139591  0.000049226218473
  0.000000000000000  0.001088181131865  0.000285859818578  0.000172882554422
  0.000011054695567  0.000000000000000 -0.000074112596964  0.000223134323565
  0.000010807341609 -0.014434719422500 -0.000630310559483 -0.000166795139591
 -0.000049226218473  0.000000000000000  0.000223134323565  0.001088181131865
  0.000285859818578 -0.000172882554422 -0.000011054695567  0.000000000000000
 -0.000074112596964  0.000010807341609 -0.594168239675382 -0.022624927926149
 -0.001790740872054 -0.000629836935737  0.000000000000000  0.005427678152771
    9 Orbital Energy    -9.992332 Occupation  1.000000 Symmetry Bu      
  0.000178597074947  0.000158749588472  0.000053593336369 -0.000005209125657
  0.000000000000000  0.000789362688699 -0.000014859494676 -0.000097385752164
 -0.000039747383260  0.000000000000000 -0.000283254766614  0.000002217279678
 -0.000078363798371 -0.000019862937841  0.000000000000000 -0.000178597074947
 -0.000158749588472  0.000053593336369 -0.000005209125657  0.000000000000000
 -0.000789362688699  0.000014859494676 -0.000097385752164 -0.000039747383260
  0.000000000000000  0.000100810234636  0.000011828812404 -0.000100810234636
 -0.009009343936653  0.006890747332771 -0.004186342324354  0.001835900291419
  0.000000000000000 -0.700478471035151 -0.030861639286318 -0.001160216465410
  0.000549180131647  0.000000000000000  0.006356308909749 -0.000044686740485
  0.006374757995940  0.009009343936653 -0.006890747332771 -0.004186342324354
  0.001835900291419  0.000000000000000  0.000044686740485  0.700478471035151
  0.030861639286318 -0.001160216465410  0.000549180131647  0.000000000000000
 -0.006356308909749 -0.006374757995940  0.000283254766614 -0.000002217279678
 -0.000078363798371 -0.000019862937841  0.000000000000000 -0.000011828812404
   10 Orbital Energy    -9.992332 Occupation  1.000000 Symmetry Ag      
  0.000179759695284  0.000157272870817  0.000052984080350 -0.000007177535931
  0.000000000000000  0.000851136544793 -0.000035662572796 -0.000082916661274
 -0.000031002159115  0.000000000000000  0.000581072639574 -0.000060313131531
  0.000031187440706 -0.000007162993594  0.000000000000000  0.000179759695284
  0.000157272870817 -0.000052984080350  0.000007177535931  0.000000000000000
  0.000851136544793 -0.000035662572796  0.000082916661274  0.000031002159115
  0.000000000000000  0.000100945920183 -0.000016860015364  0.000100945920183
  0.009013418944920 -0.006890506306355  0.004185942172168 -0.001835697612776
  0.000000000000000  0.700478208254229  0.030861374046890  0.001159974259887
 -0.000549198220927  0.000000000000000 -0.006356419388384  0.000044359010553
 -0.006374779972311  0.009013418944920 -0.006890506306355 -0.004185942172168
  0.001835697612776  0.000000000000000  0.000044359010553  0.700478208254229
  0.030861374046890 -0.001159974259887  0.000549198220927  0.000000000000000
 -0.006356419388384 -0.006374779972311  0.000581072639574 -0.000060313131531
 -0.000031187440706  0.000007162993594  0.000000000000000 -0.000016860015364
   11 Orbital Energy    -0.809508 Occupation  1.000000 Symmetry Ag      
 -0.107833803660237  0.274626730490501 -0.036978517112162 -0.018408843063123
  0.000000000000000 -0.097622347821037  0.246766012884652 -0.044551423421152
  0.033390501378593  0.000000000000000 -0.097877780132004  0.247017577998822
 -0.003248264296984  0.055032667308303  0.000000000000000 -0.107833803660237
  0.274626730490501  0.036978517112162  0.018408843063123  0.000000000000000
 -0.097622347821037  0.246766012884652  0.044551423421152 -0.033390501378593
  0.000000000000000  0.045094662618415  0.044961161209322  0.045094662618415
 -0.049673885166486  0.127718346845156  0.022882830015974  0.021259452760216
  0.000000000000000 -0.024611204004171  0.062548713992617  0.023200426627607
 -0.005247805047186  0.000000000000000  0.014055505097470  0.025647943665591
  0.010569651470554 -0.049673885166486  0.127718346845156 -0.022882830015974
 -0.021259452760216  0.000000000000000  0.025647943665591 -0.024611204004171
  0.062548713992617 -0.023200426627607  0.005247805047186  0.000000000000000
  0.014055505097470  0.010569651470554 -0.097877780132004  0.247017577998822
  0.003248264296984 -0.055032667308303  0.000000000000000  0.044961161209322
   12 Orbital Energy    -0.753982 Occupation  1.000000 Symmetry Bu      
  0.103614944456802 -0.273912899001841 -0.029710384672822 -0.014644322123242
  0.000000000000000  0.042903292317343 -0.112792291393005 -0.029741353155443
 -0.057226990117344  0.000000000000000 -0.038933567137747  0.101879794033898
 -0.064765821248249  0.006952274929619  0.000000000000000 -0.103614944456802
  0.273912899001841 -0.029710384672822 -0.014644322123242  0.000000000000000
 -0.042903292317343  0.112792291393005 -0.029741353155443 -0.057226990117344
  0.000000000000000 -0.030568461362806  0.026837838306449  0.030568461362806
 -0.113838678007287  0.297236604487294 -0.002739620883735  0.034988466324671
  0.000000000000000 -0.080678289457805  0.209206526360742  0.059138815803296
 -0.019407694692696  0.000000000000000  0.048464851884370  0.067146271896771
  0.043710934734899  0.113838678007287 -0.297236604487294 -0.002739620883735
  0.034988466324671  0.000000000000000 -0.067146271896771  0.080678289457805
 -0.209206526360742  0.059138815803296 -0.019407694692696  0.000000000000000
 -0.048464851884370 -0.043710934734899  0.038933567137747 -0.101879794033898
 -0.064765821248249  0.006952274929619  0.000000000000000 -0.026837838306449
   13 Orbital Energy    -0.717969 Occupation  1.000000 Symmetry Ag      
  0.004669434126057 -0.015179150113536 -0.087741713636491 -0.040832513890787
  0.000000000000000 -0.041774242009386  0.109022109826688 -0.045440916562489
 -0.013180213265785  0.000000000000000 -0.046218153431233  0.121179319737285
  0.030050333576563  0.027065228432772  0.000000000000000  0.004669434126057
 -0.015179150113536  0.087741713636491  0.040832513890787  0.000000000000000
 -0.041774242009386  0.109022109826688  0.045440916562489  0.013180213265785
  0.000000000000000  0.016804957937780  0.023245568149753  0.016804957937780
  0.119304694131465 -0.314973394701640  0.068760200245999 -0.024449930739803
  0.000000000000000  0.117430069890120 -0.309691425041904 -0.065638074440825
  0.029663940756570  0.000000000000000 -0.074095305486306 -0.076620811868697
 -0.074884411850393  0.119304694131465 -0.314973394701640 -0.068760200245999
  0.024449930739803  0.000000000000000 -0.076620811868697  0.117430069890120
 -0.309691425041904  0.065638074440825 -0.029663940756570  0.000000000000000
 -0.074095305486306 -0.074884411850393 -0.046218153431233  0.121179319737285
 -0.030050333576563 -0.027065228432772  0.000000000000000  0.023245568149753
   14 Orbital Energy    -0.699774 Occupation  1.000000 Symmetry Bu      
 -0.012171674736437  0.032956279251539 -0.061243612529582  0.111152315372324
  0.000000000000000  0.120387773272542 -0.324734770007119  0.051259984873323
  0.053775285368106  0.000000000000000  0.132153087504861 -0.356642517348039
 -0.054948009598229 -0.014184375622944  0.000000000000000  0.012171674736437
 -0.032956279251539 -0.061243612529582  0.111152315372324  0.000000000000000
 -0.120387773272542  0.324734770007119  0.051259984873323  0.053775285368106
  0.000000000000000 -0.090200902472525 -0.098303102743311  0.090200902472525
  0.000534414811851 -0.002137711492914 -0.024439374878478  0.015806806371996
  0.000000000000000 -0.014044281824700  0.036714639430557  0.005310303430404
  0.003592759211413  0.000000000000000  0.014429949575020 -0.010141095557478
  0.008639620294924 -0.000534414811851  0.002137711492914 -0.024439374878478
  0.015806806371996  0.000000000000000  0.010141095557478  0.014044281824700
 -0.036714639430557  0.005310303430404  0.003592759211413  0.000000000000000
 -0.014429949575020 -0.008639620294924 -0.132153087504861  0.356642517348039
 -0.054948009598229 -0.014184375622944  0.000000000000000  0.098303102743311
   15 Orbital Energy    -0.667507 Occupation  1.000000 Symmetry Bu      
 -0.099662613833014  0.274036228065729 -0.048154690060832 -0.034594970371205
  0.000000000000000 -0.072777259099083  0.200704408402926  0.027162716282522
  0.066537283815794  0.000000000000000  0.041291172810213 -0.114106617727531
  0.098578656785657 -0.006576189300592  0.000000000000000  0.099662613833014
 -0.274036228065729 -0.048154690060832 -0.034594970371205  0.000000000000000
  0.072777259099083 -0.200704408402926  0.027162716282522  0.066537283815794
  0.000000000000000  0.052797993079764 -0.032664418890048 -0.052797993079764
 -0.051646512112762  0.136893074032846 -0.134795246976414 -0.004065208291541
  0.000000000000000 -0.110363592289162  0.299732950965521  0.026522679704674
 -0.027457794297481  0.000000000000000  0.077507313493103  0.037439474181189
  0.090050635805552  0.051646512112762 -0.136893074032846 -0.134795246976414
 -0.004065208291541  0.000000000000000 -0.037439474181189  0.110363592289162
 -0.299732950965521  0.026522679704674 -0.027457794297481  0.000000000000000
 -0.077507313493103 -0.090050635805552 -0.041291172810213  0.114106617727531
  0.098578656785657 -0.006576189300592  0.000000000000000  0.032664418890048
   16 Orbital Energy    -0.588694 Occupation  1.000000 Symmetry Ag      
 -0.071201597259698  0.206929104376160  0.030368040194226  0.136770397570231
  0.000000000000000  0.081396397244997 -0.232241655064084  0.002024136926831
  0.070108716773894  0.000000000000000 -0.002346178678152  0.008149923200389
 -0.160894244634219 -0.022584837058598  0.000000000000000 -0.071201597259698
  0.206929104376160 -0.030368040194226 -0.136770397570231  0.000000000000000
  0.081396397244997 -0.232241655064084 -0.002024136926831 -0.070108716773894
  0.000000000000000 -0.105485871496962  0.018617064715758 -0.105485871496962
 -0.053027980355307  0.159492166238126  0.149160682268835 -0.035344697936282
  0.000000000000000  0.084164153650112 -0.242696155356154  0.047991817408862
 -0.021046446049314  0.000000000000000 -0.103700491059492  0.080154593595706
 -0.098387628779512 -0.053027980355307  0.159492166238126 -0.149160682268835
  0.035344697936282  0.000000000000000  0.080154593595706  0.084164153650112
 -0.242696155356154 -0.047991817408862  0.021046446049314  0.000000000000000
 -0.103700491059492 -0.098387628779512 -0.002346178678152  0.008149923200389
  0.160894244634219  0.022584837058598  0.000000000000000  0.018617064715758
   17 Orbital Energy    -0.558918 Occupation  1.000000 Symmetry Ag      
 -0.054056295745307  0.159992366527830  0.119251147427556 -0.155920159709913
  0.000000000000000 -0.057923824127807  0.172029885860649  0.133490192402720
  0.136352906584706  0.000000000000000  0.110469669744166 -0.326170814305283
  0.009583071612363  0.089749341701600  0.000000000000000 -0.054056295745307
  0.159992366527830 -0.119251147427556  0.155920159709913  0.000000000000000
 -0.057923824127807  0.172029885860649 -0.133490192402720 -0.136352906584706
  0.000000000000000  0.083530186094556 -0.169723318446970  0.083530186094556
 -0.007235289366964  0.023479437392010  0.057567135327319  0.069571514350147
  0.000000000000000  0.037129405282100 -0.111322733145330  0.042075021786072
  0.029101303156034  0.000000000000000 -0.022114198143639 -0.032904580588571
 -0.067025940450692 -0.007235289366964  0.023479437392010 -0.057567135327319
 -0.069571514350147  0.000000000000000 -0.032904580588571  0.037129405282100
 -0.111322733145330 -0.042075021786072 -0.029101303156034  0.000000000000000
 -0.022114198143639 -0.067025940450692  0.110469669744166 -0.326170814305283
 -0.009583071612363 -0.089749341701600  0.000000000000000 -0.169723318446970
   18 Orbital Energy    -0.531669 Occupation  1.000000 Symmetry Bu      
 -0.013265587714711  0.037842310789940 -0.111123132553368 -0.094225094029740
  0.000000000000000 -0.030375221218823  0.091983929524742  0.062253099801644
  0.059449660216488  0.000000000000000  0.050702787661766 -0.154529643306234
  0.006776970790673 -0.003408857627084  0.000000000000000  0.013265587714711
 -0.037842310789940 -0.111123132553368 -0.094225094029740  0.000000000000000
  0.030375221218823 -0.091983929524742  0.062253099801644  0.059449660216488
  0.000000000000000  0.054769353092778 -0.050235858264462 -0.054769353092778
 -0.098836263439648  0.302610708732646  0.076501264604427 -0.096674047060143
  0.000000000000000  0.080801787401873 -0.249273051070159  0.126140588034436
 -0.086873208889675  0.000000000000000 -0.160341096872559  0.170584502143722
 -0.124874164835279  0.098836263439648 -0.302610708732646  0.076501264604427
 -0.096674047060143  0.000000000000000 -0.170584502143722 -0.080801787401873
  0.249273051070159  0.126140588034436 -0.086873208889675  0.000000000000000
  0.160341096872559  0.124874164835279 -0.050702787661766  0.154529643306234
  0.006776970790673 -0.003408857627084  0.000000000000000  0.050235858264462
   19 Orbital Energy    -0.510171 Occupation  1.000000 Symmetry Ag      
  0.054526045790215 -0.162046226478676  0.141355532838317  0.026706054944092
  0.000000000000000 -0.052505557579126  0.166831179901160  0.099290730143149
 -0.179831238578070  0.000000000000000 -0.006563303196562  0.024176296081265
  0.142822767077916 -0.145717509185973  0.000000000000000  0.054526045790215
 -0.162046226478676 -0.141355532838317 -0.026706054944092  0.000000000000000
 -0.052505557579126  0.166831179901160 -0.099290730143149  0.179831238578070
  0.000000000000000  0.169720142120574  0.098227801806413  0.169720142120574
 -0.059184079855251  0.180881502377371  0.019187553991717 -0.061595630127139
  0.000000000000000  0.051461753351151 -0.163145896486368  0.102826402572918
 -0.048904337495101  0.000000000000000 -0.094954662262263  0.112554921008754
 -0.096951261833773 -0.059184079855251  0.180881502377371 -0.019187553991717
  0.061595630127139  0.000000000000000  0.112554921008754  0.051461753351151
 -0.163145896486368 -0.102826402572918  0.048904337495101  0.000000000000000
 -0.094954662262263 -0.096951261833773 -0.006563303196562  0.024176296081265
 -0.142822767077916  0.145717509185973  0.000000000000000  0.098227801806413
   20 Orbital Energy    -0.457447 Occupation  1.000000 Symmetry Ag      
  0.032336412643121 -0.106591110827103 -0.109451164286698 -0.090770104022610
  0.000000000000000 -0.019461554518348  0.055103869247569 -0.156113396688336
  0.037483113108863  0.000000000000000  0.013160567058422 -0.050915883249367
  0.089643086883340  0.175183175506947  0.000000000000000  0.032336412643121
 -0.106591110827103  0.109451164286698  0.090770104022610  0.000000000000000
 -0.019461554518348  0.055103869247569  0.156113396688336 -0.037483113108863
  0.000000000000000 -0.090714689875308 -0.135955529142617 -0.090714689875308
 -0.040068293561694  0.127324835223353 -0.138206512715499 -0.168040968990138
  0.000000000000000  0.016806096366404 -0.063123630535081  0.059754760134233
 -0.204543084335273  0.000000000000000 -0.179040720460238  0.152723388730835
  0.021690813309152 -0.040068293561694  0.127324835223353  0.138206512715499
  0.168040968990138  0.000000000000000  0.152723388730835  0.016806096366404
 -0.063123630535081 -0.059754760134233  0.204543084335273  0.000000000000000
 -0.179040720460238  0.021690813309152  0.013160567058422 -0.050915883249367
 -0.089643086883340 -0.175183175506947  0.000000000000000 -0.135955529142616
   21 Orbital Energy    -0.439359 Occupation  1.000000 Symmetry Bu      
  0.023086091237729 -0.079123491318926 -0.167947620353255  0.075878373078404
  0.000000000000000 -0.042364956333788  0.138190946238574 -0.064895963686267
 -0.125063628951822  0.000000000000000  0.022224094099316 -0.074841321629252
  0.169266398195797  0.076536004404148  0.000000000000000 -0.023086091237729
  0.079123491318926 -0.167947620353255  0.075878373078404  0.000000000000000
  0.042364956333788 -0.138190946238574 -0.064895963686267 -0.125063628951822
  0.000000000000000  0.061137634492839 -0.100284634479939 -0.061137634492839
 -0.016788334434208  0.051280186015521  0.024933742470065  0.240277484306386
  0.000000000000000  0.008048225988811 -0.031060036730477  0.169702878190438
  0.152611933152965  0.000000000000000  0.072363297646919 -0.155797722887420
 -0.177469149117191  0.016788334434208 -0.051280186015521  0.024933742470065
  0.240277484306386  0.000000000000000  0.155797722887420 -0.008048225988811
  0.031060036730477  0.169702878190438  0.152611933152965  0.000000000000000
 -0.072363297646919  0.177469149117191 -0.022224094099316  0.074841321629252
  0.169266398195797  0.076536004404148  0.000000000000000  0.100284634479939
   22 Orbital Energy    -0.410597 Occupation  1.000000 Symmetry Bu      
  0.069184043766751 -0.234434632443425  0.057260098244054 -0.087199291427377
  0.000000000000000 -0.044102782958807  0.153244070438542  0.205801377260113
 -0.051061529636722  0.000000000000000  0.047651433462542 -0.163872107480654
 -0.128996927323488  0.188790469948038  0.000000000000000 -0.069184043766751
  0.234434632443425  0.057260098244054 -0.087199291427377  0.000000000000000
  0.044102782958807 -0.153244070438542  0.205801377260113 -0.051061529636722
  0.000000000000000  0.231293809049570 -0.225327680395970 -0.231293809049570
  0.015181369127839 -0.041815763541838  0.132712971280872  0.002703272191354
  0.000000000000000 -0.011931538460507  0.049864030062418 -0.152118569690945
  0.029750668590823  0.000000000000000  0.043405969337143 -0.026432550127121
  0.105024740771408 -0.015181369127839  0.041815763541838  0.132712971280872
  0.002703272191354  0.000000000000000  0.026432550127121  0.011931538460507
 -0.049864030062418 -0.152118569690945  0.029750668590823  0.000000000000000
 -0.043405969337143 -0.105024740771408 -0.047651433462542  0.163872107480654
 -0.128996927323488  0.188790469948038  0.000000000000000  0.225327680395970
   23 Orbital Energy    -0.397957 Occupation  1.000000 Symmetry Bu      
  0.022658310482137 -0.077008913551098  0.066547448324122  0.253954338935792
  0.000000000000000  0.011730395441337 -0.036464395145518  0.027545250165566
 -0.255444872742440  0.000000000000000 -0.001152347130690  0.001077931084201
  0.111431586137704  0.041770309001122  0.000000000000000 -0.022658310482137
  0.077008913551098  0.066547448324122  0.253954338935792  0.000000000000000
 -0.011730395441337  0.036464395145518  0.027545250165566 -0.255444872742440
  0.000000000000000  0.133501143814022 -0.037168740758713 -0.133501143814022
  0.002461410111324 -0.014551509005604 -0.186166729367428 -0.018562780717988
  0.000000000000000 -0.001014797319630 -0.007702454359357  0.044724896772679
 -0.250229591327452  0.000000000000000 -0.215854895277472 -0.011995688089716
  0.087291163548283 -0.002461410111324  0.014551509005604 -0.186166729367428
 -0.018562780717988  0.000000000000000  0.011995688089716  0.001014797319630
  0.007702454359357  0.044724896772679 -0.250229591327452  0.000000000000000
  0.215854895277472 -0.087291163548283  0.001152347130690 -0.001077931084201
  0.111431586137704  0.041770309001122  0.000000000000000  0.037168740758713
   24 Orbital Energy    -0.396075 Occupation  1.000000 Symmetry Ag      
  0.021631168772218 -0.071430415430088 -0.004564209746457 -0.017858284791190
  0.000000000000000  0.018355241092455 -0.068380394531552 -0.140808369169471
 -0.008209237890219  0.000000000000000 -0.025328508587658  0.084649829791406
  0.075136699891295  0.031692964598550  0.000000000000000  0.021631168772218
 -0.071430415430088  0.004564209746457  0.017858284791190  0.000000000000000
  0.018355241092455 -0.068380394531552  0.140808369169471  0.008209237890219
  0.000000000000000 -0.113865536363039  0.006649601078802 -0.113865536363039
 -0.027632461114011  0.080524290496737 -0.158728431081299  0.212593058605633
  0.000000000000000 -0.004489123764898  0.000046867843201  0.324872735147065
  0.097158290889086  0.000000000000000  0.023878626259503 -0.145761599837413
 -0.262044838073963 -0.027632461114011  0.080524290496737  0.158728431081299
 -0.212593058605633  0.000000000000000 -0.145761599837413 -0.004489123764898
  0.000046867843201 -0.324872735147065 -0.097158290889086  0.000000000000000
  0.023878626259503 -0.262044838073963 -0.025328508587658  0.084649829791406
 -0.075136699891295 -0.031692964598550  0.000000000000000  0.006649601078802
   25 Orbital Energy    -0.373959 Occupation  1.000000 Symmetry Bu      
 -0.003245622719658  0.011396118011665 -0.101270765793798  0.056191200208426
  0.000000000000000  0.020113302465799 -0.063669256683301  0.273193888406884
 -0.106395310124714  0.000000000000000  0.028538830198063 -0.090899834151159
 -0.038987466364629 -0.339009745900369  0.000000000000000  0.003245622719658
 -0.011396118011665 -0.101270765793798  0.056191200208426  0.000000000000000
 -0.020113302465799  0.063669256683301  0.273193888406884 -0.106395310124714
  0.000000000000000  0.217125727142001  0.253612789930656 -0.217125727142001
  0.001837058605465 -0.004323540854841  0.056080568760356  0.037457959972586
  0.000000000000000 -0.004270243031297  0.017796888679065 -0.018325820608312
  0.074553377401531  0.000000000000000  0.054356757845490 -0.014918329527785
 -0.016514118403993 -0.001837058605465  0.004323540854841  0.056080568760356
  0.037457959972586  0.000000000000000  0.014918329527785  0.004270243031297
 -0.017796888679065 -0.018325820608312  0.074553377401531  0.000000000000000
 -0.054356757845490  0.016514118403993 -0.028538830198063  0.090899834151159
 -0.038987466364630 -0.339009745900369  0.000000000000000 -0.253612789930655
   26 Orbital Energy    -0.351151 Occupation  1.000000 Symmetry Bu      
  0.002999920487352 -0.011056513729156 -0.221746360005866  0.103265832317946
  0.000000000000000 -0.006610053348335  0.018508082910486 -0.161727557776555
 -0.129388295733765  0.000000000000000  0.017341523631426 -0.062762145762650
  0.245626082074739 -0.024171044501232  0.000000000000000 -0.002999920487352
  0.011056513729156 -0.221746360005866  0.103265832317946  0.000000000000000
  0.006610053348335 -0.018508082910486 -0.161727557776555 -0.129388295733765
  0.000000000000000 -0.047157288008516 -0.006662476531761  0.047157288008516
  0.001216428880023  0.011916191003427  0.240900979505931 -0.131361677832250
  0.000000000000000  0.020491966738475 -0.056514436687493 -0.270343085734656
  0.034162032302090  0.000000000000000  0.051136019031078  0.146040702463290
  0.157302280965062 -0.001216428880023 -0.011916191003427  0.240900979505931
 -0.131361677832250  0.000000000000000 -0.146040702463290 -0.020491966738475
  0.056514436687493 -0.270343085734656  0.034162032302090  0.000000000000000
 -0.051136019031078 -0.157302280965062 -0.017341523631426  0.062762145762650
  0.245626082074739 -0.024171044501232  0.000000000000000  0.006662476531761
   27 Orbital Energy    -0.347296 Occupation  1.000000 Symmetry Ag      
  0.025161249496682 -0.090554925935911 -0.026575096876041  0.083206380682943
  0.000000000000000 -0.007555879573589  0.025399401636682 -0.113830067900030
 -0.103921920261466  0.000000000000000  0.005293092820204 -0.026907014125586
  0.087255701139425  0.163953419815135  0.000000000000000  0.025161249496682
 -0.090554925935911  0.026575096876041 -0.083206380682943  0.000000000000000
 -0.007555879573589  0.025399401636682  0.113830067900030  0.103921920261466
  0.000000000000000  0.005895005737474 -0.155816684192568  0.005895005737474
 -0.017037879599882  0.071814768982009  0.149940776601360 -0.168801836856965
  0.000000000000000  0.010449701791896 -0.026804236286054 -0.048374554762532
  0.295620352475211  0.000000000000000  0.268098388014942  0.199868112812101
 -0.143672709560356 -0.017037879599882  0.071814768982009 -0.149940776601360
  0.168801836856965  0.000000000000000  0.199868112812101  0.010449701791896
 -0.026804236286054  0.048374554762532 -0.295620352475211  0.000000000000000
  0.268098388014942 -0.143672709560356  0.005293092820204 -0.026907014125586
 -0.087255701139425 -0.163953419815135  0.000000000000000 -0.155816684192568
   28 Orbital Energy    -0.324506 Occupation  1.000000 Symmetry Au      
  0.000000000000000  0.000000000000000  0.000000000000000  0.000000000000000
  0.337543872312650  0.000000000000000  0.000000000000000  0.000000000000000
  0.000000000000000  0.297250341569433  0.000000000000000  0.000000000000000
  0.000000000000000  0.000000000000000  0.297879467943351  0.000000000000000
  0.000000000000000  0.000000000000000  0.000000000000000  0.337543872312650
  0.000000000000000  0.000000000000000  0.000000000000000  0.000000000000000
  0.297250341569433  0.000000000000000  0.000000000000000  0.000000000000000
  0.000000000000000  0.000000000000000  0.000000000000000  0.000000000000000
  0.173977402232813  0.000000000000000  0.000000000000000  0.000000000000000
  0.000000000000000  0.092439102440345  0.000000000000000  0.000000000000000
  0.000000000000000  0.000000000000000  0.000000000000000  0.000000000000000
  0.000000000000000  0.173977402232813  0.000000000000000  0.000000000000000
  0.000000000000000  0.000000000000000  0.000000000000000  0.092439102440345
  0.000000000000000  0.000000000000000  0.000000000000000  0.000000000000000
  0.000000000000000  0.000000000000000  0.297879467943351  0.000000000000000
   29 Orbital Energy    -0.311254 Occupation  1.000000 Symmetry Bu      
  0.010613666357030 -0.046111970830722 -0.200410516316954 -0.164349393845861
  0.000000000000000 -0.013745045779324  0.047216078219511 -0.036886641494339
  0.138447947289196  0.000000000000000  0.007075985108864 -0.021927296670969
 -0.018141264925923 -0.075841746300846  0.000000000000000 -0.010613666357030
  0.046111970830722 -0.200410516316954 -0.164349393845861  0.000000000000000
  0.013745045779324 -0.047216078219511 -0.036886641494339  0.138447947289196
  0.000000000000000 -0.052599796354492  0.047515164884757  0.052599796354492
 -0.002548659943549  0.005941866752772  0.091485870418212  0.259774905946707
  0.000000000000000 -0.003430075125880  0.014196189498147 -0.066724967389835
 -0.232742245690878  0.000000000000000 -0.230618592419384 -0.258750890532451
  0.213050867197225  0.002548659943549 -0.005941866752772  0.091485870418212
  0.259774905946707  0.000000000000000  0.258750890532451  0.003430075125880
 -0.014196189498147 -0.066724967389835 -0.232742245690878  0.000000000000000
  0.230618592419384 -0.213050867197225 -0.007075985108864  0.021927296670969
 -0.018141264925923 -0.075841746300846  0.000000000000000 -0.047515164884757
   30 Orbital Energy    -0.292783 Occupation  1.000000 Symmetry Ag      
 -0.003583015293041  0.023457260829839  0.296063938498045 -0.032302412132667
  0.000000000000000 -0.008573194367658  0.023578353675421 -0.247766480217559
 -0.003042627096496  0.000000000000000  0.002270560200032 -0.007352767819210
  0.305287697195146 -0.033040883220973  0.000000000000000 -0.003583015293041
  0.023457260829839 -0.296063938498045  0.032302412132667  0.000000000000000
 -0.008573194367658  0.023578353675421  0.247766480217559  0.003042627096496
  0.000000000000000 -0.237743727539578  0.016261480897134 -0.237743727539578
 -0.019928566193137  0.082842517936114  0.221365894077012  0.124552179659715
  0.000000000000000  0.008286092871550 -0.021195557704299 -0.145923700436174
 -0.024213719959840  0.000000000000000 -0.055731042134225 -0.070658604942990
  0.137807480693109 -0.019928566193137  0.082842517936114 -0.221365894077012
 -0.124552179659715  0.000000000000000 -0.070658604942990  0.008286092871550
 -0.021195557704299  0.145923700436174  0.024213719959840  0.000000000000000
 -0.055731042134225  0.137807480693109  0.002270560200032 -0.007352767819210
 -0.305287697195146  0.033040883220973  0.000000000000000  0.016261480897134
   31 Orbital Energy    -0.287456 Occupation  1.000000 Symmetry Ag      
  0.007092792357962 -0.034160297896007  0.010691571274103 -0.311594326296405
  0.000000000000000 -0.007980039516938  0.023028263221799 -0.002174830058925
  0.296415632859200  0.000000000000000  0.011964057521318 -0.035395472280852
  0.030428769180648 -0.227446909832398  0.000000000000000  0.007092792357962
 -0.034160297896007 -0.010691571274103  0.311594326296405  0.000000000000000
 -0.007980039516938  0.023028263221799  0.002174830058925 -0.296415632859200
  0.000000000000000 -0.156147421427308  0.259062798529613 -0.156147421427308
  0.010724697396226 -0.036825231149669 -0.058816123102047 -0.162773139705029
  0.000000000000000  0.004803056546399 -0.018713206246154 -0.001660054883971
  0.114432145429775  0.000000000000000  0.113998175769337  0.180846269178245
 -0.087125022725309  0.010724697396226 -0.036825231149669  0.058816123102047
  0.162773139705029  0.000000000000000  0.180846269178245  0.004803056546399
 -0.018713206246154  0.001660054883971 -0.114432145429775  0.000000000000000
  0.113998175769337 -0.087125022725309  0.011964057521318 -0.035395472280852
 -0.030428769180648  0.227446909832398  0.000000000000000  0.259062798529613
   32 Orbital Energy    -0.263546 Occupation  1.000000 Symmetry Bg      
  0.000000000000000  0.000000000000000  0.000000000000000  0.000000000000000
  0.348943189186096  0.000000000000000  0.000000000000000  0.000000000000000
  0.000000000000000  0.132843717211256  0.000000000000000  0.000000000000000
  0.000000000000000  0.000000000000000 -0.130771951323295  0.000000000000000
  0.000000000000000  0.000000000000000  0.000000000000000 -0.348943189186096
  0.000000000000000  0.000000000000000  0.000000000000000  0.000000000000000
 -0.132843717211256  0.000000000000000  0.000000000000000  0.000000000000000
  0.000000000000000  0.000000000000000  0.000000000000000  0.000000000000000
 -0.376519599873990  0.000000000000000  0.000000000000000  0.000000000000000
  0.000000000000000 -0.271379151652894  0.000000000000000  0.000000000000000
  0.000000000000000  0.000000000000000  0.000000000000000  0.000000000000000
  0.000000000000000  0.376519599873990  0.000000000000000  0.000000000000000
  0.000000000000000  0.000000000000000  0.000000000000000  0.271379151652894
  0.000000000000000  0.000000000000000  0.000000000000000  0.000000000000000
  0.000000000000000  0.000000000000000  0.130771951323295  0.000000000000000
   33 Orbital Energy    -0.212453 Occupation  1.000000 Symmetry Au      
  0.000000000000000  0.000000000000000  0.000000000000000  0.000000000000000
  0.017919397419322  0.000000000000000  0.000000000000000  0.000000000000000
  0.000000000000000  0.176717059701237  0.000000000000000  0.000000000000000
  0.000000000000000  0.000000000000000  0.179168376635840  0.000000000000000
  0.000000000000000  0.000000000000000  0.000000000000000  0.017919397419322
  0.000000000000000  0.000000000000000  0.000000000000000  0.000000000000000
  0.176717059701237  0.000000000000000  0.000000000000000  0.000000000000000
  0.000000000000000  0.000000000000000  0.000000000000000  0.000000000000000
 -0.413807607687141  0.000000000000000  0.000000000000000  0.000000000000000
  0.000000000000000 -0.417887278285232  0.000000000000000  0.000000000000000
  0.000000000000000  0.000000000000000  0.000000000000000  0.000000000000000
  0.000000000000000 -0.413807607687141  0.000000000000000  0.000000000000000
  0.000000000000000  0.000000000000000  0.000000000000000 -0.417887278285232
  0.000000000000000  0.000000000000000  0.000000000000000  0.000000000000000
  0.000000000000000  0.000000000000000  0.179168376635840  0.000000000000000
   34 Orbital Energy    -0.195043 Occupation  1.000000 Symmetry Bg      
  0.000000000000000  0.000000000000000  0.000000000000000  0.000000000000000
 -0.004784028749375  0.000000000000000  0.000000000000000  0.000000000000000
  0.000000000000000  0.458174002221660  0.000000000000000  0.000000000000000
  0.000000000000000  0.000000000000000  0.463087289981610  0.000000000000000
  0.000000000000000  0.000000000000000  0.000000000000000  0.004784028749375
  0.000000000000000  0.000000000000000  0.000000000000000  0.000000000000000
 -0.458174002221660  0.000000000000000  0.000000000000000  0.000000000000000
  0.000000000000000  0.000000000000000  0.000000000000000  0.000000000000000
  0.002116700332039  0.000000000000000  0.000000000000000  0.000000000000000
  0.000000000000000 -0.007482753597546  0.000000000000000  0.000000000000000
  0.000000000000000  0.000000000000000  0.000000000000000  0.000000000000000
  0.000000000000000 -0.002116700332039  0.000000000000000  0.000000000000000
  0.000000000000000  0.000000000000000  0.000000000000000  0.007482753597546
  0.000000000000000  0.000000000000000  0.000000000000000  0.000000000000000
  0.000000000000000  0.000000000000000 -0.463087289981610  0.000000000000000
   35 Orbital Energy    -0.153084 Occupation  1.000000 Symmetry Bg      
  0.000000000000000  0.000000000000000  0.000000000000000  0.000000000000000
  0.387557282023603  0.000000000000000  0.000000000000000  0.000000000000000
  0.000000000000000  0.228740544772438  0.000000000000000  0.000000000000000
  0.000000000000000  0.000000000000000 -0.217035395977853  0.000000000000000
  0.000000000000000  0.000000000000000  0.000000000000000 -0.387557282023603
  0.000000000000000  0.000000000000000  0.000000000000000  0.000000000000000
 -0.228740544772438  0.000000000000000  0.000000000000000  0.000000000000000
  0.000000000000000  0.000000000000000  0.000000000000000  0.000000000000000
  0.223658692408046  0.000000000000000  0.000000000000000  0.000000000000000
  0.000000000000000  0.397409321096671  0.000000000000000  0.000000000000000
  0.000000000000000  0.000000000000000  0.000000000000000  0.000000000000000
  0.000000000000000 -0.223658692408046  0.000000000000000  0.000000000000000
  0.000000000000000  0.000000000000000  0.000000000000000 -0.397409321096671
  0.000000000000000  0.000000000000000  0.000000000000000  0.000000000000000
  0.000000000000000  0.000000000000000  0.217035395977853  0.000000000000000
   36 Orbital Energy     0.037422 Occupation  0.000000 Symmetry Au      
  0.000000000000000  0.000000000000000  0.000000000000000  0.000000000000000
  0.442427844136626  0.000000000000000  0.000000000000000  0.000000000000000
  0.000000000000000 -0.276517908348756  0.000000000000000  0.000000000000000
  0.000000000000000  0.000000000000000 -0.232929109082326  0.000000000000000
  0.000000000000000  0.000000000000000  0.000000000000000  0.442427844136626
  0.000000000000000  0.000000000000000  0.000000000000000  0.000000000000000
 -0.276517908348756  0.000000000000000  0.000000000000000  0.000000000000000
  0.000000000000000  0.000000000000000  0.000000000000000  0.000000000000000
  0.256372132746806  0.000000000000000  0.000000000000000  0.000000000000000
  0.000000000000000 -0.449962497275655  0.000000000000000  0.000000000000000
  0.000000000000000  0.000000000000000  0.000000000000000  0.000000000000000
  0.000000000000000  0.256372132746806  0.000000000000000  0.000000000000000
  0.000000000000000  0.000000000000000  0.000000000000000 -0.449962497275655
  0.000000000000000  0.000000000000000  0.000000000000000  0.000000000000000
  0.000000000000000  0.000000000000000 -0.232929109082326  0.000000000000000
   37 Orbital Energy     0.090371 Occupation  0.000000 Symmetry Au      
  0.000000000000000  0.000000000000000  0.000000000000000  0.000000000000000
  0.031513245777842  0.000000000000000  0.000000000000000  0.000000000000000
  0.000000000000000  0.553535340871474  0.000000000000000  0.000000000000000
  0.000000000000000  0.000000000000000 -0.582581608639011  0.000000000000000
  0.000000000000000  0.000000000000000  0.000000000000000  0.031513245777842
  0.000000000000000  0.000000000000000  0.000000000000000  0.000000000000000
  0.553535340871474  0.000000000000000  0.000000000000000  0.000000000000000
  0.000000000000000  0.000000000000000  0.000000000000000  0.000000000000000
 -0.004648819866817  0.000000000000000  0.000000000000000  0.000000000000000
  0.000000000000000 -0.009701690849741  0.000000000000000  0.000000000000000
  0.000000000000000  0.000000000000000  0.000000000000000  0.000000000000000
  0.000000000000000 -0.004648819866817  0.000000000000000  0.000000000000000
  0.000000000000000  0.000000000000000  0.000000000000000 -0.009701690849741
  0.000000000000000  0.000000000000000  0.000000000000000  0.000000000000000
  0.000000000000000  0.000000000000000 -0.582581608639011  0.000000000000000
   38 Orbital Energy     0.110607 Occupation  0.000000 Symmetry Bg      
  0.000000000000000  0.000000000000000  0.000000000000000  0.000000000000000
  0.023140493519300  0.000000000000000  0.000000000000000  0.000000000000000
  0.000000000000000 -0.231983779011308  0.000000000000000  0.000000000000000
  0.000000000000000  0.000000000000000  0.240527981875231  0.000000000000000
  0.000000000000000  0.000000000000000  0.000000000000000 -0.023140493519300
  0.000000000000000  0.000000000000000  0.000000000000000  0.000000000000000
  0.231983779011308  0.000000000000000  0.000000000000000  0.000000000000000
  0.000000000000000  0.000000000000000  0.000000000000000  0.000000000000000
 -0.522257798808906  0.000000000000000  0.000000000000000  0.000000000000000
  0.000000000000000  0.523199623852127  0.000000000000000  0.000000000000000
  0.000000000000000  0.000000000000000  0.000000000000000  0.000000000000000
  0.000000000000000  0.522257798808906  0.000000000000000  0.000000000000000
  0.000000000000000  0.000000000000000  0.000000000000000 -0.523199623852127
  0.000000000000000  0.000000000000000  0.000000000000000  0.000000000000000
  0.000000000000000  0.000000000000000 -0.240527981875231  0.000000000000000
   39 Orbital Energy     0.182201 Occupation  0.000000 Symmetry Au      
  0.000000000000000  0.000000000000000  0.000000000000000  0.000000000000000
  0.497576887867322  0.000000000000000  0.000000000000000  0.000000000000000
  0.000000000000000 -0.199870545728023  0.000000000000000  0.000000000000000
  0.000000000000000  0.000000000000000 -0.166296859605570  0.000000000000000
  0.000000000000000  0.000000000000000  0.000000000000000  0.497576887867322
  0.000000000000000  0.000000000000000  0.000000000000000  0.000000000000000
 -0.199870545728023  0.000000000000000  0.000000000000000  0.000000000000000
  0.000000000000000  0.000000000000000  0.000000000000000  0.000000000000000
 -0.528995253863722  0.000000000000000  0.000000000000000  0.000000000000000
  0.000000000000000  0.379387166762015  0.000000000000000  0.000000000000000
  0.000000000000000  0.000000000000000  0.000000000000000  0.000000000000000
  0.000000000000000 -0.528995253863722  0.000000000000000  0.000000000000000
  0.000000000000000  0.000000000000000  0.000000000000000  0.379387166762015
  0.000000000000000  0.000000000000000  0.000000000000000  0.000000000000000
  0.000000000000000  0.000000000000000 -0.166296859605570  0.000000000000000
   40 Orbital Energy     0.272533 Occupation  0.000000 Symmetry Bg      
  0.000000000000000  0.000000000000000  0.000000000000000  0.000000000000000
  0.543546467864898  0.000000000000000  0.000000000000000  0.000000000000000
  0.000000000000000 -0.467265588467019  0.000000000000000  0.000000000000000
  0.000000000000000  0.000000000000000  0.464176012593698  0.000000000000000
  0.000000000000000  0.000000000000000  0.000000000000000 -0.543546467864898
  0.000000000000000  0.000000000000000  0.000000000000000  0.000000000000000
  0.467265588467019  0.000000000000000  0.000000000000000  0.000000000000000
  0.000000000000000  0.000000000000000  0.000000000000000  0.000000000000000
  0.287544738288214  0.000000000000000  0.000000000000000  0.000000000000000
  0.000000000000000 -0.155870198253713  0.000000000000000  0.000000000000000
  0.000000000000000  0.000000000000000  0.000000000000000  0.000000000000000
  0.000000000000000 -0.287544738288214  0.000000000000000  0.000000000000000
  0.000000000000000  0.000000000000000  0.000000000000000  0.155870198253713
  0.000000000000000  0.000000000000000  0.000000000000000  0.000000000000000
  0.000000000000000  0.000000000000000 -0.464176012593698  0.000000000000000
   41 Orbital Energy     0.332228 Occupation  0.000000 Symmetry Ag      
  0.068271716707908 -0.401896214945383 -0.229585878009557 -0.171196044552662
  0.000000000000000  0.046371328950907 -0.280053220958873 -0.181587194152403
  0.152222577570516  0.000000000000000  0.028035100607370 -0.172638626792667
 -0.048263583225885  0.305974014595263  0.000000000000000  0.068271716707908
 -0.401896214945383  0.229585878009557  0.171196044552662  0.000000000000000
  0.046371328950907 -0.280053220958873  0.181587194152403 -0.152222577570516
  0.000000000000000  0.422975860571256  0.413315414884641  0.422975860571256
 -0.049185993374970  0.277291401057030  0.242042505298903  0.342618108526525
  0.000000000000000  0.039780962668565 -0.230282662010936  0.095196032165934
  0.181813885590920  0.000000000000000 -0.113677515267210  0.149195006971552
  0.356519363643738 -0.049185993374970  0.277291401057030 -0.242042505298903
 -0.342618108526525  0.000000000000000  0.149195006971552  0.039780962668565
 -0.230282662010936 -0.095196032165934 -0.181813885590920  0.000000000000000
 -0.113677515267210  0.356519363643738  0.028035100607370 -0.172638626792667
  0.048263583225885 -0.305974014595263  0.000000000000000  0.413315414884641
   42 Orbital Energy     0.340730 Occupation  0.000000 Symmetry Bu      
  0.034478687654605 -0.202439716638293 -0.038445768016961 -0.312884961182760
  0.000000000000000 -0.015866865939569  0.096328844797808  0.083412032218495
 -0.269814238122196  0.000000000000000  0.006307453273661 -0.030821247113970
  0.104399483275116 -0.339848542705540  0.000000000000000 -0.034478687654605
  0.202439716638293 -0.038445768016961 -0.312884961182760  0.000000000000000
  0.015866865939569 -0.096328844797808  0.083412032218495 -0.269814238122196
  0.000000000000000 -0.268241918749369 -0.319663600298671  0.268241918749369
 -0.007677954588790  0.047121393374988 -0.096965236823203 -0.397176088671296
  0.000000000000000 -0.002536185054961  0.019169865683485 -0.061944844472068
 -0.340841158479138  0.000000000000000  0.324039503892048 -0.434761304645377
 -0.286075665924974  0.007677954588790 -0.047121393374988 -0.096965236823203
 -0.397176088671296  0.000000000000000  0.434761304645377  0.002536185054961
 -0.019169865683485 -0.061944844472068 -0.340841158479138  0.000000000000000
 -0.324039503892048  0.286075665924974 -0.006307453273661  0.030821247113970
  0.104399483275116 -0.339848542705540  0.000000000000000  0.319663600298671
   43 Orbital Energy     0.379365 Occupation  0.000000 Symmetry Bu      
 -0.057714012305658  0.334861357247003  0.467801341969811  0.053605451322824
  0.000000000000000  0.004358035553887 -0.018964044934022  0.392978580854060
 -0.152502837515384  0.000000000000000 -0.025004000169526  0.152274776502492
  0.261729321853720 -0.053752399823282  0.000000000000000  0.057714012305658
 -0.334861357247003  0.467801341969811  0.053605451322824  0.000000000000000
 -0.004358035553887  0.018964044934022  0.392978580854060 -0.152502837515384
  0.000000000000000 -0.411905316615844 -0.118670947737331  0.411905316615844
 -0.092759705392434  0.542067228420659  0.296152630610224  0.161773396797237
  0.000000000000000  0.049724610297368 -0.290468082364831  0.100115390804462
  0.141879645347214  0.000000000000000 -0.014170088125014 -0.157149119049108
  0.346743092932208  0.092759705392434 -0.542067228420659  0.296152630610224
  0.161773396797237  0.000000000000000  0.157149119049108 -0.049724610297368
  0.290468082364831  0.100115390804462  0.141879645347214  0.000000000000000
  0.014170088125014 -0.346743092932208  0.025004000169526 -0.152274776502492
  0.261729321853720 -0.053752399823282  0.000000000000000  0.118670947737331
   44 Orbital Energy     0.381452 Occupation  0.000000 Symmetry Ag      
 -0.023193463916652  0.139851587237116 -0.104253086102287  0.071091098165544
  0.000000000000000  0.021220461842442 -0.135214984590592 -0.254186714616202
  0.099326172836874  0.000000000000000  0.064453190625659 -0.393629399876948
  0.117921058230254  0.043743914754241  0.000000000000000 -0.023193463916652
  0.139851587237116  0.104253086102287 -0.071091098165544  0.000000000000000
  0.021220461842442 -0.135214984590592  0.254186714616202 -0.099326172836874
  0.000000000000000  0.301019148008816  0.293736700927076  0.301019148008816
 -0.063541382661472  0.382116931682966  0.037691664689393 -0.339498773110564
  0.000000000000000  0.021125147778147 -0.118265642564672 -0.126709635740103
 -0.364226387751294  0.000000000000000  0.394658750279609 -0.575653394610921
 -0.248330782582878 -0.063541382661472  0.382116931682966 -0.037691664689393
  0.339498773110564  0.000000000000000 -0.575653394610921  0.021125147778147
 -0.118265642564672  0.126709635740103  0.364226387751294  0.000000000000000
  0.394658750279609 -0.248330782582878  0.064453190625659 -0.393629399876948
 -0.117921058230254 -0.043743914754241  0.000000000000000  0.293736700927076
   45 Orbital Energy     0.410969 Occupation  0.000000 Symmetry Ag      
  0.051270890191259 -0.309625003324118 -0.230532060503976  0.198848636240074
  0.000000000000000 -0.101033876249000  0.617459301176562 -0.025969936854707
  0.033000917973164  0.000000000000000  0.073735361435525 -0.451087268224020
 -0.166884705391153 -0.008085285720700  0.000000000000000  0.051270890191259
 -0.309625003324118  0.230532060503976 -0.198848636240074  0.000000000000000
 -0.101033876249000  0.617459301176562  0.025969936854707 -0.033000917973164
  0.000000000000000 -0.220426451005560  0.229502551416576 -0.220426451005560
 -0.024035768155030  0.153181275963377  0.266216918986626 -0.060395137576735
  0.000000000000000 -0.104091706503356  0.651735020795759 -0.149935121997338
  0.195489593689259  0.000000000000000 -0.511315681438790 -0.171711973970370
 -0.326171432142374 -0.024035768155030  0.153181275963377 -0.266216918986626
  0.060395137576735  0.000000000000000 -0.171711973970370 -0.104091706503356
  0.651735020795759  0.149935121997338 -0.195489593689259  0.000000000000000
 -0.511315681438790 -0.326171432142374  0.073735361435525 -0.451087268224020
  0.166884705391153  0.008085285720700  0.000000000000000  0.229502551416576
&
&hess
   1
   1  7.059056E-01
   2 -2.778763E-03  7.260742E-01
   3 -4.789439E-08 -1.141837E-08  1.582016E-01
   4 -1.372362E-01  4.475084E-02  2.393524E-09  8.356156E-01
   5 -3.621581E-02 -3.372786E-01 -1.039555E-08 -4.919332E-02  7.457799E-01
   6 -5.116163E-10 -1.439511E-08 -6.749350E-02 -3.682820E-09  1.142992E-08
   7  3.201668E-02 -1.051620E-01  1.297044E-08 -3.329223E-01 -4.620792E-02
   8 -3.333271E-02 -2.683460E-02  1.358219E-08 -1.489825E-01 -1.994828E-01
   9 -4.819898E-09  9.056860E-09  6.944119E-03 -2.630114E-08 -9.615359E-09
  10 -8.797672E-03  4.115698E-02  8.156351E-09 -7.052824E-02 -3.423995E-02
  11  4.115699E-02 -6.472821E-02 -1.604317E-09  3.596482E-02  7.673599E-02
  12  5.076621E-09 -1.067647E-08 -8.953143E-03  5.658413E-09  1.077605E-08
  13 -7.052831E-02  3.596480E-02  1.030854E-09 -2.336245E-02 -3.952911E-02
  14 -3.424006E-02  7.673599E-02  2.558517E-09 -3.952904E-02 -5.946882E-02
  15  4.530282E-09 -7.187240E-09  7.009194E-03  7.429954E-09 -1.251974E-08
  16  7.485239E-03 -6.505219E-03 -1.249455E-08 -3.077187E-01  1.550132E-01
  17  2.986171E-02 -9.455046E-03  1.343031E-08  1.562190E-01 -1.659822E-01
  18  8.850771E-09  4.376237E-09  2.763265E-03 -1.025866E-08  5.026746E-09
  19 -5.051844E-03 -6.238528E-04  1.406831E-09  2.969753E-03 -3.275921E-02
  20 -2.077183E-03  1.023015E-03 -2.519089E-09  6.717773E-03 -7.241038E-03
  21 -1.128751E-08 -5.568375E-09  8.804712E-03  2.609691E-08 -4.771415E-09
  22 -2.035356E-03 -4.097185E-03  2.903096E-09  6.981276E-04 -8.777615E-04
  23 -2.549822E-03 -1.824134E-03  4.778620E-09 -9.489532E-04 -1.888935E-04
  24  1.813768E-10 -9.768348E-09  8.842398E-03  2.757840E-09  5.482455E-09
  25 -5.838773E-03 -2.231532E-03 -3.457673E-09  3.482270E-03  9.044672E-03
  26 -3.521510E-04 -4.513054E-04 -2.504076E-09  3.752899E-03 -1.565219E-03
  27 -1.699095E-09 -1.587702E-09 -9.774993E-04  3.271207E-09  3.560210E-10
  28  1.970770E-03  1.558739E-03  6.665963E-10 -2.843134E-03 -2.497353E-03
  29 -1.311740E-03 -4.935340E-05 -1.390608E-09 -1.344361E-04  1.632434E-03
  30 -1.347365E-09  7.761598E-10 -4.029070E-05  1.101094E-09  7.870687E-10
  31 -7.792542E-06  2.189231E-05  2.756038E-10  5.650107E-05 -5.243633E-05
  32 -9.544740E-05 -1.136815E-04  7.274988E-10  1.132397E-04 -1.822192E-04
  33 -3.489959E-10 -6.450416E-10 -7.933086E-05 -5.866995E-10 -3.347642E-09
  34  1.231162E-04  5.728307E-05  9.594030E-10  1.044854E-04  2.045152E-04
  35  3.885731E-05  2.194508E-04 -6.567069E-10  4.181105E-05 -6.030288E-05
  36 -1.710660E-09 -2.235075E-09  1.006716E-04 -2.058170E-09 -1.389704E-08
  37  8.507833E-05  1.683375E-04  5.618409E-12 -3.498655E-04  3.940867E-04
  38 -5.430970E-05  9.436183E-05  5.596555E-10  2.337076E-05 -1.128255E-04
  39  3.532136E-10 -1.806381E-10  1.517792E-04 -2.826516E-10 -1.368092E-09
  40 -2.006772E-01 -5.275070E-02  1.429231E-09 -5.907119E-03 -2.362103E-02
  41 -8.241537E-02 -1.605161E-01  9.037811E-09 -3.580959E-02 -1.797602E-02
  42 -3.497673E-09  2.066810E-08 -6.345736E-02 -3.373119E-09 -6.454933E-09
  43  2.246453E-03 -3.030833E-02 -1.735568E-09 -5.297842E-03 -2.157942E-04
  44  5.310082E-03 -1.156266E-02 -2.141545E-08 -1.926037E-03  6.551774E-04
  45  9.787187E-09 -1.466325E-08  2.396147E-03 -4.587486E-09 -1.299942E-09
  46 -5.203176E-02 -1.952164E-03  2.969949E-08  2.683880E-03  8.959764E-03
  47 -1.041975E-02  2.110734E-02 -2.120064E-08 -2.592580E-03 -3.719810E-03
  48 -1.823115E-09  1.992838E-08  5.491086E-03 -1.186999E-09 -1.192565E-08
  49  2.369773E-03 -8.548054E-04  1.210327E-08 -1.190442E-03  7.296670E-04
  50 -7.308433E-04 -2.648011E-04  2.160012E-08 -1.598724E-03  3.955353E-04
  51 -8.017548E-09 -2.831781E-10 -8.229653E-03  7.321311E-09 -5.436547E-09
  52 -1.600194E-03  3.358620E-03 -6.672249E-09  3.455062E-04  5.191357E-04
  53  1.851651E-03 -1.800303E-03  1.633423E-08  1.607825E-04 -4.244517E-04
  54 -1.603892E-09 -6.031847E-09  1.293598E-02 -3.252029E-10  5.014333E-09
  55 -2.728022E-01  5.040498E-02  1.390879E-08  4.682769E-02  8.925495E-02
  56  1.354602E-01 -2.013317E-01 -2.340415E-08  3.009927E-02 -3.188341E-02
  57  1.636728E-09  1.283352E-08 -6.663793E-02  2.498580E-09 -2.421033E-09
  58  4.402978E-03  2.994561E-02  1.713440E-09 -5.400715E-03  1.198483E-03
  59 -6.987580E-03 -9.190767E-03  1.715090E-08  2.760063E-03  1.905661E-04
  60  8.973539E-09  2.368495E-09  2.448248E-03 -3.974772E-09  1.298083E-09
   6
   6  1.416557E-01
   7  4.077077E-09  7.314175E-01
   8 -4.405881E-10  2.512723E-02  8.497946E-01
   9 -6.246603E-02 -1.590974E-08  2.902143E-08  1.413858E-01
  10  8.581027E-09 -2.728021E-01  1.354601E-01  3.557434E-08  7.059057E-01
  11  1.650666E-08  5.040492E-02 -2.013317E-01  2.131283E-09 -2.778636E-03
  12  7.009255E-03  1.096045E-08 -3.507053E-09 -6.663786E-02 -2.014143E-08
  13 -1.481958E-08  4.682765E-02  3.009928E-02 -1.655760E-08 -1.372361E-01
  14  7.186067E-09  8.925490E-02 -3.188342E-02 -1.632969E-09 -3.621580E-02
  15 -6.449112E-03 -1.425684E-08 -7.941607E-09  6.526554E-03 -7.802095E-09
  16  2.760690E-09 -1.659495E-02  1.988847E-02  1.347670E-08 -2.035379E-03
  17  2.766518E-09 -1.987275E-02  1.187905E-02 -3.440930E-09 -2.549822E-03
  18 -4.046117E-02 -2.320905E-09  6.876901E-09  3.706929E-03  1.813733E-09
  19 -1.920841E-09 -6.620411E-02 -9.243036E-03 -1.932162E-09  4.402998E-03
  20 -4.411529E-10 -9.189000E-03 -4.060580E-01 -7.244866E-09 -6.987576E-03
  21  3.373386E-03  2.645190E-10  2.280803E-08 -3.992151E-02  3.207825E-09
  22 -1.503642E-11  2.686406E-04 -1.234689E-03 -1.324871E-09  7.485268E-03
  23  2.569515E-09 -2.754332E-03 -5.494889E-03 -1.904697E-09  2.986162E-02
  24 -9.288967E-04 -2.822384E-09 -7.451880E-09  7.733168E-03 -1.335601E-08
  25  5.276707E-09 -5.087875E-02 -1.282107E-02  9.690295E-09 -2.006771E-01
  26 -6.262183E-09  1.251338E-02  1.291431E-02 -7.582819E-09 -8.241526E-02
  27  7.407527E-03  4.712510E-09 -1.806873E-08  3.943381E-03 -1.781861E-08
  28 -2.307296E-09  6.993604E-03 -5.030535E-03 -4.067722E-09 -5.203185E-02
  29  7.728738E-10 -5.087732E-03 -3.080842E-03  6.285068E-10 -1.041978E-02
  30 -1.053065E-04  1.211751E-08 -3.733486E-10  1.439596E-03 -9.768967E-09
  31  1.091652E-09  6.598901E-05  2.897728E-06 -1.136743E-09  2.369786E-03
  32 -5.169489E-10 -9.757745E-05 -1.605255E-04 -1.238051E-09 -7.308098E-04
  33  2.642218E-04  7.068355E-09  3.440055E-09  3.340331E-05 -4.572549E-09
  34  8.224567E-10  1.676773E-03 -2.195594E-03 -6.230223E-09  2.246444E-03
  35 -1.116639E-09  2.533728E-03  1.603957E-03  7.052746E-09  5.310002E-03
  36 -2.743930E-05  8.803112E-10 -1.422151E-10 -8.771073E-04  9.522589E-09
  37  3.552524E-10 -3.987618E-04 -9.015888E-04 -4.458155E-10 -1.600204E-03
  38 -6.448855E-10  5.150070E-04  8.021672E-04 -2.218052E-10  1.851630E-03
  39 -9.026341E-04  9.382842E-10 -3.665883E-10  3.000182E-05 -4.815049E-09
  40 -1.373569E-08  9.249870E-03  3.589760E-03  3.460244E-09 -5.838774E-03
  41 -2.447532E-08  4.420791E-03 -5.489989E-03 -5.890323E-09 -3.521268E-04
  42  2.787839E-03  3.842837E-11 -9.517227E-09  6.915196E-03  2.445088E-09
  43  6.090105E-11  6.872017E-04 -1.418316E-03  9.200925E-10  1.231139E-04
  44 -5.856357E-09  4.541037E-04 -5.841875E-04  9.700978E-10  3.886852E-05
  45  2.451502E-03  8.743182E-10 -3.534424E-09 -1.513315E-06 -6.163983E-10
  46  2.051351E-08 -2.950833E-03  6.573494E-04  1.078926E-09  1.970768E-03
  47  8.257187E-10  2.190130E-03  6.001415E-04 -4.622317E-09 -1.311768E-03
  48  4.244775E-04  7.767404E-10 -2.416645E-09 -4.566144E-04  1.651515E-09
  49  1.204037E-08  2.832315E-04 -2.853796E-04 -4.102598E-09 -7.787738E-06
  50  8.747647E-09 -7.198199E-05  2.751053E-04  2.708937E-09 -9.544502E-05
  51  1.680737E-04 -6.459753E-09  3.755340E-10  1.465434E-04 -1.253153E-09
  52 -5.556930E-09  1.079794E-04 -2.644009E-04 -1.501621E-09  8.508011E-05
  53  1.103372E-08 -4.377177E-05  1.149980E-04  2.636132E-10 -5.431104E-05
  54 -4.364278E-04  1.405491E-09 -1.711622E-09 -3.355858E-04 -5.914506E-10
  55  6.001231E-09 -8.620102E-02  8.367010E-04 -5.249916E-09  3.201667E-02
  56  2.582226E-09  8.367557E-04  1.180620E-03  1.158283E-09 -3.333280E-02
  57  6.526576E-03  4.541601E-09 -4.773649E-09 -7.162043E-03  9.286047E-09
  58  1.662011E-09 -7.638645E-04 -5.595938E-06  3.858710E-09 -5.051863E-03
  59  1.393478E-09  1.782721E-04  1.322152E-03 -4.027376E-09 -2.077156E-03
  60  7.384196E-03 -5.297940E-09 -3.539716E-09 -9.026967E-04  3.334236E-09
  11
  11  7.260743E-01
  12  2.764905E-08  1.582016E-01
  13  4.475080E-02  2.432231E-08  8.356154E-01
  14 -3.372786E-01  1.155396E-08 -4.919323E-02  7.457798E-01
  15  1.173229E-08 -6.749350E-02  9.883040E-09 -2.225925E-08  1.416557E-01
  16 -4.097217E-03  1.498384E-10  6.981262E-04 -8.777368E-04 -4.850635E-09
  17 -1.824117E-03  5.901911E-10 -9.489367E-04 -1.889157E-04  3.101302E-09
  18 -3.402600E-09  8.842367E-03  2.180536E-09  1.857524E-09 -9.288309E-04
  19  2.994561E-02 -5.790597E-09 -5.400731E-03  1.198465E-03 -1.877582E-09
  20 -9.190765E-03 -3.217542E-09  2.760071E-03  1.905997E-04  2.055992E-09
  21 -1.064799E-08  2.448255E-03 -2.460055E-09 -1.311119E-09  7.384221E-03
  22 -6.505223E-03  1.798971E-10 -3.077187E-01  1.550132E-01 -4.730132E-09
  23 -9.455085E-03  5.685258E-10  1.562190E-01 -1.659822E-01 -1.637091E-08
  24 -5.089302E-09  2.763231E-03 -8.994500E-10 -1.900650E-10 -4.046120E-02
  25 -5.275072E-02  9.385688E-09 -5.907171E-03 -2.362106E-02 -1.763135E-08
  26 -1.605160E-01 -3.885630E-08 -3.580959E-02 -1.797584E-02  2.482368E-08
  27 -8.549939E-09 -6.345737E-02 -9.193619E-09  5.687277E-09  2.787861E-03
  28 -1.952148E-03  1.059122E-09  2.683809E-03  8.959826E-03  1.021400E-08
  29  2.110732E-02  1.494689E-08 -2.592589E-03 -3.719825E-03 -3.189275E-10
  30  1.407647E-09  5.491075E-03 -9.238945E-09  7.816815E-09  4.244492E-04
  31 -8.548393E-04 -6.273201E-10 -1.190425E-03  7.296954E-04 -3.935382E-09
  32 -2.647933E-04  1.619567E-09 -1.598760E-03  3.955097E-04  2.573575E-10
  33 -1.019334E-08 -8.229705E-03  2.201091E-09  1.902330E-10  1.680650E-04
  34 -3.030833E-02  3.550451E-09 -5.297826E-03 -2.157989E-04 -3.140240E-09
  35 -1.156273E-02 -2.388651E-09 -1.926016E-03  6.551904E-04 -6.557694E-09
  36  9.862386E-09  2.396185E-03  1.099280E-09 -2.839163E-09  2.451499E-03
  37  3.358682E-03  7.409459E-09  3.455458E-04  5.191276E-04 -5.166330E-11
  38 -1.800266E-03 -7.003843E-09  1.607877E-04 -4.244650E-04  2.849087E-09
  39 -2.796769E-09  1.293602E-02  2.387568E-09  6.152487E-10 -4.364136E-04
  40 -2.231506E-03 -5.244592E-09  3.482326E-03  9.044674E-03 -3.746962E-09
  41 -4.513028E-04 -7.138653E-10  3.752908E-03 -1.565202E-03  5.280754E-09
  42  2.336812E-09 -9.775166E-04 -7.377386E-09 -4.619322E-10  7.407538E-03
  43  5.726817E-05 -6.422554E-10  1.044933E-04  2.045291E-04 -3.087484E-09
  44  2.194896E-04 -1.099291E-09  4.179453E-05 -6.034161E-05  1.526421E-10
  45  4.961591E-09  1.006788E-04  1.620585E-09  3.749490E-09 -2.743618E-05
  46  1.558742E-03 -1.036201E-09 -2.843176E-03 -2.497365E-03  2.639219E-10
  47 -4.933581E-05 -2.276051E-09 -1.344428E-04  1.632396E-03 -1.067599E-09
  48  3.804210E-09 -4.029341E-05 -4.303675E-09 -1.479379E-10 -1.053017E-04
  49  2.188911E-05  1.064398E-09  5.651140E-05 -5.243395E-05 -7.891132E-10
  50 -1.136834E-04  1.171122E-09  1.132393E-04 -1.822188E-04  1.544042E-09
  51 -7.712976E-10 -7.933324E-05  2.010905E-09  4.288572E-09  2.642196E-04
  52  1.683284E-04 -6.341325E-10 -3.498541E-04  3.940941E-04 -5.335219E-10
  53  9.436540E-05  5.540213E-10  2.336341E-05 -1.128245E-04  7.606651E-10
  54  1.187393E-09  1.517818E-04  2.109714E-10  9.035251E-11 -9.026306E-04
  55 -1.051620E-01 -1.404995E-08 -3.329222E-01 -4.620800E-02  3.463100E-09
  56 -2.683467E-02 -4.221946E-09 -1.489824E-01 -1.994828E-01 -9.155718E-09
  57  7.487091E-09  6.944039E-03  1.550902E-08 -7.334443E-09 -6.246597E-02
  58 -6.238532E-04 -2.820133E-09  2.969703E-03 -3.275922E-02  5.823374E-09
  59  1.023054E-03 -2.889749E-10  6.717725E-03 -7.241076E-03  4.990826E-09
  60  4.879405E-09  8.804743E-03  8.028554E-10  2.899356E-10  3.373387E-03
  16
  16  3.190391E-01
  17 -1.609012E-01  1.677041E-01
  18  1.541107E-10 -6.906435E-09  2.783700E-02
  19  1.742204E-03  1.668186E-04 -9.627489E-10  6.598578E-02
  20  3.932518E-04  1.308304E-03 -1.025627E-08  1.016452E-02  4.181429E-01
  21 -1.428726E-08  8.832925E-09 -5.118270E-03  1.233273E-09 -1.892030E-09
  22 -1.615232E-04  2.017280E-04 -3.727518E-10  3.358516E-04 -2.981351E-04
  23  2.017286E-04  9.135571E-05 -4.539568E-10  1.509698E-03 -5.208980E-04
  24 -6.732082E-10 -8.132170E-11 -1.176499E-03 -1.153924E-09  1.289171E-09
  25 -5.976546E-04 -5.905520E-04  5.792252E-10  1.535397E-03 -2.103357E-03
  26  1.022794E-03  7.354215E-04 -1.766476E-09  2.044170E-03  1.542819E-03
  27  4.408507E-10 -1.195661E-10  2.752590E-05  4.060163E-09 -1.742114E-09
  28 -1.942175E-04 -1.627186E-04 -6.776826E-10  7.968096E-05 -1.315958E-04
  29 -3.424691E-04 -2.354633E-04  7.592754E-10 -3.263508E-04  2.784038E-05
  30  1.532619E-10 -4.029925E-10 -1.103662E-04  3.636720E-10  4.785418E-10
  31  1.491487E-07  5.578824E-06 -2.651606E-11  1.032173E-04 -2.998569E-05
  32 -7.862648E-06 -2.119870E-06  1.013584E-10  2.145770E-05 -5.814081E-05
  33  3.400995E-10  5.238930E-10 -4.248300E-06 -1.688245E-09  1.801341E-10
  34 -1.340453E-05  8.383828E-06  1.676246E-09 -1.186567E-04  4.551499E-04
  35  1.938613E-05  1.998647E-05  7.207950E-10 -4.756105E-04  9.859480E-05
  36  1.822838E-09  1.544170E-09  1.547428E-05  1.836109E-09 -4.422471E-09
  37 -7.301794E-05 -7.416804E-05 -2.337968E-11 -4.457391E-05  6.337116E-05
  38  7.850714E-05  4.856739E-05 -8.509859E-11 -2.676088E-05  5.833376E-05
  39 -7.324942E-11  8.936940E-11  8.416908E-06  1.751149E-10 -9.991014E-10
  40 -7.311407E-04  1.011063E-03  4.373700E-09  6.390627E-04  2.677919E-04
  41  4.473684E-04  1.967736E-03 -9.133892E-09 -1.355435E-03 -3.454912E-04
  42  1.371302E-09  1.373830E-09 -3.898280E-03 -4.692764E-10 -2.766302E-09
  43 -1.260308E-06 -3.706889E-05  6.407359E-10 -4.088448E-04 -1.331236E-04
  44  1.691868E-06  1.206744E-04  2.933236E-09 -1.959749E-04 -2.928731E-05
  45  2.771448E-09 -1.848305E-09 -6.453926E-05 -1.010477E-10 -7.300257E-10
  46 -3.872161E-04  2.161131E-04 -9.401653E-09  6.135167E-05  8.152790E-06
  47 -2.128070E-03 -5.568911E-04  1.791854E-08 -8.254012E-07 -1.124326E-05
  48 -4.166907E-09 -3.410035E-09  2.288907E-04  9.396969E-10  7.312228E-10
  49 -1.103641E-03 -1.265718E-03 -1.778059E-10 -1.581524E-05 -2.877601E-05
  50 -8.201848E-04 -1.268382E-05 -9.393688E-09 -3.173915E-05 -1.783225E-05
  51  7.807249E-10 -2.603807E-09  3.110704E-04  1.092590E-09  5.665800E-10
  52  6.172870E-05 -6.053022E-05  3.712238E-09 -3.170103E-05 -1.452644E-06
  53  1.593622E-04  3.895458E-04 -3.102472E-09  3.528296E-05  2.290365E-05
  54  4.081415E-09 -1.791259E-09  1.385728E-04 -1.038500E-10  4.477381E-11
  55  2.686498E-04 -2.754335E-03  1.553219E-09 -7.638662E-04  1.782515E-04
  56 -1.234690E-03 -5.494928E-03  1.703667E-09 -5.601593E-06  1.322167E-03
  57 -4.545439E-10 -4.652929E-09  7.733067E-03  2.752769E-10 -3.486131E-09
  58  3.358497E-04  1.509698E-03 -1.149422E-09  1.906209E-04 -4.222855E-05
  59 -2.981257E-04 -5.209016E-04  2.484320E-09 -4.222354E-05 -2.678657E-04
  60  4.501436E-10  3.212313E-09  1.543730E-04 -3.696483E-10  1.392343E-10
  21
  21  2.843337E-02
  22 -6.097309E-10  3.190391E-01
  23 -2.250766E-09 -1.609011E-01  1.677041E-01
  24  1.543887E-04  3.100248E-09  3.497400E-09  2.783697E-02
  25 -7.174585E-09 -7.311673E-04  1.011073E-03  3.432560E-09  8.686559E-01
  26 -1.566319E-09  4.473623E-04  1.967705E-03  1.355098E-08 -1.463029E-01
  27 -3.871662E-03  4.056430E-09 -8.453093E-11 -3.898295E-03 -2.653644E-09
  28  6.937191E-09 -3.871748E-04  2.160932E-04 -4.304992E-09 -5.375942E-01
  29 -9.860726E-09 -2.128048E-03 -5.568766E-04 -5.357820E-09  1.755288E-01
  30  1.222261E-04  1.601266E-08 -8.289530E-10  2.288645E-04 -9.521381E-09
  31  2.879623E-10 -1.103657E-03 -1.265701E-03 -2.963233E-09  2.315973E-03
  32 -5.680166E-10 -8.201970E-04 -1.268502E-05 -1.757353E-09 -2.651043E-03
  33 -8.678489E-05 -1.232567E-09  1.066259E-08  3.110975E-04 -2.245853E-09
  34  3.406696E-09 -1.242573E-06 -3.707113E-05  1.076843E-09 -6.757308E-02
  35  5.095406E-09  1.694634E-06  1.206579E-04 -1.206408E-09  3.343428E-02
  36 -5.403934E-05 -1.426262E-09  2.631381E-09 -6.453897E-05  1.069184E-08
  37 -1.811067E-09  6.172673E-05 -6.053750E-05  4.036177E-10 -1.813989E-02
  38  1.186180E-09  1.593540E-04  3.895507E-04 -3.434208E-09  1.917867E-02
  39  3.268344E-04 -3.676072E-10  2.608796E-09  1.385701E-04 -3.977264E-09
  40 -2.910479E-09 -5.976400E-04 -5.905500E-04 -1.661009E-09  3.484693E-03
  41 -1.377530E-09  1.022784E-03  7.354191E-04 -4.798652E-10  3.182204E-04
  42  1.602145E-04  3.140248E-10 -1.300246E-09  2.753504E-05  1.422077E-09
  43  5.724592E-10 -1.341023E-05  8.382420E-06 -2.420635E-10 -1.364381E-05
  44  6.028561E-10  1.939310E-05  1.997954E-05  6.819389E-10 -1.144363E-05
  45 -2.264570E-04 -9.517868E-10 -2.189616E-12  1.547370E-05  1.360315E-09
  46  5.491259E-11 -1.942111E-04 -1.627218E-04  5.805476E-10 -1.414534E-03
  47  1.518255E-10 -3.424706E-04 -2.354627E-04 -5.961862E-10  7.149479E-04
  48  2.587085E-05 -5.686868E-11  9.245246E-11 -1.103627E-04 -8.772757E-11
  49 -4.575454E-10  1.463329E-07  5.578936E-06 -3.062688E-10  1.461429E-05
  50 -5.789573E-11 -7.864222E-06 -2.119820E-06  2.229879E-10  2.388369E-05
  51  1.362712E-05 -4.858654E-11 -5.293330E-10 -4.250858E-06  1.471845E-09
  52 -1.720137E-10 -7.301682E-05 -7.416758E-05  4.319911E-10 -9.390359E-06
  53 -8.550994E-10  7.850770E-05  4.856659E-05  2.315557E-10 -3.234933E-05
  54  4.184398E-06  2.202867E-11  8.907309E-11  8.413697E-06  1.001979E-10
  55  4.951139E-10 -1.659503E-02 -1.987277E-02  8.086923E-09  9.249827E-03
  56  5.130043E-09  1.988839E-02  1.187905E-02  1.117164E-08  3.589807E-03
  57 -9.027211E-04 -2.525350E-09  8.444168E-09  3.706921E-03  5.987787E-10
  58 -5.489476E-10  1.742208E-03  1.668486E-04 -9.184376E-10  6.390738E-04
  59  5.389031E-10  3.932576E-04  1.308291E-03  1.895806E-09  2.677950E-04
  60 -1.065086E-03  2.138964E-10 -9.957040E-10 -5.118280E-03 -6.673484E-10
  26
  26  7.825943E-01
  27  3.176638E-09  1.382338E-01
  28  1.977822E-01  2.942519E-08  9.543428E-01
  29 -2.238264E-01  4.318249E-08 -7.832922E-02  8.085529E-01
  30 -1.167763E-09 -5.250715E-02  2.288764E-09  4.702639E-08  1.138311E-01
  31  3.517581E-02 -1.250306E-08 -7.735672E-02  4.911505E-02 -2.715928E-09
  32 -4.291746E-03 -8.190026E-09  5.093050E-02 -4.036876E-01 -1.067547E-08
  33  1.427760E-08  4.719982E-03  1.072117E-09 -1.705633E-08 -3.872773E-02
  34  3.074099E-02 -1.086706E-08 -1.078043E-03  3.704315E-02  4.063171E-09
  35 -3.976809E-01  3.177374E-09 -4.719048E-03 -6.213291E-03 -1.308885E-08
  36  2.743101E-08 -4.422107E-02 -1.625154E-08 -2.812528E-08  5.682774E-03
  37 -2.194315E-02 -1.623364E-08 -2.907286E-01 -1.635806E-01  3.962330E-09
  38  1.219495E-02 -2.477370E-08 -1.668304E-01 -1.908736E-01 -1.606529E-08
  39 -5.956035E-09  5.644538E-03  1.463171E-08  2.594488E-08 -3.542090E-02
  40  3.182230E-04 -9.066601E-10 -1.414539E-03  7.149522E-04  7.502309E-10
  41 -3.661811E-04 -3.889343E-10 -1.469641E-05  4.138145E-04  2.060736E-10
  42  1.240946E-09 -9.979424E-04 -2.867947E-11 -6.394923E-10  8.994972E-05
  43  1.217614E-04 -1.287645E-09 -4.630226E-05 -4.078166E-05 -4.812190E-11
  44  8.576051E-05  2.763016E-10 -2.971419E-05 -3.282392E-05 -2.437703E-10
  45  7.470943E-10 -3.384239E-06 -3.609041E-10  1.069669E-10 -4.498677E-06
  46 -1.469295E-05 -6.985732E-10  5.135307E-04 -4.068300E-04 -1.524598E-10
  47  4.138194E-04 -6.734631E-10 -4.068302E-04 -3.724657E-05  3.612769E-10
  48 -1.267720E-09  8.995277E-05  2.152243E-10 -2.705735E-11  1.135226E-05
  49 -8.603849E-05  6.730022E-10  3.026657E-05  3.288687E-05  1.965549E-10
  50  1.835279E-04 -1.297265E-10 -6.637851E-05 -9.334199E-05 -2.159817E-10
  51  6.701817E-10  5.828890E-05  1.249039E-10  3.274223E-10 -2.704606E-06
  52 -8.292033E-05  1.991513E-10  1.866008E-05  3.465148E-05  5.152187E-11
  53 -1.076424E-04 -9.539368E-12  4.245447E-05  6.222846E-05  6.032032E-11
  54  1.663160E-10 -4.515406E-06  2.606713E-10  6.327307E-12 -1.468854E-05
  55  4.420790E-03  4.966320E-09 -2.950811E-03  2.190139E-03  1.175152E-09
  56 -5.489982E-03  4.071052E-09  6.573518E-04  6.001346E-04 -5.937219E-09
  57  3.345846E-09  6.915189E-03 -1.421054E-09  2.330695E-09 -4.566118E-04
  58 -1.355450E-03 -9.729618E-10  6.134649E-05 -8.217207E-07 -1.404396E-09
  59 -3.455092E-04  1.817981E-09  8.157804E-06 -1.123961E-05 -4.277495E-11
  60  6.167396E-10  1.602021E-04  8.729449E-11  8.134417E-11  2.587086E-05
  31
  31  7.078684E-02
  32 -5.647236E-02  4.153873E-01
  33  2.118137E-10  3.285737E-10  2.508464E-02
  34 -4.724338E-03  8.173578E-04  3.856901E-09  7.266948E-02
  35  6.962492E-04  4.311578E-04 -6.754300E-09 -3.496788E-02  4.110972E-01
  36 -4.189057E-10  3.675935E-09  1.405695E-02  2.921172E-09  1.800138E-09
  37  8.363287E-03  1.074946E-02 -5.088139E-09  1.760001E-03 -1.982765E-04
  38 -2.671616E-02 -7.742968E-03  5.409697E-09 -1.301068E-04  1.841668E-03
  39  7.365531E-09 -5.512840E-09  2.269589E-03  1.701046E-09 -2.507343E-09
  40  1.461419E-05  2.388534E-05 -8.299709E-11 -1.363784E-05 -1.143971E-05
  41 -8.603397E-05  1.835269E-04  1.104467E-09  1.217621E-04  8.576496E-05
  42  1.271283E-10  2.809384E-10  5.828116E-05 -5.311687E-10 -5.502302E-10
  43  2.393686E-06 -2.152624E-05 -3.414436E-11 -8.797111E-07  2.837189E-06
  44  4.105226E-06 -1.488754E-05 -5.970621E-11  2.836828E-06 -6.198821E-06
  45 -1.290965E-11 -1.086938E-10  2.816303E-06  1.715138E-10 -6.223671E-11
  46  3.026628E-05 -6.637879E-05 -4.722370E-10 -4.630412E-05 -2.971430E-05
  47  3.288584E-05 -9.334235E-05 -1.969314E-10 -4.078015E-05 -3.282327E-05
  48 -1.200634E-10  1.693670E-10 -2.709240E-06 -6.231844E-11  8.965304E-11
  49 -5.601075E-06  1.488517E-05 -4.029704E-10  2.393044E-06  4.105202E-06
  50  1.488518E-05 -5.408041E-05 -2.222977E-10 -2.152618E-05 -1.488672E-05
  51  7.073828E-11  1.377230E-10  1.861729E-05 -2.998797E-10 -1.551984E-10
  52 -1.426217E-06  2.074203E-05  2.582752E-10  3.756670E-06  1.631444E-06
  53 -1.306644E-05  3.866761E-05  2.179259E-10  1.946905E-05  1.272814E-05
  54  7.872637E-11  7.091349E-11 -2.016278E-05 -8.606037E-11  1.672037E-10
  55  2.832205E-04 -7.197719E-05  1.406685E-09  6.871925E-04  4.540838E-04
  56 -2.853865E-04  2.751009E-04 -1.302263E-09 -1.418320E-03 -5.841805E-04
  57  2.468804E-09  8.195996E-10  1.465515E-04  4.449718E-09 -4.093322E-10
  58 -1.581425E-05 -3.173714E-05 -8.406879E-10 -4.088429E-04 -1.959707E-04
  59 -2.877544E-05 -1.783182E-05 -4.707679E-10 -1.331265E-04 -2.929113E-05
  60  1.110559E-11  6.129023E-10  1.362482E-05  6.420901E-10 -2.347485E-11
  36
  36  3.006975E-02
  37 -2.850334E-09  3.006417E-01
  38  3.496586E-09  1.718103E-01  1.854145E-01
  39 -9.297656E-03 -1.348514E-08 -8.331088E-09  2.489498E-02
  40 -6.184695E-10 -9.389994E-06 -3.235276E-05 -1.085474E-10  8.686558E-01
  41 -1.260749E-09 -8.292210E-05 -1.076428E-04 -1.656891E-11 -1.463031E-01
  42 -3.380837E-06 -2.820564E-11 -1.073282E-10 -4.512089E-06 -5.082359E-09
  43 -9.530774E-11  3.757797E-06  1.947110E-05  1.701804E-10 -6.757310E-02
  44 -1.293634E-10  1.631499E-06  1.272847E-05  1.533049E-11  3.343429E-02
  45 -4.027613E-07 -8.244620E-11 -9.032458E-11  2.812492E-06  6.286449E-09
  46  5.107429E-10  1.866140E-05  4.245513E-05 -4.051880E-10 -5.375941E-01
  47  3.171894E-10  3.465227E-05  6.222945E-05  6.484617E-11  1.755290E-01
  48 -4.497841E-06 -3.086000E-11  1.395610E-11 -1.468616E-05  1.465897E-08
  49 -7.722654E-12 -1.426125E-06 -1.306661E-05  6.305718E-11  2.315995E-03
  50  1.489868E-10  2.074211E-05  3.866832E-05  1.812149E-11 -2.651072E-03
  51  2.816904E-06 -1.987641E-10 -1.538772E-10 -2.016559E-05  1.262961E-08
  52 -4.600024E-11 -1.146848E-05 -1.705931E-05  3.663224E-11 -1.813993E-02
  53 -1.010885E-10 -1.705986E-05 -2.584211E-05 -1.529918E-11  1.917878E-02
  54  2.812727E-06 -4.786546E-11 -1.452833E-11  2.722115E-05  4.761937E-09
  55 -1.211575E-09  1.079627E-04 -4.377231E-05 -3.239082E-09 -5.087887E-02
  56  1.608808E-09 -2.644013E-04  1.149952E-04  4.339884E-10 -1.282111E-02
  57 -1.520404E-06  1.398704E-09 -9.724769E-10 -3.355855E-04 -7.191900E-09
  58  3.589268E-10 -3.170034E-05  3.528025E-05  2.105307E-10  1.535391E-03
  59  5.654961E-10 -1.454485E-06  2.290685E-05  2.090025E-11 -2.103334E-03
  60 -2.264574E-04  8.123592E-11 -1.447926E-10  4.187340E-06  1.485919E-09
  41
  41  7.825944E-01
  42 -4.014320E-09  1.382337E-01
  43  3.074117E-02  6.662879E-09  7.266947E-02
  44 -3.976809E-01 -5.050109E-09 -3.496793E-02  4.110972E-01
  45  3.045059E-08 -4.422110E-02 -1.377245E-08 -3.303873E-09  3.006973E-02
  46  1.977822E-01 -1.809986E-10 -1.078089E-03 -4.719016E-03 -1.048043E-09
  47 -2.238264E-01  3.011736E-09  3.704304E-02 -6.213239E-03 -2.295663E-08
  48 -7.427359E-09 -5.250724E-02  6.380344E-09  6.162682E-09  5.682834E-03
  49  3.517583E-02  8.586368E-09 -4.724322E-03  6.962577E-04 -4.247062E-09
  50 -4.291775E-03  6.131093E-09  8.173645E-04  4.311441E-04 -8.002589E-09
  51 -2.049549E-08  4.720015E-03 -1.059587E-09  8.766588E-09  1.405694E-02
  52 -2.194308E-02  7.663332E-09  1.760070E-03 -1.982951E-04  6.040922E-09
  53  1.219504E-02  4.688088E-09 -1.300718E-04  1.841585E-03  1.879853E-09
  54  1.014080E-08  5.644667E-03 -2.981820E-09  9.612498E-10 -9.297686E-03
  55  1.251341E-02  2.449320E-09  1.676789E-03  2.533721E-03 -2.632661E-10
  56  1.291428E-02 -4.274511E-09 -2.195611E-03  1.603988E-03  2.533835E-09
  57  1.529594E-08  3.943399E-03  9.308715E-09 -2.527153E-09 -8.771107E-04
  58  2.044090E-03 -5.399431E-09 -1.186437E-04 -4.755462E-04 -1.494951E-09
  59  1.542913E-03  8.242906E-09  4.551719E-04  9.854813E-05 -5.805695E-10
  60  5.540137E-09 -3.871668E-03  2.134996E-09 -6.084465E-09 -5.403062E-05
  46
  46  9.543428E-01
  47 -7.832918E-02  8.085531E-01
  48 -3.022935E-08  5.914838E-09  1.138311E-01
  49 -7.735685E-02  4.911488E-02 -6.058793E-10  7.078684E-02
  50  5.093055E-02 -4.036876E-01 -2.878764E-09 -5.647236E-02  4.153874E-01
  51 -2.546128E-09  1.288314E-08 -3.872771E-02  4.701764E-09  5.775889E-09
  52 -2.907286E-01 -1.635807E-01 -7.980665E-09  8.363408E-03  1.074946E-02
  53 -1.668305E-01 -1.908737E-01 -1.194737E-08 -2.671612E-02 -7.742986E-03
  54 -1.196403E-08 -5.029980E-09 -3.542092E-02 -2.943596E-10 -3.962733E-09
  55  6.993607E-03 -5.087685E-03  2.617689E-09  6.596165E-05 -9.760170E-05
  56 -5.030466E-03 -3.080841E-03 -4.604420E-09  2.888678E-06 -1.605270E-04
  57 -7.676338E-09 -4.203214E-09  1.439602E-03  3.266402E-09 -2.466159E-10
  58  7.971307E-05 -3.263485E-04  7.621133E-10  1.032111E-04  2.145917E-05
  59 -1.316048E-04  2.780240E-05 -8.287300E-10 -2.998002E-05 -5.814012E-05
  60 -8.096094E-09  2.122573E-09  1.222103E-04  4.541455E-10  3.339715E-10
  51
  51  2.508464E-02
  52  5.025230E-09  3.006416E-01
  53  1.357464E-09  1.718102E-01  1.854144E-01
  54  2.269507E-03  2.605379E-09  9.355683E-09  2.489498E-02
  55 -3.554548E-09 -3.987562E-04  5.150017E-04 -1.268775E-09  7.314176E-01
  56 -1.313561E-09 -9.015927E-04  8.021692E-04 -2.998240E-10  2.512721E-02
  57  3.341993E-05 -2.418814E-10 -1.230291E-09  2.999658E-05 -1.415355E-08
  58 -8.846431E-11 -4.458128E-05 -2.676332E-05  2.767914E-11 -6.620409E-02
  59  9.524393E-10  6.336539E-05  5.833573E-05 -6.764812E-10 -9.189086E-03
  60 -8.680620E-05  1.502736E-09 -7.284945E-10  3.268496E-04 -5.154896E-09
  56
  56  8.497944E-01
  57 -3.284541E-08  1.413858E-01
  58 -9.243014E-03 -3.005111E-09  6.598582E-02
  59 -4.060579E-01  4.775829E-09  1.016453E-02  4.181428E-01
  60 -1.119907E-08 -3.992149E-02  5.646365E-10  8.345604E-09  2.843339E-02
&
&valid
version=1.0
geometry
atom_num=20
   6     1.2665285000     0.6759230000     0.0000000000
   6     1.1952730000    -0.7434430000     0.0000000000
   6    -0.0429675000    -1.4013580000     0.0000000000
   6    -1.2665285000    -0.6759230000     0.0000000000
   6    -1.1952730000     0.7434430000     0.0000000000
   1     2.1195675000    -1.3354300000     0.0000000000
   1    -0.0745205000    -2.4995670000     0.0000000000
   1    -2.1195675000     1.3354300000     0.0000000000
   6    -2.5613295000    -1.4284630000     0.0000000000
   6    -3.7965105000    -0.8980075000     0.0000000000
   1    -3.9756205000     0.1832480000     0.0000000000
   1    -2.4514365000    -2.5233690000     0.0000000000
   1    -4.6886295000    -1.5350630000     0.0000000000
   6     2.5613295000     1.4284630000     0.0000000000
   1     2.4514365000     2.5233690000     0.0000000000
   6     3.7965105000     0.8980075000     0.0000000000
   1     3.9756205000    -0.1832480000     0.0000000000
   1     4.6886295000     1.5350630000     0.0000000000
   6     0.0429675000     1.4013580000     0.0000000000
   1     0.0745205000     2.4995670000     0.0000000000
end
molecule
molchg=0
multip=1
qs_cuts=   0    0    0
end
basis
name=sto-3g                          
numd=5
atom_basis_num=0
end
&
