MAEFILE: dvb_sp_hf.01.mae
&gen 
ip102=8 
basis=sto-3g 
ip1=2 
mulken=1 
ip18=2 
ipvirt=-1 
&
&zmat
 C1              1.2665285000             0.6759230000            0.0000000000
 C2              1.1952730000            -0.7434430000            0.0000000000
 C3             -0.0429675000            -1.4013580000            0.0000000000
 C4             -1.2665285000            -0.6759230000            0.0000000000
 C5             -1.1952730000             0.7434430000            0.0000000000
 H6              2.1195675000            -1.3354300000            0.0000000000
 H7             -0.0745205000            -2.4995670000            0.0000000000
 H8             -2.1195675000             1.3354300000            0.0000000000
 C9             -2.5613295000            -1.4284630000            0.0000000000
 C10            -3.7965105000            -0.8980075000            0.0000000000
 H11            -3.9756205000             0.1832480000            0.0000000000
 H12            -2.4514365000            -2.5233690000            0.0000000000
 H13            -4.6886295000            -1.5350630000            0.0000000000
 C14             2.5613295000             1.4284630000            0.0000000000
 H15             2.4514365000             2.5233690000            0.0000000000
 C16             3.7965105000             0.8980075000            0.0000000000
 H17             3.9756205000            -0.1832480000            0.0000000000
 H18             4.6886295000             1.5350630000            0.0000000000
 C19             0.0429675000             1.4013580000            0.0000000000
 H20             0.0745205000             2.4995670000            0.0000000000
&
&guess  basgss=sto-3g numd=5
    1 Orbital Energy   -11.040591 Occupation  1.000000 Symmetry Bu      
  0.701478552022772  0.025268556866820 -0.000628651749324 -0.000221661884765
  0.000000000000000  0.005918217861138 -0.004734762649684 -0.000110083827139
 -0.003115300594937  0.000000000000000 -0.005772434483629  0.004766689235778
 -0.002673179308242  0.001642853450623  0.000000000000000 -0.701478552022772
 -0.025268556866820 -0.000628651749324 -0.000221661884765  0.000000000000000
 -0.005918217861138  0.004734762649684 -0.000110083827139 -0.003115300594937
  0.000000000000000  0.000054701282116 -0.000060845306380 -0.000054701282116
  0.009179736809164  0.004498003103373  0.002528067049242  0.001526535799754
  0.000000000000000  0.000525769271671 -0.000184648255120 -0.000083056747522
 -0.000065711289668  0.000000000000000  0.000101830881424 -0.000086418802009
  0.000020622055546 -0.009179736809164 -0.004498003103373  0.002528067049242
  0.001526535799754  0.000000000000000  0.000086418802009 -0.000525769271671
  0.000184648255120 -0.000083056747522 -0.000065711289668  0.000000000000000
 -0.000101830881424 -0.000020622055546  0.005772434483629 -0.004766689235778
 -0.002673179308242  0.001642853450623  0.000000000000000  0.000060845306380
    2 Orbital Energy   -11.040530 Occupation  1.000000 Symmetry Ag      
  0.701535699914798  0.025186013493692 -0.000446513810126 -0.000116704620604
  0.000000000000000  0.003514701572055 -0.004555151498655 -0.000145765823741
 -0.003131582496944  0.000000000000000  0.003231574525351 -0.004614003154237
  0.002707364284589 -0.001651424250301  0.000000000000000  0.701535699914798
  0.025186013493692  0.000446513810126  0.000116704620604  0.000000000000000
  0.003514701572055 -0.004555151498655  0.000145765823741  0.003131582496944
  0.000000000000000 -0.000025875238497 -0.000022911757845 -0.000025875238497
 -0.009512370209395 -0.004562493496548 -0.002561479799528 -0.001545794605587
  0.000000000000000 -0.000498020053827  0.000187927714487  0.000086890166314
  0.000066849867793  0.000000000000000 -0.000097632216708  0.000093693455018
 -0.000020252593015 -0.009512370209395 -0.004562493496548  0.002561479799528
  0.001545794605587  0.000000000000000  0.000093693455018 -0.000498020053827
  0.000187927714487 -0.000086890166314 -0.000066849867793  0.000000000000000
 -0.000097632216708 -0.000020252593015  0.003231574525351 -0.004614003154237
 -0.002707364284589  0.001651424250301  0.000000000000000 -0.000022911757845
    3 Orbital Energy   -11.031766 Occupation  1.000000 Symmetry Bu      
 -0.009915218965456  0.003791567030228  0.002636384581302  0.001387338797861
  0.000000000000000  0.002063478001766 -0.000030256351122 -0.000003522840966
  0.000016058290491  0.000000000000000 -0.003076622555341 -0.000047275105513
  0.000027535024160  0.000005897410711  0.000000000000000  0.009915218965456
 -0.003791567030228  0.002636384581302  0.001387338797861  0.000000000000000
 -0.002063478001766  0.000030256351122 -0.000003522840966  0.000016058290491
  0.000000000000000  0.000093549811824  0.000002749430608 -0.000093549811824
  0.701359827255861  0.025007630345954 -0.000763631107622  0.000273176494878
  0.000000000000000  0.017743563302918 -0.004744608289851 -0.002939276802326
  0.001226243033124  0.000000000000000 -0.000057941083623 -0.004782238255875
 -0.000044083627821 -0.701359827255861 -0.025007630345954 -0.000763631107622
  0.000273176494878  0.000000000000000  0.004782238255875 -0.017743563302918
  0.004744608289851 -0.002939276802326  0.001226243033124  0.000000000000000
  0.000057941083623  0.000044083627821  0.003076622555341  0.000047275105513
  0.000027535024160  0.000005897410711  0.000000000000000 -0.000002749430608
    4 Orbital Energy   -11.031766 Occupation  1.000000 Symmetry Ag      
 -0.010252843981050  0.003741069608101  0.002627822944323  0.001382129630758
  0.000000000000000  0.004404748764666  0.000070874726558 -0.000043336225600
  0.000053491588820  0.000000000000000  0.005248617971440  0.000162772012801
 -0.000028089252238  0.000057185155016  0.000000000000000 -0.010252843981050
  0.003741069608101 -0.002627822944323 -0.001382129630758  0.000000000000000
  0.004404748764666  0.000070874726558  0.000043336225600 -0.000053491588820
  0.000000000000000  0.000091679853798 -0.000006302010798  0.000091679853798
 -0.701331938884831 -0.024996832392870  0.000769791750105 -0.000269447927096
  0.000000000000000 -0.017744980860044  0.004743993148057  0.002938830864334
 -0.001226886490880  0.000000000000000  0.000058196742360  0.004781658346309
  0.000044036939486 -0.701331938884831 -0.024996832392870 -0.000769791750105
  0.000269447927096  0.000000000000000  0.004781658346309 -0.017744980860044
  0.004743993148057 -0.002938830864334  0.001226886490880  0.000000000000000
  0.000058196742360  0.000044036939486  0.005248617971440  0.000162772012801
  0.000028089252238 -0.000057185155016  0.000000000000000 -0.000006302010798
    5 Orbital Energy   -11.028910 Occupation  1.000000 Symmetry Bu      
  0.002892709109461  0.002774526974206  0.000828268240125 -0.003408809432895
  0.000000000000000 -0.646490881615431 -0.021461832580683 -0.000332630892630
 -0.000904639137097  0.000000000000000 -0.273012116908300 -0.005145686284332
  0.002435653050640  0.001059151167424  0.000000000000000 -0.002892709109461
 -0.002774526974206  0.000828268240125 -0.003408809432895  0.000000000000000
  0.646490881615431  0.021461832580683 -0.000332630892630 -0.000904639137097
  0.000000000000000  0.004293482138584  0.001710950409936 -0.004293482138584
  0.000769522722216  0.000138060811772  0.000070619005178  0.000003586940466
  0.000000000000000 -0.000863503001597 -0.000061251607926 -0.000027304493898
 -0.000052551767537  0.000000000000000  0.000097513482160 -0.000016098470256
 -0.000012250386601 -0.000769522722216 -0.000138060811772  0.000070619005178
  0.000003586940466  0.000000000000000  0.000016098470256  0.000863503001597
  0.000061251607926 -0.000027304493898 -0.000052551767537  0.000000000000000
 -0.000097513482160  0.000012250386601  0.273012116908300  0.005145686284332
  0.002435653050640  0.001059151167423  0.000000000000000 -0.001710950409936
    6 Orbital Energy   -11.028804 Occupation  1.000000 Symmetry Ag      
  0.003391409014156  0.005859261594324 -0.000891442679801 -0.002599816436150
  0.000000000000000 -0.676375736026180 -0.023120379203862 -0.000221887693275
 -0.000593246696064  0.000000000000000 -0.187031696632748 -0.002099669646502
  0.002685057782275  0.001384534047171  0.000000000000000  0.003391409014156
  0.005859261594324  0.000891442679801  0.002599816436150  0.000000000000000
 -0.676375736026180 -0.023120379203862  0.000221887693275  0.000593246696064
  0.000000000000000  0.004627478848638  0.001281811091797  0.004627478848638
 -0.005757924731154 -0.000345988374211  0.000023792073749 -0.000035715176447
  0.000000000000000  0.001014723654615  0.000157929820400  0.000087833060869
  0.000045222681540  0.000000000000000 -0.000106950662506  0.000108275799595
  0.000012918305689 -0.005757924731154 -0.000345988374211 -0.000023792073749
  0.000035715176447  0.000000000000000  0.000108275799595  0.001014723654615
  0.000157929820400 -0.000087833060869 -0.000045222681540  0.000000000000000
 -0.000106950662506  0.000012918305689 -0.187031696632748 -0.002099669646502
 -0.002685057782275 -0.001384534047171  0.000000000000000  0.001281811091797
    7 Orbital Energy   -11.028374 Occupation  1.000000 Symmetry Bu      
  0.006817618476339  0.006774347551629 -0.002558373172665  0.000184941396057
  0.000000000000000 -0.272473392738992 -0.014638802018425  0.002855194992257
  0.001114019340613  0.000000000000000  0.646262687192232  0.025444685906947
  0.001142380370871  0.001392991304013  0.000000000000000 -0.006817618476339
 -0.006774347551629 -0.002558373172665  0.000184941396057  0.000000000000000
  0.272473392738992  0.014638802018425  0.002855194992257  0.001114019340613
  0.000000000000000  0.001946111864644 -0.004378292176937 -0.001946111864644
  0.003771069441957  0.000418811667691  0.000049873384272  0.000094890445243
  0.000000000000000 -0.000571716810658 -0.000126085370251 -0.000070475002965
 -0.000020142106339  0.000000000000000  0.000056782524173 -0.000088991333597
 -0.000004740115691 -0.003771069441957 -0.000418811667691  0.000049873384272
  0.000094890445243  0.000000000000000  0.000088991333597  0.000571716810658
  0.000126085370251 -0.000070475002965 -0.000020142106339  0.000000000000000
 -0.000056782524173  0.000004740115691 -0.646262687192232 -0.025444685906947
  0.001142380370871  0.001392991304013  0.000000000000000  0.004378292176937
    8 Orbital Energy   -11.028324 Occupation  1.000000 Symmetry Ag      
 -0.001678840552818 -0.003303630743330  0.002564154413189 -0.002342025972591
  0.000000000000000 -0.186487732175207 -0.011350872491106  0.002931898464849
  0.001336310383574  0.000000000000000  0.676225690113741  0.025639761994882
  0.000868986166412  0.000954873263864  0.000000000000000 -0.001678840552818
 -0.003303630743330 -0.002564154413189  0.002342025972591  0.000000000000000
 -0.186487732175207 -0.011350872491106 -0.002931898464849 -0.001336310383574
  0.000000000000000  0.001267680949085 -0.004614134967583  0.001267680949085
  0.003944750151901  0.000221049796903 -0.000026369895075  0.000004116241459
  0.000000000000000 -0.000026975982896 -0.000066292091899 -0.000055227924816
  0.000008750810524  0.000000000000000 -0.000038182516527 -0.000072044794187
 -0.000002434803716  0.003944750151901  0.000221049796903  0.000026369895075
 -0.000004116241459  0.000000000000000 -0.000072044794187 -0.000026975982896
 -0.000066292091899  0.000055227924816 -0.000008750810524  0.000000000000000
 -0.000038182516527 -0.000002434803716  0.676225690113741  0.025639761994882
 -0.000868986166412 -0.000954873263864  0.000000000000000 -0.004614134967583
    9 Orbital Energy   -11.017680 Occupation  1.000000 Symmetry Bu      
  0.000275385759881  0.000269392112311  0.000098049550883  0.000089763742566
  0.000000000000000  0.001094687718788  0.000002635156001 -0.000083153256543
 -0.000034744115289  0.000000000000000 -0.000279568004815  0.000011725704139
 -0.000063120235661 -0.000009304159605  0.000000000000000 -0.000275385759881
 -0.000269392112311  0.000098049550883  0.000089763742566  0.000000000000000
 -0.001094687718788 -0.000002635156001 -0.000083153256543 -0.000034744115289
  0.000000000000000  0.000053509066859  0.000003850401275 -0.000053509066859
  0.017305693453701  0.006032898420400 -0.002959893019090  0.001297691224314
  0.000000000000000 -0.701436744498977 -0.025356116015747 -0.001009457561400
  0.000470131730118  0.000000000000000  0.004732400575212 -0.000175392856380
  0.004750138145334 -0.017305693453701 -0.006032898420400 -0.002959893019090
  0.001297691224314  0.000000000000000  0.000175392856380  0.701436744498977
  0.025356116015747 -0.001009457561400  0.000470131730118  0.000000000000000
 -0.004732400575212 -0.004750138145334  0.000279568004815 -0.000011725704139
 -0.000063120235661 -0.000009304159605  0.000000000000000 -0.000003850401275
   10 Orbital Energy   -11.017680 Occupation  1.000000 Symmetry Ag      
  0.000243083652808  0.000268659363769  0.000096406415274  0.000088537023140
  0.000000000000000  0.001106877809955 -0.000007304100032 -0.000077614514955
 -0.000027832074748  0.000000000000000  0.000444622499750 -0.000069250133541
  0.000022269292677 -0.000013613140994  0.000000000000000  0.000243083652808
  0.000268659363769 -0.000096406415274 -0.000088537023140  0.000000000000000
  0.001106877809955 -0.000007304100032  0.000077614514955  0.000027832074748
  0.000000000000000  0.000054575111096 -0.000005655377589  0.000054575111096
 -0.017301768220728 -0.006032411479991  0.002959692239614 -0.001297330979001
  0.000000000000000  0.701436806972497  0.025355770487168  0.001009263284160
 -0.000470147200472  0.000000000000000 -0.004732457085077  0.000175097318219
 -0.004750119637662 -0.017301768220728 -0.006032411479991 -0.002959692239614
  0.001297330979001  0.000000000000000  0.000175097318219  0.701436806972497
  0.025355770487168 -0.001009263284160  0.000470147200472  0.000000000000000
 -0.004732457085077 -0.004750119637662  0.000444622499750 -0.000069250133541
 -0.000022269292677  0.000013613140994  0.000000000000000 -0.000005655377589
   11 Orbital Energy    -1.090371 Occupation  1.000000 Symmetry Ag      
 -0.106672084140192  0.275296058561732 -0.034632619520462 -0.017370747488681
  0.000000000000000 -0.096499375975898  0.247182763987775 -0.043776907882735
  0.032494266828401  0.000000000000000 -0.096678529186423  0.247268437260056
 -0.002875051808990  0.053965077965966  0.000000000000000 -0.106672084140192
  0.275296058561732  0.034632619520462  0.017370747488681  0.000000000000000
 -0.096499375975898  0.247182763987775  0.043776907882735 -0.032494266828401
  0.000000000000000  0.044311195446317  0.044179132644686  0.044311195446317
 -0.049673669643361  0.128730813258718  0.021355152083931  0.022249293952080
  0.000000000000000 -0.025133584256393  0.064732343477403  0.023547326546423
 -0.006087303792850  0.000000000000000  0.013946714363887  0.025420404179783
  0.010831873461485 -0.049673669643361  0.128730813258718 -0.021355152083931
 -0.022249293952080  0.000000000000000  0.025420404179783 -0.025133584256393
  0.064732343477403 -0.023547326546423  0.006087303792850  0.000000000000000
  0.013946714363887  0.010831873461485 -0.096678529186423  0.247268437260056
  0.002875051808990 -0.053965077965966  0.000000000000000  0.044179132644686
   12 Orbital Energy    -1.020317 Occupation  1.000000 Symmetry Bu      
  0.101322391034586 -0.270893395150632 -0.028722686348570 -0.013899675655053
  0.000000000000000  0.041770016086146 -0.111280928374739 -0.027048149049089
 -0.056963015368547  0.000000000000000 -0.037610898629156  0.099701983898666
 -0.063035815069168  0.008840465720631  0.000000000000000 -0.101322391034586
  0.270893395150632 -0.028722686348570 -0.013899675655053  0.000000000000000
 -0.041770016086146  0.111280928374739 -0.027048149049089 -0.056963015368547
  0.000000000000000 -0.029326103169710  0.025768317485512  0.029326103169710
 -0.113093169896618  0.298783991022252 -0.005922317909520  0.037629459272291
  0.000000000000000 -0.081369245749399  0.213556857917901  0.060971249698832
 -0.020816406737430  0.000000000000000  0.048822495889197  0.066751214888301
  0.044488242382853  0.113093169896618 -0.298783991022252 -0.005922317909520
  0.037629459272291  0.000000000000000 -0.066751214888301  0.081369245749399
 -0.213556857917901  0.060971249698832 -0.020816406737430  0.000000000000000
 -0.048822495889197 -0.044488242382853  0.037610898629156 -0.099701983898666
 -0.063035815069168  0.008840465720631  0.000000000000000 -0.025768317485512
   13 Orbital Energy    -0.975044 Occupation  1.000000 Symmetry Ag      
  0.003089850974722 -0.010503025206274 -0.085064044530190 -0.040250734290081
  0.000000000000000 -0.041829150735558  0.110567444327961 -0.042608205059163
 -0.012399451111891  0.000000000000000 -0.045911811859962  0.122190651738816
  0.028311146679257  0.025873835120028  0.000000000000000  0.003089850974722
 -0.010503025206274  0.085064044530190  0.040250734290081  0.000000000000000
 -0.041829150735558  0.110567444327961  0.042608205059163  0.012399451111891
  0.000000000000000  0.018277681979897  0.023757960922243  0.018277681979897
  0.117705234517671 -0.314608028808500  0.070854258067403 -0.027140080409726
  0.000000000000000  0.116311695272759 -0.309982520949520 -0.068848990082137
  0.030270955419078  0.000000000000000 -0.074261123667566 -0.076220916880293
 -0.074826960110936  0.117705234517671 -0.314608028808500 -0.070854258067403
  0.027140080409726  0.000000000000000 -0.076220916880293  0.116311695272759
 -0.309982520949520  0.068848990082137 -0.030270955419078  0.000000000000000
 -0.074261123667566 -0.074826960110936 -0.045911811859962  0.122190651738816
 -0.028311146679257 -0.025873835120028  0.000000000000000  0.023757960922243
   14 Orbital Energy    -0.950152 Occupation  1.000000 Symmetry Bu      
  0.011625381955834 -0.031877147925643  0.061644552446793 -0.111148880907431
  0.000000000000000 -0.119491728506261  0.325829644300623 -0.056263915532798
 -0.050930549861789  0.000000000000000 -0.130746812556318  0.356670960022362
  0.055873968544712  0.020405482457565  0.000000000000000 -0.011625381955834
  0.031877147925643  0.061644552446793 -0.111148880907431  0.000000000000000
  0.119491728506261 -0.325829644300623 -0.056263915532798 -0.050930549861789
  0.000000000000000  0.090091000322336  0.098072416112056 -0.090091000322336
 -0.000652032125564  0.002255238214880  0.021722435031127 -0.013182239225113
  0.000000000000000  0.012260246214365 -0.032608935893822 -0.005031921686809
 -0.002724455556484  0.000000000000000 -0.012354458089485  0.009320427755637
 -0.007503918535195  0.000652032125564 -0.002255238214880  0.021722435031127
 -0.013182239225113  0.000000000000000 -0.009320427755637 -0.012260246214365
  0.032608935893822 -0.005031921686809 -0.002724455556484  0.000000000000000
  0.012354458089485  0.007503918535195  0.130746812556318 -0.356670960022362
  0.055873968544712  0.020405482457565  0.000000000000000 -0.098072416112056
   15 Orbital Energy    -0.909868 Occupation  1.000000 Symmetry Bu      
 -0.100293393511061  0.279060772477563 -0.050284828992682 -0.036113063401120
  0.000000000000000 -0.071611868115316  0.199136615913517  0.027417969373662
  0.070372414303912  0.000000000000000  0.042811204348030 -0.119437345042123
  0.099643100065937 -0.008276884558922  0.000000000000000  0.100293393511061
 -0.279060772477563 -0.050284828992682 -0.036113063401120  0.000000000000000
  0.071611868115316 -0.199136615913517  0.027417969373662  0.070372414303912
  0.000000000000000  0.053812216988012 -0.034518441426062 -0.053812216988012
 -0.050765935346821  0.136245701812057 -0.134222597055424 -0.002881825194234
  0.000000000000000 -0.106812553647976  0.292399093271286  0.031193394909692
 -0.026543216377252  0.000000000000000  0.076938783786344  0.037656043746747
  0.088181313271302  0.050765935346821 -0.136245701812057 -0.134222597055424
 -0.002881825194234  0.000000000000000 -0.037656043746747  0.106812553647976
 -0.292399093271286  0.031193394909692 -0.026543216377252  0.000000000000000
 -0.076938783786344 -0.088181313271302 -0.042811204348030  0.119437345042123
  0.099643100065937 -0.008276884558922  0.000000000000000  0.034518441426062
   16 Orbital Energy    -0.800118 Occupation  1.000000 Symmetry Ag      
 -0.072514230638297  0.213392379043509  0.034155548374453  0.130593059220972
  0.000000000000000  0.078876617847365 -0.227962350844856  0.008051525765677
  0.074861860096949  0.000000000000000  0.001289648649972 -0.002093035255642
 -0.161521905443582 -0.018062651249782  0.000000000000000 -0.072514230638297
  0.213392379043509 -0.034155548374453 -0.130593059220972  0.000000000000000
  0.078876617847365 -0.227962350844856 -0.008051525765677 -0.074861860096949
  0.000000000000000 -0.105380335699979  0.013176288324429 -0.105380335699979
 -0.052530187774925  0.159403488253240  0.150966505419932 -0.029792244281138
  0.000000000000000  0.082883205550754 -0.241014158366535  0.047075485493395
 -0.019202830188030  0.000000000000000 -0.104981909842937  0.081201601641476
 -0.102019566441623 -0.052530187774925  0.159403488253240 -0.150966505419932
  0.029792244281138  0.000000000000000  0.081201601641476  0.082883205550754
 -0.241014158366535 -0.047075485493395  0.019202830188030  0.000000000000000
 -0.104981909842937 -0.102019566441623  0.001289648649972 -0.002093035255642
  0.161521905443582  0.018062651249782  0.000000000000000  0.013176288324429
   17 Orbital Energy    -0.762566 Occupation  1.000000 Symmetry Ag      
 -0.050174919806646  0.150539435393900  0.120414286808039 -0.160695113416220
  0.000000000000000 -0.060680080708904  0.182026904515098  0.133977157523549
  0.132766767232268  0.000000000000000  0.109041159487400 -0.324914345512917
  0.017117577098436  0.084890823933487  0.000000000000000 -0.050174919806646
  0.150539435393900 -0.120414286808039  0.160695113416220  0.000000000000000
 -0.060680080708904  0.182026904515098 -0.133977157523549 -0.132766767232268
  0.000000000000000  0.092538847513130 -0.174080012642221  0.092538847513130
 -0.006655691186619  0.022008346134856  0.055580156698622  0.064237990099145
  0.000000000000000  0.033978371519752 -0.101852920864611  0.037868129057313
  0.025476017241896  0.000000000000000 -0.021852812655044 -0.032212016977439
 -0.064552905364547 -0.006655691186619  0.022008346134856 -0.055580156698622
 -0.064237990099145  0.000000000000000 -0.032212016977439  0.033978371519752
 -0.101852920864611 -0.037868129057313 -0.025476017241896  0.000000000000000
 -0.021852812655044 -0.064552905364547  0.109041159487400 -0.324914345512917
 -0.017117577098436 -0.084890823933487  0.000000000000000 -0.174080012642221
   18 Orbital Energy    -0.727929 Occupation  1.000000 Symmetry Bu      
 -0.011493146429314  0.033157723828093 -0.115431308155393 -0.092538303930037
  0.000000000000000 -0.030285034737995  0.092260504231504  0.060810950557839
  0.057048534541760  0.000000000000000  0.048302589616039 -0.147995765590880
  0.010424149858984 -0.001913855480910  0.000000000000000  0.011493146429314
 -0.033157723828093 -0.115431308155393 -0.092538303930037  0.000000000000000
  0.030285034737995 -0.092260504231504  0.060810950557839  0.057048534541760
  0.000000000000000  0.054958842046658 -0.051766065164709 -0.054958842046658
 -0.096517690699005  0.297359595784781  0.079472076000354 -0.092174097063964
  0.000000000000000  0.080376195179341 -0.248310124470668  0.125705207325849
 -0.082149743702322  0.000000000000000 -0.163622581463907  0.174906390580993
 -0.130977390075740  0.096517690699005 -0.297359595784781  0.079472076000354
 -0.092174097063964  0.000000000000000 -0.174906390580993 -0.080376195179341
  0.248310124470668  0.125705207325849 -0.082149743702322  0.000000000000000
  0.163622581463907  0.130977390075740 -0.048302589616039  0.147995765590880
  0.010424149858984 -0.001913855480910  0.000000000000000  0.051766065164709
   19 Orbital Energy    -0.697078 Occupation  1.000000 Symmetry Ag      
  0.056357995540791 -0.170755584760288  0.134153714408878  0.024788261279065
  0.000000000000000 -0.050117752035118  0.158868867288492  0.083898626041656
 -0.177329654448096  0.000000000000000 -0.007062669166099  0.024334507860296
  0.147230879804893 -0.133596194553115  0.000000000000000  0.056357995540791
 -0.170755584760288 -0.134153714408878 -0.024788261279065  0.000000000000000
 -0.050117752035118  0.158868867288492 -0.083898626041656  0.177329654448096
  0.000000000000000  0.169236047803617  0.097787158299297  0.169236047803617
 -0.060683692967384  0.187368913316487  0.013211226122318 -0.070711966830582
  0.000000000000000  0.050691735969118 -0.161145310731833  0.105431362415957
 -0.055648208975546  0.000000000000000 -0.106254804062005  0.125197794591717
 -0.099892687562470 -0.060683692967384  0.187368913316487 -0.013211226122318
  0.070711966830582  0.000000000000000  0.125197794591717  0.050691735969118
 -0.161145310731833 -0.105431362415957  0.055648208975546  0.000000000000000
 -0.106254804062005 -0.099892687562470 -0.007062669166099  0.024334507860296
 -0.147230879804893  0.133596194553115  0.000000000000000  0.097787158299297
   20 Orbital Energy    -0.627860 Occupation  1.000000 Symmetry Ag      
  0.028745539714970 -0.096064498154396 -0.113806106387254 -0.090416908746926
  0.000000000000000 -0.016608407547785  0.047075090826883 -0.161112844624357
  0.044185457749474  0.000000000000000  0.011523664808886 -0.044219404151401
  0.083554030862216  0.179589834028261  0.000000000000000  0.028745539714970
 -0.096064498154396  0.113806106387254  0.090416908746926  0.000000000000000
 -0.016608407547785  0.047075090826883  0.161112844624357 -0.044185457749474
  0.000000000000000 -0.103864302087264 -0.146846666264116 -0.103864302087264
 -0.034911566241146  0.110173570624479 -0.138312475232081 -0.163117004942882
  0.000000000000000  0.014111797588084 -0.053576722048465  0.054091849016021
 -0.197929047635647  0.000000000000000 -0.178801385934694  0.152482706919330
  0.029433653224672 -0.034911566241146  0.110173570624479  0.138312475232081
  0.163117004942882  0.000000000000000  0.152482706919330  0.014111797588084
 -0.053576722048465 -0.054091849016021  0.197929047635647  0.000000000000000
 -0.178801385934694  0.029433653224672  0.011523664808886 -0.044219404151401
 -0.083554030862216 -0.179589834028261  0.000000000000000 -0.146846666264116
   21 Orbital Energy    -0.605901 Occupation  1.000000 Symmetry Bu      
  0.025969375060286 -0.089606335069463 -0.163460059395987  0.069965675360926
  0.000000000000000 -0.041565229409771  0.135756549415346 -0.054826740052284
 -0.129045897450951  0.000000000000000  0.023334327270923 -0.078648348641130
  0.163169166103776  0.084943424758390  0.000000000000000 -0.025969375060286
  0.089606335069463 -0.163460059395987  0.069965675360926  0.000000000000000
  0.041565229409771 -0.135756549415346 -0.054826740052284 -0.129045897450951
  0.000000000000000  0.072576584795160 -0.111315613219552 -0.072576584795160
 -0.014018710700393  0.043870852636976  0.028162578101950  0.236965643358139
  0.000000000000000  0.006565811998753 -0.024699047582306  0.161648791449779
  0.150017558851952  0.000000000000000  0.079443547260721 -0.165559869278004
 -0.178470984621681  0.014018710700393 -0.043870852636976  0.028162578101950
  0.236965643358139  0.000000000000000  0.165559869278004 -0.006565811998753
  0.024699047582306  0.161648791449779  0.150017558851952  0.000000000000000
 -0.079443547260721  0.178470984621681 -0.023334327270923  0.078648348641130
  0.163169166103776  0.084943424758390  0.000000000000000  0.111315613219552
   22 Orbital Energy    -0.572465 Occupation  1.000000 Symmetry Bu      
  0.065726614214786 -0.222683511006499  0.060256848849344 -0.085613607546096
  0.000000000000000 -0.040889630075228  0.141397842766374  0.207647444427628
 -0.052893532524919  0.000000000000000  0.045280749895096 -0.154656431856255
 -0.134686033964763  0.185763541893493  0.000000000000000 -0.065726614214786
  0.222683511006499  0.060256848849344 -0.085613607546096  0.000000000000000
  0.040889630075228 -0.141397842766374  0.207647444427628 -0.052893532524919
  0.000000000000000  0.235535203401043 -0.224730496593981 -0.235535203401043
  0.015506416508866 -0.043567449802144  0.129663543796116 -0.007704561617976
  0.000000000000000 -0.011377179672331  0.046558222122290 -0.159218276430948
  0.017724038170689  0.000000000000000  0.040036071251398 -0.015964070672902
  0.118016793563913 -0.015506416508866  0.043567449802144  0.129663543796116
 -0.007704561617976  0.000000000000000  0.015964070672902  0.011377179672331
 -0.046558222122290 -0.159218276430948  0.017724038170689  0.000000000000000
 -0.040036071251398 -0.118016793563913 -0.045280749895096  0.154656431856255
 -0.134686033964763  0.185763541893493  0.000000000000000  0.224730496593981
   23 Orbital Energy    -0.553914 Occupation  1.000000 Symmetry Bu      
  0.019591278605795 -0.066214099813047  0.062330724846177  0.253768191471826
  0.000000000000000  0.011365473199897 -0.035764335190811  0.021990441157055
 -0.254690573849973  0.000000000000000 -0.001727251359379  0.003136419219491
  0.110392334517526  0.035819793779008  0.000000000000000 -0.019591278605795
  0.066214099813047  0.062330724846177  0.253768191471826  0.000000000000000
 -0.011365473199897  0.035764335190811  0.021990441157055 -0.254690573849973
  0.000000000000000  0.129647433182033 -0.032024817609276 -0.129647433182033
  0.002360016474963 -0.014526369155144 -0.184995481750532 -0.014063920038500
  0.000000000000000 -0.001134096324289 -0.006341750406525  0.047809312736510
 -0.251674659202214  0.000000000000000 -0.223306491429633 -0.013793961207278
  0.090510434471162 -0.002360016474963  0.014526369155144 -0.184995481750532
 -0.014063920038500  0.000000000000000  0.013793961207278  0.001134096324289
  0.006341750406525  0.047809312736510 -0.251674659202214  0.000000000000000
  0.223306491429633 -0.090510434471162  0.001727251359379 -0.003136419219491
  0.110392334517527  0.035819793779008  0.000000000000000  0.032024817609276
   24 Orbital Energy    -0.553346 Occupation  1.000000 Symmetry Ag      
  0.019878282997022 -0.065051630892392 -0.003265238335753 -0.015212898369982
  0.000000000000000  0.016295189420267 -0.059806499097888 -0.139194977185382
 -0.005715636362169  0.000000000000000 -0.023298867209582  0.077542473564626
  0.073931138725985  0.031352223150613  0.000000000000000  0.019878282997022
 -0.065051630892392  0.003265238335753  0.015212898369982  0.000000000000000
  0.016295189420267 -0.059806499097888  0.139194977185382  0.005715636362169
  0.000000000000000 -0.116351623049548  0.004038608411456 -0.116351623049548
 -0.025534797336216  0.074557487760230 -0.162274046289368  0.208709393064904
  0.000000000000000 -0.003679967459402 -0.000846129275398  0.323434561280485
  0.092723115698155  0.000000000000000  0.024660045084604 -0.151989460503989
 -0.267838965357735 -0.025534797336216  0.074557487760230  0.162274046289368
 -0.208709393064904  0.000000000000000 -0.151989460503989 -0.003679967459402
 -0.000846129275398 -0.323434561280485 -0.092723115698155  0.000000000000000
  0.024660045084604 -0.267838965357735 -0.023298867209582  0.077542473564626
 -0.073931138725985 -0.031352223150613  0.000000000000000  0.004038608411456
   25 Orbital Energy    -0.524847 Occupation  1.000000 Symmetry Bu      
 -0.003112397902138  0.010782644623842 -0.095775197130576  0.056343770921169
  0.000000000000000  0.018813914144233 -0.060532985918955  0.277174049645939
 -0.095845103924267  0.000000000000000  0.025763249394720 -0.082823215643212
 -0.049894844469695 -0.333616848001118  0.000000000000000  0.003112397902138
 -0.010782644623842 -0.095775197130576  0.056343770921169  0.000000000000000
 -0.018813914144233  0.060532985918955  0.277174049645939 -0.095845103924267
  0.000000000000000  0.222921992261212  0.259533689420703 -0.222921992261212
  0.001506605590357 -0.003423594084184  0.046898270394074  0.040030703515192
  0.000000000000000 -0.004215383597432  0.016353268576413 -0.008408090180414
  0.072080298987472  0.000000000000000  0.056651894561997 -0.020908054857220
 -0.023547331610276 -0.001506605590357  0.003423594084184  0.046898270394074
  0.040030703515192  0.000000000000000  0.020908054857220  0.004215383597432
 -0.016353268576413 -0.008408090180414  0.072080298987472  0.000000000000000
 -0.056651894561997  0.023547331610276 -0.025763249394720  0.082823215643212
 -0.049894844469695 -0.333616848001118  0.000000000000000 -0.259533689420703
   26 Orbital Energy    -0.496952 Occupation  1.000000 Symmetry Bu      
  0.002443201673825 -0.008844148377930 -0.223697879099565  0.112157206517666
  0.000000000000000 -0.005563650209045  0.015156921737729 -0.151176281935510
 -0.133629593512370  0.000000000000000  0.016833376396868 -0.060470849182601
  0.247656406925791 -0.035082379197387  0.000000000000000 -0.002443201673825
  0.008844148377930 -0.223697879099565  0.112157206517666  0.000000000000000
  0.005563650209045 -0.015156921737729 -0.151176281935510 -0.133629593512370
  0.000000000000000 -0.040095507732972  0.003654657289085  0.040095507732972
  0.000966041507330  0.011789311748676  0.242088552893278 -0.131151539154019
  0.000000000000000  0.018874267799174 -0.051958478249683 -0.265813736416406
  0.042018990827742  0.000000000000000  0.058184943437257  0.148747178735171
  0.152973374552685 -0.000966041507330 -0.011789311748676  0.242088552893278
 -0.131151539154019  0.000000000000000 -0.148747178735171 -0.018874267799174
  0.051958478249683 -0.265813736416406  0.042018990827742  0.000000000000000
 -0.058184943437257 -0.152973374552685 -0.016833376396868  0.060470849182601
  0.247656406925791 -0.035082379197387  0.000000000000000 -0.003654657289085
   27 Orbital Energy    -0.492867 Occupation  1.000000 Symmetry Ag      
  0.023376613977104 -0.083805937470555 -0.021905952784051  0.079691903113871
  0.000000000000000 -0.007136623899242  0.024148840648590 -0.111290751994595
 -0.101564705417355  0.000000000000000  0.004209361707480 -0.021381609725317
  0.086156763731369  0.161758134823553  0.000000000000000  0.023376613977104
 -0.083805937470555  0.021905952784051 -0.079691903113871  0.000000000000000
 -0.007136623899242  0.024148840648590  0.111290751994595  0.101564705417355
  0.000000000000000 -0.001780628825132 -0.156302542266600 -0.001780628825132
 -0.015214929315997  0.063518526790902  0.143178238972759 -0.171654420989571
  0.000000000000000  0.009820015045953 -0.025745680283853 -0.046920837139164
  0.297046669973406  0.000000000000000  0.273288333555920  0.202523184774993
 -0.146505017703008 -0.015214929315997  0.063518526790902 -0.143178238972759
  0.171654420989571  0.000000000000000  0.202523184774993  0.009820015045953
 -0.025745680283853  0.046920837139164 -0.297046669973406  0.000000000000000
  0.273288333555920 -0.146505017703008  0.004209361707480 -0.021381609725317
 -0.086156763731369 -0.161758134823553  0.000000000000000 -0.156302542266600
   28 Orbital Energy    -0.463801 Occupation  1.000000 Symmetry Au      
  0.000000000000000  0.000000000000000  0.000000000000000  0.000000000000000
  0.331463768954617  0.000000000000000  0.000000000000000  0.000000000000000
  0.000000000000000  0.301904374259291  0.000000000000000  0.000000000000000
  0.000000000000000  0.000000000000000  0.302668372403133  0.000000000000000
  0.000000000000000  0.000000000000000  0.000000000000000  0.331463768954617
  0.000000000000000  0.000000000000000  0.000000000000000  0.000000000000000
  0.301904374259291  0.000000000000000  0.000000000000000  0.000000000000000
  0.000000000000000  0.000000000000000  0.000000000000000  0.000000000000000
  0.165724546215290  0.000000000000000  0.000000000000000  0.000000000000000
  0.000000000000000  0.099178210781841  0.000000000000000  0.000000000000000
  0.000000000000000  0.000000000000000  0.000000000000000  0.000000000000000
  0.000000000000000  0.165724546215290  0.000000000000000  0.000000000000000
  0.000000000000000  0.000000000000000  0.000000000000000  0.099178210781841
  0.000000000000000  0.000000000000000  0.000000000000000  0.000000000000000
  0.000000000000000  0.000000000000000  0.302668372403134  0.000000000000000
   29 Orbital Energy    -0.446663 Occupation  1.000000 Symmetry Bu      
  0.010124559432330 -0.044174635600476 -0.201462847919382 -0.166467394776551
  0.000000000000000 -0.013767214779574  0.047434822271772 -0.034224999626867
  0.139040440290239  0.000000000000000  0.007625794597716 -0.024093004685236
 -0.011725607838277 -0.075393066586442  0.000000000000000 -0.010124559432330
  0.044174635600476 -0.201462847919382 -0.166467394776551  0.000000000000000
  0.013767214779574 -0.047434822271772 -0.034224999626867  0.139040440290239
  0.000000000000000 -0.058168645365938  0.049683862500252  0.058168645365938
 -0.003341947825513  0.010661329010572  0.101713796963768  0.260452586917973
  0.000000000000000 -0.002624466227193  0.012077246155937 -0.072449657206384
 -0.229382501736432  0.000000000000000 -0.225904084674633 -0.256932785359305
  0.212618260784149  0.003341947825513 -0.010661329010572  0.101713796963768
  0.260452586917973  0.000000000000000  0.256932785359305  0.002624466227193
 -0.012077246155937 -0.072449657206384 -0.229382501736432  0.000000000000000
  0.225904084674633 -0.212618260784149 -0.007625794597716  0.024093004685236
 -0.011725607838277 -0.075393066586442  0.000000000000000 -0.049683862500252
   30 Orbital Energy    -0.421405 Occupation  1.000000 Symmetry Ag      
 -0.002211453676392  0.016791262261704  0.299533215173428 -0.065954272494727
  0.000000000000000 -0.009416739665343  0.027504047130339 -0.249615959101595
  0.035539016849995  0.000000000000000  0.003652263804873 -0.011810364454092
  0.305034215324564 -0.061041887991820  0.000000000000000 -0.002211453676392
  0.016791262261704 -0.299533215173428  0.065954272494727  0.000000000000000
 -0.009416739665343  0.027504047130339  0.249615959101595 -0.035539016849995
  0.000000000000000 -0.251775128336444  0.048850093134062 -0.251775128336444
 -0.017627776461770  0.074168728438849  0.213105434169456  0.103337584360407
  0.000000000000000  0.008704147114039 -0.023433482157480 -0.142539441596772
 -0.013415024109948  0.000000000000000 -0.035628066177711 -0.050643882152048
  0.123926640036502 -0.017627776461770  0.074168728438849 -0.213105434169456
 -0.103337584360407  0.000000000000000 -0.050643882152048  0.008704147114039
 -0.023433482157480  0.142539441596772  0.013415024109948  0.000000000000000
 -0.035628066177711  0.123926640036502  0.003652263804873 -0.011810364454092
 -0.305034215324564  0.061041887991820  0.000000000000000  0.048850093134062
   31 Orbital Energy    -0.415633 Occupation  1.000000 Symmetry Ag      
 -0.006414082421733  0.032189348244010  0.027734945855297  0.307195878046766
  0.000000000000000  0.007041064877910 -0.021439122803065 -0.027557818490332
 -0.294935371489054  0.000000000000000 -0.011519380211044  0.035168737383405
  0.007491803679370  0.228160327495244  0.000000000000000 -0.006414082421733
  0.032189348244010 -0.027734945855297 -0.307195878046766  0.000000000000000
  0.007041064877910 -0.021439122803065  0.027557818490332  0.294935371489054
  0.000000000000000  0.128119852190991 -0.253077297829559  0.128119852190991
 -0.012703655905862  0.045753637227162  0.087026744805958  0.177427540011723
  0.000000000000000 -0.003161130700206  0.014144454789878 -0.018097360552560
 -0.112887637078329  0.000000000000000 -0.115961837843506 -0.182391433450810
  0.100077162442018 -0.012703655905862  0.045753637227162 -0.087026744805958
 -0.177427540011723  0.000000000000000 -0.182391433450810 -0.003161130700206
  0.014144454789878  0.018097360552560  0.112887637078329  0.000000000000000
 -0.115961837843506  0.100077162442018 -0.011519380211044  0.035168737383405
 -0.007491803679370 -0.228160327495244  0.000000000000000 -0.253077297829559
   32 Orbital Energy    -0.377079 Occupation  1.000000 Symmetry Bg      
  0.000000000000000  0.000000000000000  0.000000000000000  0.000000000000000
 -0.318698967100396  0.000000000000000  0.000000000000000  0.000000000000000
  0.000000000000000 -0.119955425062542  0.000000000000000  0.000000000000000
  0.000000000000000  0.000000000000000  0.123539709872972  0.000000000000000
  0.000000000000000  0.000000000000000  0.000000000000000  0.318698967100396
  0.000000000000000  0.000000000000000  0.000000000000000  0.000000000000000
  0.119955425062542  0.000000000000000  0.000000000000000  0.000000000000000
  0.000000000000000  0.000000000000000  0.000000000000000  0.000000000000000
  0.383279844002461  0.000000000000000  0.000000000000000  0.000000000000000
  0.000000000000000  0.306602234211268  0.000000000000000  0.000000000000000
  0.000000000000000  0.000000000000000  0.000000000000000  0.000000000000000
  0.000000000000000 -0.383279844002461  0.000000000000000  0.000000000000000
  0.000000000000000  0.000000000000000  0.000000000000000 -0.306602234211268
  0.000000000000000  0.000000000000000  0.000000000000000  0.000000000000000
  0.000000000000000  0.000000000000000 -0.123539709872972  0.000000000000000
   33 Orbital Energy    -0.315240 Occupation  1.000000 Symmetry Au      
  0.000000000000000  0.000000000000000  0.000000000000000  0.000000000000000
  0.039507644077480  0.000000000000000  0.000000000000000  0.000000000000000
  0.000000000000000  0.165138831215093  0.000000000000000  0.000000000000000
  0.000000000000000  0.000000000000000  0.164585614624734  0.000000000000000
  0.000000000000000  0.000000000000000  0.000000000000000  0.039507644077480
  0.000000000000000  0.000000000000000  0.000000000000000  0.000000000000000
  0.165138831215093  0.000000000000000  0.000000000000000  0.000000000000000
  0.000000000000000  0.000000000000000  0.000000000000000  0.000000000000000
 -0.415135043211293  0.000000000000000  0.000000000000000  0.000000000000000
  0.000000000000000 -0.426206044534671  0.000000000000000  0.000000000000000
  0.000000000000000  0.000000000000000  0.000000000000000  0.000000000000000
  0.000000000000000 -0.415135043211293  0.000000000000000  0.000000000000000
  0.000000000000000  0.000000000000000  0.000000000000000 -0.426206044534671
  0.000000000000000  0.000000000000000  0.000000000000000  0.000000000000000
  0.000000000000000  0.000000000000000  0.164585614624734  0.000000000000000
   34 Orbital Energy    -0.278284 Occupation  1.000000 Symmetry Bg      
  0.000000000000000  0.000000000000000  0.000000000000000  0.000000000000000
 -0.003543943497272  0.000000000000000  0.000000000000000  0.000000000000000
  0.000000000000000 -0.462183674400892  0.000000000000000  0.000000000000000
  0.000000000000000  0.000000000000000 -0.459166357010286  0.000000000000000
  0.000000000000000  0.000000000000000  0.000000000000000  0.003543943497272
  0.000000000000000  0.000000000000000  0.000000000000000  0.000000000000000
  0.462183674400892  0.000000000000000  0.000000000000000  0.000000000000000
  0.000000000000000  0.000000000000000  0.000000000000000  0.000000000000000
 -0.001388673768441  0.000000000000000  0.000000000000000  0.000000000000000
  0.000000000000000  0.000700422737001  0.000000000000000  0.000000000000000
  0.000000000000000  0.000000000000000  0.000000000000000  0.000000000000000
  0.000000000000000  0.001388673768441  0.000000000000000  0.000000000000000
  0.000000000000000  0.000000000000000  0.000000000000000 -0.000700422737001
  0.000000000000000  0.000000000000000  0.000000000000000  0.000000000000000
  0.000000000000000  0.000000000000000  0.459166357010286  0.000000000000000
   35 Orbital Energy    -0.222255 Occupation  1.000000 Symmetry Bg      
  0.000000000000000  0.000000000000000  0.000000000000000  0.000000000000000
  0.417935636306305  0.000000000000000  0.000000000000000  0.000000000000000
  0.000000000000000  0.229937098737964  0.000000000000000  0.000000000000000
  0.000000000000000  0.000000000000000 -0.233866810042098  0.000000000000000
  0.000000000000000  0.000000000000000  0.000000000000000 -0.417935636306305
  0.000000000000000  0.000000000000000  0.000000000000000  0.000000000000000
 -0.229937098737964  0.000000000000000  0.000000000000000  0.000000000000000
  0.000000000000000  0.000000000000000  0.000000000000000  0.000000000000000
  0.218226368316073  0.000000000000000  0.000000000000000  0.000000000000000
  0.000000000000000  0.358292778466067  0.000000000000000  0.000000000000000
  0.000000000000000  0.000000000000000  0.000000000000000  0.000000000000000
  0.000000000000000 -0.218226368316073  0.000000000000000  0.000000000000000
  0.000000000000000  0.000000000000000  0.000000000000000 -0.358292778466067
  0.000000000000000  0.000000000000000  0.000000000000000  0.000000000000000
  0.000000000000000  0.000000000000000  0.233866810042098  0.000000000000000
   36 Orbital Energy     0.198844 Occupation  0.000000 Symmetry Au      
  0.000000000000000  0.000000000000000  0.000000000000000  0.000000000000000
  0.471364025205118  0.000000000000000  0.000000000000000  0.000000000000000
  0.000000000000000 -0.277604035530280  0.000000000000000  0.000000000000000
  0.000000000000000  0.000000000000000 -0.250645081075233  0.000000000000000
  0.000000000000000  0.000000000000000  0.000000000000000  0.471364025205118
  0.000000000000000  0.000000000000000  0.000000000000000  0.000000000000000
 -0.277604035530280  0.000000000000000  0.000000000000000  0.000000000000000
  0.000000000000000  0.000000000000000  0.000000000000000  0.000000000000000
  0.247006898885896  0.000000000000000  0.000000000000000  0.000000000000000
  0.000000000000000 -0.415268301951355  0.000000000000000  0.000000000000000
  0.000000000000000  0.000000000000000  0.000000000000000  0.000000000000000
  0.000000000000000  0.247006898885896  0.000000000000000  0.000000000000000
  0.000000000000000  0.000000000000000  0.000000000000000 -0.415268301951355
  0.000000000000000  0.000000000000000  0.000000000000000  0.000000000000000
  0.000000000000000  0.000000000000000 -0.250645081075233  0.000000000000000
   37 Orbital Energy     0.268821 Occupation  0.000000 Symmetry Au      
  0.000000000000000  0.000000000000000  0.000000000000000  0.000000000000000
  0.021805067325821  0.000000000000000  0.000000000000000  0.000000000000000
  0.000000000000000  0.558408535586762  0.000000000000000  0.000000000000000
  0.000000000000000  0.000000000000000 -0.578426705355876  0.000000000000000
  0.000000000000000  0.000000000000000  0.000000000000000  0.021805067325821
  0.000000000000000  0.000000000000000  0.000000000000000  0.000000000000000
  0.558408535586762  0.000000000000000  0.000000000000000  0.000000000000000
  0.000000000000000  0.000000000000000  0.000000000000000  0.000000000000000
 -0.004097883119447  0.000000000000000  0.000000000000000  0.000000000000000
  0.000000000000000 -0.003079435709650  0.000000000000000  0.000000000000000
  0.000000000000000  0.000000000000000  0.000000000000000  0.000000000000000
  0.000000000000000 -0.004097883119447  0.000000000000000  0.000000000000000
  0.000000000000000  0.000000000000000  0.000000000000000 -0.003079435709650
  0.000000000000000  0.000000000000000  0.000000000000000  0.000000000000000
  0.000000000000000  0.000000000000000 -0.578426705355877  0.000000000000000
   38 Orbital Energy     0.308679 Occupation  0.000000 Symmetry Bg      
  0.000000000000000  0.000000000000000  0.000000000000000  0.000000000000000
 -0.037619415747765  0.000000000000000  0.000000000000000  0.000000000000000
  0.000000000000000  0.220360307465649  0.000000000000000  0.000000000000000
  0.000000000000000  0.000000000000000 -0.225479290771829  0.000000000000000
  0.000000000000000  0.000000000000000  0.000000000000000  0.037619415747765
  0.000000000000000  0.000000000000000  0.000000000000000  0.000000000000000
 -0.220360307465649  0.000000000000000  0.000000000000000  0.000000000000000
  0.000000000000000  0.000000000000000  0.000000000000000  0.000000000000000
  0.524427258613884  0.000000000000000  0.000000000000000  0.000000000000000
  0.000000000000000 -0.531266793601935  0.000000000000000  0.000000000000000
  0.000000000000000  0.000000000000000  0.000000000000000  0.000000000000000
  0.000000000000000 -0.524427258613884  0.000000000000000  0.000000000000000
  0.000000000000000  0.000000000000000  0.000000000000000  0.531266793601935
  0.000000000000000  0.000000000000000  0.000000000000000  0.000000000000000
  0.000000000000000  0.000000000000000  0.225479290771829  0.000000000000000
   39 Orbital Energy     0.397079 Occupation  0.000000 Symmetry Au      
  0.000000000000000  0.000000000000000  0.000000000000000  0.000000000000000
 -0.473800192610187  0.000000000000000  0.000000000000000  0.000000000000000
  0.000000000000000  0.187342651584344  0.000000000000000  0.000000000000000
  0.000000000000000  0.000000000000000  0.161395329470488  0.000000000000000
  0.000000000000000  0.000000000000000  0.000000000000000 -0.473800192610187
  0.000000000000000  0.000000000000000  0.000000000000000  0.000000000000000
  0.187342651584344  0.000000000000000  0.000000000000000  0.000000000000000
  0.000000000000000  0.000000000000000  0.000000000000000  0.000000000000000
  0.535031030118331  0.000000000000000  0.000000000000000  0.000000000000000
  0.000000000000000 -0.407092868587234  0.000000000000000  0.000000000000000
  0.000000000000000  0.000000000000000  0.000000000000000  0.000000000000000
  0.000000000000000  0.535031030118331  0.000000000000000  0.000000000000000
  0.000000000000000  0.000000000000000  0.000000000000000 -0.407092868587234
  0.000000000000000  0.000000000000000  0.000000000000000  0.000000000000000
  0.000000000000000  0.000000000000000  0.161395329470488  0.000000000000000
   40 Orbital Energy     0.522020 Occupation  0.000000 Symmetry Bg      
  0.000000000000000  0.000000000000000  0.000000000000000  0.000000000000000
  0.538791351569747  0.000000000000000  0.000000000000000  0.000000000000000
  0.000000000000000 -0.471819799139327  0.000000000000000  0.000000000000000
  0.000000000000000  0.000000000000000  0.469401945568193  0.000000000000000
  0.000000000000000  0.000000000000000  0.000000000000000 -0.538791351569747
  0.000000000000000  0.000000000000000  0.000000000000000  0.000000000000000
  0.471819799139327  0.000000000000000  0.000000000000000  0.000000000000000
  0.000000000000000  0.000000000000000  0.000000000000000  0.000000000000000
  0.278707410188753  0.000000000000000  0.000000000000000  0.000000000000000
  0.000000000000000 -0.158261263264438  0.000000000000000  0.000000000000000
  0.000000000000000  0.000000000000000  0.000000000000000  0.000000000000000
  0.000000000000000 -0.278707410188753  0.000000000000000  0.000000000000000
  0.000000000000000  0.000000000000000  0.000000000000000  0.158261263264438
  0.000000000000000  0.000000000000000  0.000000000000000  0.000000000000000
  0.000000000000000  0.000000000000000 -0.469401945568193  0.000000000000000
   41 Orbital Energy     0.564713 Occupation  0.000000 Symmetry Ag      
  0.063506647335760 -0.380426659362647 -0.223863475972801 -0.170588655842552
  0.000000000000000  0.048272377139841 -0.297372823008640 -0.194365249487109
  0.153553502316954  0.000000000000000  0.029047011575335 -0.182130611669663
 -0.038646479479401  0.314142289990758  0.000000000000000  0.063506647335760
 -0.380426659362647  0.223863475972801  0.170588655842552  0.000000000000000
  0.048272377139841 -0.297372823008640  0.194365249487109 -0.153553502316954
  0.000000000000000  0.433941469858088  0.420493053007024  0.433941469858088
 -0.047428097182762  0.271810796826343  0.230254740855143  0.333572985050137
  0.000000000000000  0.039992251197138 -0.235905726041943  0.097058024771847
  0.182667634596108  0.000000000000000 -0.104655844022999  0.145220425908177
  0.351891289025300 -0.047428097182762  0.271810796826343 -0.230254740855143
 -0.333572985050137  0.000000000000000  0.145220425908177  0.039992251197138
 -0.235905726041943 -0.097058024771847 -0.182667634596108  0.000000000000000
 -0.104655844022999  0.351891289025300  0.029047011575335 -0.182130611669663
  0.038646479479401 -0.314142289990758  0.000000000000000  0.420493053007024
   42 Orbital Energy     0.575650 Occupation  0.000000 Symmetry Bu      
  0.030273886815907 -0.180850075360010 -0.016149011977400 -0.303757816753676
  0.000000000000000 -0.014417826160252  0.089133218871358  0.096872123972970
 -0.271201843278794  0.000000000000000  0.004661236417726 -0.022384369463017
  0.113254359220225 -0.336959304691392  0.000000000000000 -0.030273886815907
  0.180850075360010 -0.016149011977400 -0.303757816753676  0.000000000000000
  0.014417826160252 -0.089133218871358  0.096872123972970 -0.271201843278794
  0.000000000000000 -0.274242644230119 -0.316765616726094  0.274242644230119
 -0.013744162097734  0.083895564404842 -0.078051693657065 -0.397399130645514
  0.000000000000000 -0.001315144680696  0.013310467617472 -0.067783534148001
 -0.341620266831471  0.000000000000000  0.322501205688350 -0.449685950434918
 -0.281332079484161  0.013744162097734 -0.083895564404842 -0.078051693657065
 -0.397399130645514  0.000000000000000  0.449685950434918  0.001315144680696
 -0.013310467617472 -0.067783534148001 -0.341620266831471  0.000000000000000
 -0.322501205688350  0.281332079484161 -0.004661236417726  0.022384369463017
  0.113254359220225 -0.336959304691392  0.000000000000000  0.316765616726094
   43 Orbital Energy     0.621723 Occupation  0.000000 Symmetry Ag      
 -0.020600349725449  0.126010908807606 -0.109519076357345  0.079222498933759
  0.000000000000000  0.016019342044209 -0.104709060671637 -0.247464430278888
  0.098239430715139  0.000000000000000  0.064076938452101 -0.397854730030501
  0.106936030169466  0.042366468658487  0.000000000000000 -0.020600349725449
  0.126010908807606  0.109519076357345 -0.079222498933759  0.000000000000000
  0.016019342044209 -0.104709060671637  0.247464430278888 -0.098239430715139
  0.000000000000000  0.280579492074324  0.288594938209803  0.280579492074324
 -0.064603988241533  0.394876570707550  0.040103574213273 -0.351932436746428
  0.000000000000000  0.018991004317815 -0.106565487329438 -0.134165020828909
 -0.361989027531849  0.000000000000000  0.384911659760447 -0.586057370345909
 -0.257836433620557 -0.064603988241533  0.394876570707550 -0.040103574213273
  0.351932436746428  0.000000000000000 -0.586057370345909  0.018991004317815
 -0.106565487329438  0.134165020828909  0.361989027531849  0.000000000000000
  0.384911659760447 -0.257836433620557  0.064076938452101 -0.397854730030501
 -0.106936030169466 -0.042366468658487  0.000000000000000  0.288594938209803
   44 Orbital Energy     0.625586 Occupation  0.000000 Symmetry Bu      
 -0.054730607689436  0.322418640406472  0.455257381423664  0.067446563942070
  0.000000000000000  0.000390472251167  0.004148020177076  0.397125522372503
 -0.145240887503238  0.000000000000000 -0.023339929580933  0.145455002392476
  0.248730582869703 -0.043767002507144  0.000000000000000  0.054730607689436
 -0.322418640406472  0.455257381423664  0.067446563942070  0.000000000000000
 -0.000390472251167 -0.004148020177076  0.397125522372503 -0.145240887503238
  0.000000000000000 -0.414801943090864 -0.104297028726703  0.414801943090864
 -0.088708643048075  0.526320091532280  0.277485444491589  0.175927455465266
  0.000000000000000  0.055021805512012 -0.329231523203370  0.118840802261105
  0.159946997361023  0.000000000000000 -0.006675806498683 -0.129335813444198
  0.383653568496755  0.088708643048075 -0.526320091532280  0.277485444491589
  0.175927455465266  0.000000000000000  0.129335813444198 -0.055021805512012
  0.329231523203370  0.118840802261105  0.159946997361023  0.000000000000000
  0.006675806498683 -0.383653568496755  0.023339929580933 -0.145455002392476
  0.248730582869703 -0.043767002507144  0.000000000000000  0.104297028726703
   45 Orbital Energy     0.658869 Occupation  0.000000 Symmetry Ag      
  0.043958369619863 -0.269784359497029 -0.221776087026500  0.189303159309662
  0.000000000000000 -0.093528197061541  0.580113911539413 -0.034047517338446
  0.015600165557136  0.000000000000000  0.074541768495906 -0.463882785477420
 -0.153800565689494  0.008715099972442  0.000000000000000  0.043958369619863
 -0.269784359497029  0.221776087026500 -0.189303159309662  0.000000000000000
 -0.093528197061541  0.580113911539413  0.034047517338446 -0.015600165557136
  0.000000000000000 -0.203056322715338  0.245621542029386 -0.203056322715338
 -0.015554801672557  0.103495497065088  0.262359410318246 -0.046153792836751
  0.000000000000000 -0.108306321637379  0.688410412999657 -0.151088879660712
  0.206831840379703  0.000000000000000 -0.539728689956236 -0.128874513692435
 -0.336696283719204 -0.015554801672557  0.103495497065088 -0.262359410318246
  0.046153792836751  0.000000000000000 -0.128874513692435 -0.108306321637379
  0.688410412999657  0.151088879660712 -0.206831840379703  0.000000000000000
 -0.539728689956236 -0.336696283719204  0.074541768495906 -0.463882785477420
  0.153800565689494 -0.008715099972442  0.000000000000000  0.245621542029386
   46 Orbital Energy     0.660196 Occupation  0.000000 Symmetry Bu      
 -0.082701707629559  0.492907505648618  0.064969149379887 -0.104353683540928
  0.000000000000000  0.099629148404133 -0.611350108727393 -0.104360600978243
 -0.047737327627865  0.000000000000000 -0.076443761577981  0.462871136659797
  0.059274916499684 -0.103355271607946  0.000000000000000  0.082701707629559
 -0.492907505648618  0.064969149379887 -0.104353683540928  0.000000000000000
 -0.099629148404133  0.611350108727393 -0.104360600978243 -0.047737327627865
  0.000000000000000  0.327988358350838 -0.344419849054364 -0.327988358350838
 -0.039441201070437  0.252202664644666  0.227326086383362 -0.078028991261221
  0.000000000000000 -0.083580066414416  0.534243681982719 -0.194493309165684
  0.211176807619894  0.000000000000000 -0.461482494248688 -0.190523681974233
 -0.290124100448268  0.039441201070437 -0.252202664644666  0.227326086383362
 -0.078028991261221  0.000000000000000  0.190523681974233  0.083580066414416
 -0.534243681982719 -0.194493309165684  0.211176807619894  0.000000000000000
  0.461482494248688  0.290124100448268  0.076443761577981 -0.462871136659797
  0.059274916499684 -0.103355271607946  0.000000000000000  0.344419849054364
   47 Orbital Energy     0.678306 Occupation  0.000000 Symmetry Bu      
  0.015734493892440 -0.101984940052204  0.208777495582733  0.185114400896285
  0.000000000000000 -0.002871059446999  0.006071411206051  0.038305610180490
  0.229134768879627  0.000000000000000  0.055544617206497 -0.349986332443018
  0.197624527345424  0.409583844719322  0.000000000000000 -0.015734493892440
  0.101984940052204  0.208777495582733  0.185114400896285  0.000000000000000
  0.002871059446999 -0.006071411206051  0.038305610180490  0.229134768879627
  0.000000000000000  0.056610792181174  0.594630458669690 -0.056610792181174
 -0.074732487074307  0.475903247985358  0.132604176834159 -0.190962804722316
  0.000000000000000 -0.020756910674791  0.141101889188299 -0.269202060644197
 -0.121282027889158  0.000000000000000  0.025593947813489 -0.441265132622617
 -0.329814267090695  0.074732487074307 -0.475903247985358  0.132604176834159
 -0.190962804722316  0.000000000000000  0.441265132622617  0.020756910674791
 -0.141101889188299 -0.269202060644197 -0.121282027889158  0.000000000000000
 -0.025593947813489  0.329814267090695 -0.055544617206497  0.349986332443018
  0.197624527345424  0.409583844719322  0.000000000000000 -0.594630458669690
   48 Orbital Energy     0.694498 Occupation  0.000000 Symmetry Ag      
  0.129700686250590 -0.798233361221492 -0.007039435802498  0.047559354052531
  0.000000000000000 -0.075000278651920  0.475505474754226  0.157965743291931
  0.287656610461106  0.000000000000000 -0.068439734841991  0.434130466682742
 -0.276041414616756 -0.103099221917079  0.000000000000000  0.129700686250590
 -0.798233361221492  0.007039435802498 -0.047559354052531  0.000000000000000
 -0.075000278651920  0.475505474754226 -0.157965743291931 -0.287656610461106
  0.000000000000000 -0.225117974313960 -0.286308661746254 -0.225117974313960
 -0.093991535348833  0.576473826301934  0.132673444917027 -0.076270935740319
  0.000000000000000  0.063399090736002 -0.390604121751682  0.051017925500869
  0.049509212732817  0.000000000000000  0.172432976206236 -0.367767192566689
  0.267035716960600 -0.093991535348833  0.576473826301934 -0.132673444917027
  0.076270935740319  0.000000000000000 -0.367767192566689  0.063399090736002
 -0.390604121751682 -0.051017925500869 -0.049509212732817  0.000000000000000
  0.172432976206236  0.267035716960600 -0.068439734841991  0.434130466682742
  0.276041414616756  0.103099221917079  0.000000000000000 -0.286308661746254
   49 Orbital Energy     0.705571 Occupation  0.000000 Symmetry Bu      
 -0.061299806712463  0.369047140545410 -0.148625207116492  0.092430659281461
  0.000000000000000  0.068598062219626 -0.427070245618794 -0.196220512103963
  0.120920084778997  0.000000000000000 -0.058758128134735  0.360742862534214
 -0.162117229873683  0.096445396040813  0.000000000000000  0.061299806712463
 -0.369047140545410 -0.148625207116492  0.092430659281461  0.000000000000000
 -0.068598062219626  0.427070245618794 -0.196220512103963  0.120920084778997
  0.000000000000000  0.483862127751752 -0.083422182091559 -0.483862127751752
 -0.070411250696825  0.432589648103297 -0.095481585557235 -0.090449408554626
  0.000000000000000  0.111193428289931 -0.706931642880963  0.066614960859410
 -0.124614966702622  0.000000000000000  0.513840126959174 -0.293118532505395
  0.322624184403266  0.070411250696825 -0.432589648103297 -0.095481585557235
 -0.090449408554626  0.000000000000000  0.293118532505395 -0.111193428289931
  0.706931642880963  0.066614960859410 -0.124614966702622  0.000000000000000
 -0.513840126959174 -0.322624184403266  0.058758128134735 -0.360742862534214
 -0.162117229873683  0.096445396040813  0.000000000000000  0.083422182091559
   50 Orbital Energy     0.740057 Occupation  0.000000 Symmetry Ag      
 -0.040776351356010  0.257654248751821 -0.158404106106326  0.311064729288232
  0.000000000000000 -0.094848159281423  0.610333404339114 -0.121397893511088
 -0.208350893489544  0.000000000000000  0.113914732839038 -0.730305743472220
 -0.073505896063009 -0.106877708107703  0.000000000000000 -0.040776351356010
  0.257654248751821  0.158404106106326 -0.311064729288232  0.000000000000000
 -0.094848159281423  0.610333404339114  0.121397893511088  0.208350893489544
  0.000000000000000 -0.336230342599238  0.244524245089620 -0.336230342599238
  0.033394438530497 -0.234272478396937 -0.081915501206871  0.013776176884811
  0.000000000000000  0.060687782656377 -0.395703491219453  0.397067553205464
 -0.008197610631822  0.000000000000000  0.284698855014896  0.090846313961824
  0.456595709794697  0.033394438530497 -0.234272478396937  0.081915501206871
 -0.013776176884811  0.000000000000000  0.090846313961824  0.060687782656377
 -0.395703491219453 -0.397067553205464  0.008197610631822  0.000000000000000
  0.284698855014896  0.456595709794697  0.113914732839038 -0.730305743472220
  0.073505896063009  0.106877708107703  0.000000000000000  0.244524245089620
   51 Orbital Energy     0.802971 Occupation  0.000000 Symmetry Ag      
  0.068396899248117 -0.463337229842014  0.517329255199256  0.299046016078273
  0.000000000000000 -0.047994647377859  0.316426886349959 -0.103557441465393
  0.295511257418090  0.000000000000000 -0.014075667179405  0.094113461156667
 -0.294256365858192  0.383102517982734  0.000000000000000  0.068396899248117
 -0.463337229842014 -0.517329255199256 -0.299046016078273  0.000000000000000
 -0.047994647377859  0.316426886349959  0.103557441465393 -0.295511257418090
  0.000000000000000  0.040563718738469  0.249593480394113  0.040563718738469
  0.072190962726202 -0.479870381584351 -0.030888950174930  0.156848452643679
  0.000000000000000 -0.018290204752006  0.115616195776303 -0.013829256643106
 -0.383617732670876  0.000000000000000  0.249557623723152  0.308854157236822
 -0.256131171673772  0.072190962726202 -0.479870381584351  0.030888950174930
 -0.156848452643679  0.000000000000000  0.308854157236822 -0.018290204752006
  0.115616195776303  0.013829256643106  0.383617732670876  0.000000000000000
  0.249557623723152 -0.256131171673772 -0.014075667179405  0.094113461156667
  0.294256365858192 -0.383102517982734  0.000000000000000  0.249593480394113
   52 Orbital Energy     0.825002 Occupation  0.000000 Symmetry Bu      
 -0.003359805319784  0.012353464060622 -0.236306905914047  0.508453660788876
  0.000000000000000 -0.034522104880775  0.243809013543912  0.390304311700591
  0.334229312558232  0.000000000000000 -0.094762197907893  0.644901514921462
 -0.094729637583684 -0.046846300571890  0.000000000000000  0.003359805319784
 -0.012353464060622 -0.236306905914047  0.508453660788876  0.000000000000000
  0.034522104880775 -0.243809013543912  0.390304311700591  0.334229312558232
  0.000000000000000 -0.208007663671785 -0.299745303016551  0.208007663671785
 -0.026788835580879  0.198038791158285 -0.136799222285478  0.243333828401264
  0.000000000000000  0.009741495107706 -0.077405882725462 -0.457164167119647
 -0.175898733551179  0.000000000000000  0.102342514052979  0.151087496580543
 -0.356261477297961  0.026788835580879 -0.198038791158285 -0.136799222285478
  0.243333828401264  0.000000000000000 -0.151087496580543 -0.009741495107706
  0.077405882725462 -0.457164167119647 -0.175898733551179  0.000000000000000
 -0.102342514052979  0.356261477297961  0.094762197907893 -0.644901514921462
 -0.094729637583684 -0.046846300571890  0.000000000000000  0.299745303016551
   53 Orbital Energy     0.860155 Occupation  0.000000 Symmetry Ag      
 -0.001977074799969  0.020063985442881  0.012103971346849 -0.221883915940314
  0.000000000000000  0.004409255060685 -0.037564992999005  0.540411402613490
 -0.375738051462261  0.000000000000000 -0.002968765433177  0.026471967538090
  0.026658553162505  0.559660013396489  0.000000000000000 -0.001977074799969
  0.020063985442881 -0.012103971346849  0.221883915940314  0.000000000000000
  0.004409255060685 -0.037564992999005 -0.540411402613490  0.375738051462261
  0.000000000000000 -0.509420733638483  0.441063355450039 -0.509420733638483
 -0.052714770002674  0.367888299972936 -0.197951990486351  0.077855939298147
  0.000000000000000  0.041261462241829 -0.287358146004540 -0.305731672406811
  0.005528302551148  0.000000000000000  0.119574163393813 -0.084648344937653
 -0.076707405875126 -0.052714770002674  0.367888299972936  0.197951990486351
 -0.077855939298147  0.000000000000000 -0.084648344937653  0.041261462241829
 -0.287358146004540  0.305731672406811 -0.005528302551148  0.000000000000000
  0.119574163393813 -0.076707405875126 -0.002968765433177  0.026471967538090
 -0.026658553162505 -0.559660013396488  0.000000000000000  0.441063355450039
   54 Orbital Energy     0.888799 Occupation  0.000000 Symmetry Bu      
  0.049558769203686 -0.348590479705395  0.088833666084820 -0.246452856334880
  0.000000000000000  0.087908645306897 -0.612792182744947  0.268461589425365
  0.402436670021594  0.000000000000000 -0.035169943253198  0.242298573598055
  0.736231659431759  0.051081194967155  0.000000000000000 -0.049558769203686
  0.348590479705395  0.088833666084820 -0.246452856334880  0.000000000000000
 -0.087908645306897  0.612792182744947  0.268461589425365  0.402436670021594
  0.000000000000000  0.252146252344355 -0.059258642940574 -0.252146252344355
  0.062318290814110 -0.436118988017224  0.081371101354641  0.117567849946321
  0.000000000000000 -0.009878048742333  0.065727242375584  0.187346973714808
 -0.271341759093438  0.000000000000000  0.235045059165669  0.266416404273120
 -0.037921832953291 -0.062318290814110  0.436118988017224  0.081371101354641
  0.117567849946321  0.000000000000000 -0.266416404273120  0.009878048742333
 -0.065727242375584  0.187346973714808 -0.271341759093438  0.000000000000000
 -0.235045059165669  0.037921832953291  0.035169943253198 -0.242298573598055
  0.736231659431759  0.051081194967155  0.000000000000000  0.059258642940574
   55 Orbital Energy     0.921175 Occupation  0.000000 Symmetry Bu      
  0.095099605416286 -0.653235611493616 -0.113568060179544  0.157534233712747
  0.000000000000000 -0.026661430491371  0.175739826788873  0.079027785539399
  0.447976309857689  0.000000000000000 -0.009856413864110  0.082486350000058
  0.232466450289662 -0.207497720005849  0.000000000000000 -0.095099605416286
  0.653235611493616 -0.113568060179544  0.157534233712747  0.000000000000000
  0.026661430491371 -0.175739826788873  0.079027785539399  0.447976309857689
  0.000000000000000  0.029787082066745 -0.148429959122979 -0.029787082066745
 -0.016530571346433  0.136205839494337 -0.359375054662236 -0.435463169885992
  0.000000000000000  0.017536141504987 -0.128256980937649  0.063793671365140
  0.551822666947161  0.000000000000000 -0.341339472719217 -0.323715626118655
  0.331281718864255  0.016530571346433 -0.136205839494337 -0.359375054662236
 -0.435463169885992  0.000000000000000  0.323715626118655 -0.017536141504987
  0.128256980937649  0.063793671365140  0.551822666947161  0.000000000000000
  0.341339472719217 -0.331281718864255  0.009856413864110 -0.082486350000058
  0.232466450289662 -0.207497720005849  0.000000000000000  0.148429959122979
   56 Orbital Energy     0.939774 Occupation  0.000000 Symmetry Ag      
  0.014311239050505 -0.085685715636623 -0.306840992600349 -0.218096980978257
  0.000000000000000 -0.031666494062666  0.221185477251116 -0.257338550021933
 -0.251256689705127  0.000000000000000  0.028106356054671 -0.200942696300829
 -0.283311699834795 -0.379034203884653  0.000000000000000  0.014311239050505
 -0.085685715636623  0.306840992600349  0.218096980978257  0.000000000000000
 -0.031666494062666  0.221185477251116  0.257338550021933  0.251256689705127
  0.000000000000000 -0.037007124614138 -0.217135220194800 -0.037007124614138
 -0.043213347297101  0.306254627121213 -0.041477692259047  0.575866108082222
  0.000000000000000  0.032530813302824 -0.240891668028871 -0.469296492291002
 -0.299334489011053  0.000000000000000  0.264804204831479  0.310728184903627
 -0.321580786424136 -0.043213347297101  0.306254627121213  0.041477692259047
 -0.575866108082222  0.000000000000000  0.310728184903627  0.032530813302824
 -0.240891668028871  0.469296492291002  0.299334489011053  0.000000000000000
  0.264804204831479 -0.321580786424136  0.028106356054671 -0.200942696300829
  0.283311699834795  0.379034203884653  0.000000000000000 -0.217135220194801
   57 Orbital Energy     0.990253 Occupation  0.000000 Symmetry Ag      
  0.017063316314096 -0.108637578998834 -0.423818681443701 -0.037692988565858
  0.000000000000000  0.016869172288576 -0.124573147625630  0.423407472324943
  0.087612464278217  0.000000000000000 -0.018134190007062  0.132277058954932
  0.386224696027772  0.007433722225800  0.000000000000000  0.017063316314096
 -0.108637578998834  0.423818681443701  0.037692988565858  0.000000000000000
  0.016869172288576 -0.124573147625630 -0.423407472324943 -0.087612464278217
  0.000000000000000 -0.200054645492032 -0.047784544838961 -0.200054645492032
  0.036248833498239 -0.296151939584249  0.676176128825527  0.121691783572599
  0.000000000000000 -0.046466266328398  0.356396547648557  0.361715396677903
 -0.493001066325840  0.000000000000000  0.271282178238098  0.143602404968901
 -0.122771139367587  0.036248833498239 -0.296151939584249 -0.676176128825527
 -0.121691783572599  0.000000000000000  0.143602404968901 -0.046466266328398
  0.356396547648557 -0.361715396677903  0.493001066325840  0.000000000000000
  0.271282178238098 -0.122771139367587 -0.018134190007062  0.132277058954932
 -0.386224696027773 -0.007433722225800  0.000000000000000 -0.047784544838961
   58 Orbital Energy     1.027158 Occupation  0.000000 Symmetry Bu      
  0.020128439689572 -0.143648795323686  0.280761056998230 -0.396974658640690
  0.000000000000000  0.021704743184143 -0.163831174580143 -0.189038185692487
 -0.116832036741082  0.000000000000000  0.046551970888347 -0.340684174521237
  0.194669605142973 -0.145432278885139  0.000000000000000 -0.020128439689572
  0.143648795323686  0.280761056998230 -0.396974658640690  0.000000000000000
 -0.021704743184143  0.163831174580143 -0.189038185692487 -0.116832036741082
  0.000000000000000  0.106948493082752  0.021385188898813 -0.106948493082752
 -0.058230959142946  0.451070762209302 -0.627337832438879  0.431255165618262
  0.000000000000000  0.068225028578492 -0.525296265154499 -0.632934652962441
  0.195638109569878  0.000000000000000 -0.012671841660869  0.181453723819123
 -0.096617084456213  0.058230959142946 -0.451070762209302 -0.627337832438879
  0.431255165618262  0.000000000000000 -0.181453723819123 -0.068225028578492
  0.525296265154499 -0.632934652962441  0.195638109569878  0.000000000000000
  0.012671841660869  0.096617084456213 -0.046551970888347  0.340684174521237
  0.194669605142973 -0.145432278885139  0.000000000000000 -0.021385188898813
   59 Orbital Energy     1.108284 Occupation  0.000000 Symmetry Ag      
  0.004755955360294 -0.031728154582967  0.277288947463226 -0.656971750225883
  0.000000000000000  0.006852103260002 -0.046385754609414 -0.260786968263771
 -0.557277667942962  0.000000000000000 -0.006857682366626  0.047053086238077
 -0.598509956621762  0.054228364903405  0.000000000000000  0.004755955360294
 -0.031728154582967 -0.277288947463226  0.656971750225883  0.000000000000000
  0.006852103260002 -0.046385754609414  0.260786968263771  0.557277667942962
  0.000000000000000 -0.040956859026112  0.007669695220492 -0.040956859026112
  0.023893492958849 -0.195620992194889  0.418768837678274 -0.295625086876152
  0.000000000000000 -0.038083437691192  0.304684038655164  0.362858207552249
 -0.131166604287305  0.000000000000000  0.032795257819074 -0.158492966103142
  0.045828805691663  0.023893492958849 -0.195620992194889 -0.418768837678274
  0.295625086876152  0.000000000000000 -0.158492966103142 -0.038083437691192
  0.304684038655164 -0.362858207552249  0.131166604287305  0.000000000000000
  0.032795257819074  0.045828805691663 -0.006857682366626  0.047053086238077
  0.598509956621762 -0.054228364903405  0.000000000000000  0.007669695220492
   60 Orbital Energy     1.125277 Occupation  0.000000 Symmetry Bu      
  0.042656868707169 -0.323377164213967  0.573566852351194  0.372460885471898
  0.000000000000000 -0.055993535414567  0.415537718564384 -0.526841242049008
  0.348824556213484  0.000000000000000  0.050323186426522 -0.371169112314543
 -0.046594210226810 -0.611227193442971  0.000000000000000 -0.042656868707169
  0.323377164213967  0.573566852351194  0.372460885471898  0.000000000000000
  0.055993535414567 -0.415537718564384 -0.526841242049008  0.348824556213484
  0.000000000000000  0.275143304725631 -0.269577639651442 -0.275143304725631
 -0.013928882224175  0.086649169463289  0.340601145459467  0.139493211941507
  0.000000000000000 -0.009323803141764  0.082064843920061  0.070012418601949
 -0.206528337897771  0.000000000000000  0.135309004471749  0.046290276233379
 -0.065781766979020  0.013928882224175 -0.086649169463289  0.340601145459467
  0.139493211941507  0.000000000000000 -0.046290276233379  0.009323803141764
 -0.082064843920061  0.070012418601949 -0.206528337897771  0.000000000000000
 -0.135309004471749  0.065781766979020 -0.050323186426522  0.371169112314543
 -0.046594210226810 -0.611227193442971  0.000000000000000  0.269577639651442
&
&valid
version=1.0
geometry
atom_num=20
   6     1.2665285000     0.6759230000     0.0000000000
   6     1.1952730000    -0.7434430000     0.0000000000
   6    -0.0429675000    -1.4013580000     0.0000000000
   6    -1.2665285000    -0.6759230000     0.0000000000
   6    -1.1952730000     0.7434430000     0.0000000000
   1     2.1195675000    -1.3354300000     0.0000000000
   1    -0.0745205000    -2.4995670000     0.0000000000
   1    -2.1195675000     1.3354300000     0.0000000000
   6    -2.5613295000    -1.4284630000     0.0000000000
   6    -3.7965105000    -0.8980075000     0.0000000000
   1    -3.9756205000     0.1832480000     0.0000000000
   1    -2.4514365000    -2.5233690000     0.0000000000
   1    -4.6886295000    -1.5350630000     0.0000000000
   6     2.5613295000     1.4284630000     0.0000000000
   1     2.4514365000     2.5233690000     0.0000000000
   6     3.7965105000     0.8980075000     0.0000000000
   1     3.9756205000    -0.1832480000     0.0000000000
   1     4.6886295000     1.5350630000     0.0000000000
   6     0.0429675000     1.4013580000     0.0000000000
   1     0.0745205000     2.4995670000     0.0000000000
end
molecule
molchg=0
multip=1
qs_cuts=   0    0    0
end
basis
name=sto-3g                          
numd=5
atom_basis_num=0
end
&
