MAEFILE: dvb_gopt_hf.01.mae
&gen 
basis=sto-3g 
igeopt=1 
&
&zmat
 C1              1.2469471290             0.6612847868            0.0000000000
 C2              1.1739528826            -0.7322224821            0.0000000000
 C3             -0.0484979307            -1.3769859539            0.0000000000
 C4             -1.2469471290            -0.6612847868            0.0000000000
 C5             -1.1739528826             0.7322224821            0.0000000000
 H6              2.0802373184            -1.3223861191            0.0000000000
 H7             -0.0789945842            -2.4591612438            0.0000000000
 H8             -2.0802373184             1.3223861191            0.0000000000
 C9             -2.5420014405            -1.4097852839            0.0000000000
 C10            -3.7501085678            -0.8942545016            0.0000000000
 H11            -3.9373427278             0.1700074204            0.0000000000
 H12            -2.4308279918            -2.4885176119            0.0000000000
 H13            -4.6286267658            -1.5243231220            0.0000000000
 C14             2.5420014405             1.4097852839            0.0000000000
 H15             2.4308279918             2.4885176119            0.0000000000
 C16             3.7501085678             0.8942545016            0.0000000000
 H17             3.9373427278            -0.1700074204            0.0000000000
 H18             4.6286267658             1.5243231220            0.0000000000
 C19             0.0484979307             1.3769859539            0.0000000000
 H20             0.0789945842             2.4591612438            0.0000000000
&
&guess  basgss=sto-3g numd=5
    1 Orbital Energy   -11.040892 Occupation  1.000000 Symmetry Bu      
  0.701356852113654  0.025729586637090 -0.000811430993614 -0.000309199692779
  0.000000000000000  0.009134186033370 -0.004882092128234 -0.000120316482133
 -0.003155783831824  0.000000000000000 -0.008962971694244  0.004923933352480
 -0.002706453907052  0.001672484697562  0.000000000000000 -0.701356852113654
 -0.025729586637090 -0.000811430993614 -0.000309199692779  0.000000000000000
 -0.009134186033370  0.004882092128234 -0.000120316482133 -0.003155783831824
  0.000000000000000  0.000048418214137 -0.000054783168139 -0.000048418214137
  0.009320938883389  0.004529291119871  0.002527309216299  0.001524172938859
  0.000000000000000  0.000584482162141 -0.000199564804177 -0.000087458686953
 -0.000071808223256  0.000000000000000  0.000108710153699 -0.000091616753072
  0.000020033398337 -0.009320938883389 -0.004529291119871  0.002527309216299
  0.001524172938859  0.000000000000000  0.000091616753072 -0.000584482162141
  0.000199564804177 -0.000087458686953 -0.000071808223256  0.000000000000000
 -0.000108710153699 -0.000020033398337  0.008962971694244 -0.004923933352480
 -0.002706453907052  0.001672484697562  0.000000000000000  0.000054783168139
    2 Orbital Energy   -11.040823 Occupation  1.000000 Symmetry Ag      
  0.701441209984768  0.025655786095299 -0.000612689743693 -0.000195289975900
  0.000000000000000  0.006658102612094 -0.004703694178223 -0.000126117341866
 -0.003201180590460  0.000000000000000  0.006359217033359 -0.004775455797255
  0.002747763471461 -0.001724647335677  0.000000000000000  0.701441209984768
  0.025655786095299  0.000612689743693  0.000195289975900  0.000000000000000
  0.006658102612094 -0.004703694178223  0.000126117341866  0.003201180590460
  0.000000000000000 -0.000046201350261 -0.000043556257524 -0.000046201350261
 -0.009711109931172 -0.004603274570398 -0.002565379014352 -0.001546197131445
  0.000000000000000 -0.000560815873431  0.000203313805770  0.000091869253156
  0.000073391317345  0.000000000000000 -0.000104360560693  0.000099758902728
 -0.000019543093639 -0.009711109931172 -0.004603274570398  0.002565379014352
  0.001546197131445  0.000000000000000  0.000099758902728 -0.000560815873431
  0.000203313805770 -0.000091869253156 -0.000073391317345  0.000000000000000
 -0.000104360560693 -0.000019543093639  0.006359217033359 -0.004775455797255
 -0.002747763471461  0.001724647335677  0.000000000000000 -0.000043556257524
    3 Orbital Energy   -11.032334 Occupation  1.000000 Symmetry Bu      
 -0.010078101510099  0.003797833799230  0.002647330532243  0.001366298021966
  0.000000000000000  0.001903947539482 -0.000049874802405  0.000000268767455
  0.000016881935011  0.000000000000000 -0.002670613424581 -0.000029846791975
  0.000031680501184  0.000005686102658  0.000000000000000  0.010078101510099
 -0.003797833799230  0.002647330532243  0.001366298021966  0.000000000000000
 -0.001903947539482  0.000049874802405  0.000000268767455  0.000016881935011
  0.000000000000000  0.000103165923497 -0.000001238145695 -0.000103165923497
  0.701148555941064  0.025410590773806 -0.000967890319377  0.000259644756238
  0.000000000000000  0.023502026331173 -0.004870978293205 -0.002972250756769
  0.001242345741929  0.000000000000000 -0.000084469678066 -0.004901055894220
 -0.000067812211189 -0.701148555941064 -0.025410590773806 -0.000967890319377
  0.000259644756238  0.000000000000000  0.004901055894220 -0.023502026331173
  0.004870978293205 -0.002972250756769  0.001242345741929  0.000000000000000
  0.000084469678066  0.000067812211189  0.002670613424581  0.000029846791975
  0.000031680501184  0.000005686102658  0.000000000000000  0.000001238145695
    4 Orbital Energy   -11.032334 Occupation  1.000000 Symmetry Ag      
 -0.010491818836854  0.003745525903897  0.002636675836089  0.001359501316585
  0.000000000000000  0.003988471626466  0.000052791656077 -0.000044108407123
  0.000053787415186  0.000000000000000  0.004631642226247  0.000150001965623
 -0.000028934993653  0.000062490694462  0.000000000000000 -0.010491818836854
  0.003745525903897 -0.002636675836089 -0.001359501316585  0.000000000000000
  0.003988471626466  0.000052791656077  0.000044108407123 -0.000053787415186
  0.000000000000000  0.000103118357957 -0.000001155740537  0.000103118357957
 -0.701124273793049 -0.025398916661690  0.000974732102207 -0.000255573543123
  0.000000000000000 -0.023503845079383  0.004870416341452  0.002971837563053
 -0.001243046013742  0.000000000000000  0.000084704393182  0.004900541026314
  0.000067746804466 -0.701124273793049 -0.025398916661690 -0.000974732102207
  0.000255573543123  0.000000000000000  0.004900541026314 -0.023503845079383
  0.004870416341452 -0.002971837563053  0.001243046013742  0.000000000000000
  0.000084704393182  0.000067746804466  0.004631642226247  0.000150001965623
  0.000028934993653 -0.000062490694462  0.000000000000000 -0.000001155740537
    5 Orbital Energy   -11.028939 Occupation  1.000000 Symmetry Bu      
  0.004337400845874  0.002795586763668  0.000894538375966 -0.003457439679176
  0.000000000000000 -0.638934954652437 -0.021490642680646 -0.000347656207263
 -0.001010656158482  0.000000000000000 -0.290083799506343 -0.005820406605342
  0.002431845501492  0.000986199978990  0.000000000000000 -0.004337400845874
 -0.002795586763668  0.000894538375966 -0.003457439679176  0.000000000000000
  0.638934954652437  0.021490642680646 -0.000347656207263 -0.001010656158482
  0.000000000000000  0.004330976952455  0.001853741173997 -0.004330976952455
  0.000723089662014  0.000148548332835  0.000092483938109 -0.000011914856661
  0.000000000000000 -0.000904611325978 -0.000054537660880 -0.000025372370594
 -0.000055619093175  0.000000000000000  0.000093039598170 -0.000019950397327
 -0.000013684015268 -0.000723089662014 -0.000148548332835  0.000092483938109
 -0.000011914856661  0.000000000000000  0.000019950397327  0.000904611325978
  0.000054537660880 -0.000025372370594 -0.000055619093175  0.000000000000000
 -0.000093039598170  0.000013684015268  0.290083799506343  0.005820406605342
  0.002431845501492  0.000986199978990  0.000000000000000 -0.001853741173997
    6 Orbital Energy   -11.028811 Occupation  1.000000 Symmetry Ag      
  0.007472427069064  0.006457846020923 -0.001052077708379 -0.002537177623994
  0.000000000000000 -0.666612470479176 -0.023048120223149 -0.000328535420780
 -0.000730861442430  0.000000000000000 -0.219073904293699 -0.003332641907758
  0.002714047435548  0.001338349539169  0.000000000000000  0.007472427069064
  0.006457846020923  0.001052077708379  0.002537177623994  0.000000000000000
 -0.666612470479176 -0.023048120223149  0.000328535420780  0.000730861442430
  0.000000000000000  0.004673165611214  0.001534937535387  0.004673165611214
 -0.005420156369548 -0.000378916837200  0.000003470453884 -0.000038091950204
  0.000000000000000  0.001018045016852  0.000160860719695  0.000091522588622
  0.000048678111314  0.000000000000000 -0.000102270799898  0.000113271727444
  0.000014596183578 -0.005420156369548 -0.000378916837200 -0.000003470453884
  0.000038091950204  0.000000000000000  0.000113271727444  0.001018045016852
  0.000160860719695 -0.000091522588622 -0.000048678111314  0.000000000000000
 -0.000102270799898  0.000014596183578 -0.219073904293699 -0.003332641907758
 -0.002714047435548 -0.001338349539169  0.000000000000000  0.001534937535387
    7 Orbital Energy   -11.028326 Occupation  1.000000 Symmetry Bu      
  0.011180197318970  0.007389540036825 -0.002581494705225  0.000096407605522
  0.000000000000000 -0.289520244775387 -0.015691859151688  0.002901888695721
  0.001038903916944  0.000000000000000  0.638679809295630  0.025953686171859
  0.001178326804196  0.001532533169524  0.000000000000000 -0.011180197318970
 -0.007389540036825 -0.002581494705225  0.000096407605522  0.000000000000000
  0.289520244775387  0.015691859151688  0.002901888695721  0.001038903916944
  0.000000000000000  0.002121664551995 -0.004438636346289 -0.002121664551995
  0.003419418836000  0.000465015084064  0.000065319418640  0.000117311015281
  0.000000000000000 -0.000579805805922 -0.000135215138351 -0.000075799528957
 -0.000022587210990  0.000000000000000  0.000057920970418 -0.000091049654994
 -0.000005567995685 -0.003419418836000 -0.000465015084064  0.000065319418640
  0.000117311015281  0.000000000000000  0.000091049654994  0.000579805805922
  0.000135215138351 -0.000075799528957 -0.000022587210990  0.000000000000000
 -0.000057920970418  0.000005567995685 -0.638679809295630 -0.025953686171859
  0.001178326804196  0.001532533169524  0.000000000000000  0.004438636346289
    8 Orbital Energy   -11.028284 Occupation  1.000000 Symmetry Ag      
 -0.003530431854577 -0.003249699070554  0.002573769753879 -0.002516502336203
  0.000000000000000 -0.218594515661600 -0.012792919764667  0.003001181163469
  0.001302015727183  0.000000000000000  0.666458119914773  0.026124312268583
  0.000982302315420  0.001110801447829  0.000000000000000 -0.003530431854577
 -0.003249699070554 -0.002573769753879  0.002516502336203  0.000000000000000
 -0.218594515661600 -0.012792919764667 -0.003001181163469 -0.001302015727183
  0.000000000000000  0.001526262601496 -0.004661920521086  0.001526262601496
  0.003236715631035  0.000211322952940 -0.000035170453180  0.000027008527838
  0.000000000000000  0.000088438199171 -0.000066240101770 -0.000053906944971
  0.000012443707664  0.000000000000000 -0.000041285584636 -0.000063064273923
 -0.000001068142461  0.003236715631035  0.000211322952940  0.000035170453180
 -0.000027008527838  0.000000000000000 -0.000063064273923  0.000088438199171
 -0.000066240101770  0.000053906944971 -0.000012443707664  0.000000000000000
 -0.000041285584636 -0.000001068142461  0.666458119914773  0.026124312268583
 -0.000982302315420 -0.001110801447829  0.000000000000000 -0.004661920521086
    9 Orbital Energy   -11.017972 Occupation  1.000000 Symmetry Bu      
  0.000240443453179  0.000327866813314  0.000118105565715  0.000127581746129
  0.000000000000000  0.001155797426712  0.000009329085368 -0.000087815045765
 -0.000035627214978  0.000000000000000 -0.000257388177531  0.000019011796249
 -0.000067769442157 -0.000007362619160  0.000000000000000 -0.000240443453179
 -0.000327866813314  0.000118105565715  0.000127581746129  0.000000000000000
 -0.001155797426712 -0.000009329085368 -0.000087815045765 -0.000035627214978
  0.000000000000000  0.000045914730421  0.000001373624396 -0.000045914730421
  0.023136528539788  0.006603552247394 -0.003016409797144  0.001311718142116
  0.000000000000000 -0.701215601359949 -0.025961448678946 -0.001171697296441
  0.000552324565857  0.000000000000000  0.004835469937011 -0.000231545552990
  0.004863303699771 -0.023136528539788 -0.006603552247394 -0.003016409797144
  0.001311718142116  0.000000000000000  0.000231545552990  0.701215601359949
  0.025961448678946 -0.001171697296441  0.000552324565857  0.000000000000000
 -0.004835469937011 -0.004863303699771  0.000257388177531 -0.000019011796249
 -0.000067769442157 -0.000007362619160  0.000000000000000 -0.000001373624396
   10 Orbital Energy   -11.017971 Occupation  1.000000 Symmetry Ag      
  0.000207162074554  0.000327565278490  0.000115724608700  0.000126173191151
  0.000000000000000  0.001156336007796  0.000002350716107 -0.000084745197251
 -0.000028961581786  0.000000000000000  0.000407566489595 -0.000085167543033
  0.000022660125522 -0.000018123894803  0.000000000000000  0.000207162074554
  0.000327565278490 -0.000115724608700 -0.000126173191151  0.000000000000000
  0.001156336007796  0.000002350716107  0.000084745197251  0.000028961581786
  0.000000000000000  0.000047099826440 -0.000002486746555  0.000047099826440
 -0.023133776750404 -0.006602984125318  0.003016215555788 -0.001311249733546
  0.000000000000000  0.701215684203519  0.025961078944742  0.001171501918826
 -0.000552351841351  0.000000000000000 -0.004835487976482  0.000231213381803
 -0.004863285386416 -0.023133776750404 -0.006602984125318 -0.003016215555788
  0.001311249733546  0.000000000000000  0.000231213381803  0.701215684203519
  0.025961078944742 -0.001171501918826  0.000552351841351  0.000000000000000
 -0.004835487976482 -0.004863285386416  0.000407566489595 -0.000085167543033
 -0.000022660125522  0.000018123894803  0.000000000000000 -0.000002486746555
   11 Orbital Energy    -1.106636 Occupation  1.000000 Symmetry Ag      
 -0.107095334871911  0.271072259980999 -0.039122488776913 -0.019502809688192
  0.000000000000000 -0.097815413130435  0.245525389657886 -0.045692902449320
  0.033979468020454  0.000000000000000 -0.098095414019109  0.245752500268427
 -0.002886972578526  0.056356314717036  0.000000000000000 -0.107095334871911
  0.271072259980999  0.039122488776913  0.019502809688192  0.000000000000000
 -0.097815413130435  0.245525389657886  0.045692902449320 -0.033979468020454
  0.000000000000000  0.043609569496548  0.043554697775336  0.043609569496548
 -0.047262265739871  0.120599868489893  0.020032212852401  0.021404065790555
  0.000000000000000 -0.024157918855895  0.061073520230757  0.023086543420942
 -0.005968597859925  0.000000000000000  0.013065833747259  0.023760822304500
  0.010117125119292 -0.047262265739871  0.120599868489893 -0.020032212852401
 -0.021404065790555  0.000000000000000  0.023760822304500 -0.024157918855895
  0.061073520230757 -0.023086543420942  0.005968597859925  0.000000000000000
  0.013065833747259  0.010117125119292 -0.098095414019109  0.245752500268427
  0.002886972578526 -0.056356314717036  0.000000000000000  0.043554697775336
   12 Orbital Energy    -1.031788 Occupation  1.000000 Symmetry Bu      
  0.100479541212934 -0.264627500120194 -0.026166614226850 -0.012402174503229
  0.000000000000000  0.042150582834574 -0.110343580198124 -0.027360665151188
 -0.057991491377633  0.000000000000000 -0.037864314780758  0.098540349390029
 -0.064102643092904  0.009439303225388  0.000000000000000 -0.100479541212934
  0.264627500120194 -0.026166614226850 -0.012402174503229  0.000000000000000
 -0.042150582834574  0.110343580198124 -0.027360665151188 -0.057991491377633
  0.000000000000000 -0.029121359773629  0.025561192367249  0.029121359773629
 -0.113697421350683  0.295384349629899 -0.011406433833197  0.037613044707867
  0.000000000000000 -0.083913086523021  0.216064331836351  0.063794753264181
 -0.022090257232367  0.000000000000000  0.049334393899153  0.066350654924192
  0.045217322372951  0.113697421350683 -0.295384349629899 -0.011406433833197
  0.037613044707867  0.000000000000000 -0.066350654924192  0.083913086523021
 -0.216064331836351  0.063794753264181 -0.022090257232367  0.000000000000000
 -0.049334393899153 -0.045217322372951  0.037864314780758 -0.098540349390029
 -0.064102643092904  0.009439303225388  0.000000000000000 -0.025561192367249
   13 Orbital Energy    -0.988476 Occupation  1.000000 Symmetry Ag      
  0.003162884174935 -0.011278531373965 -0.083590370301918 -0.039184058161460
  0.000000000000000 -0.039486296173885  0.102053018321503 -0.042147937526291
 -0.011427439740798  0.000000000000000 -0.043642855065338  0.113730253769788
  0.027262173437691  0.025957407735125  0.000000000000000  0.003162884174935
 -0.011278531373965  0.083590370301918  0.039184058161460  0.000000000000000
 -0.039486296173885  0.102053018321503  0.042147937526291  0.011427439740798
  0.000000000000000  0.016420634686197  0.021724601071293  0.016420634686197
  0.119401373644316 -0.313034187231561  0.075689685246828 -0.027895398926474
  0.000000000000000  0.118432567509986 -0.309219331425022 -0.072646190010100
  0.031985437764424  0.000000000000000 -0.073819023132511 -0.075894817360360
 -0.074474006877579  0.119401373644316 -0.313034187231561 -0.075689685246828
  0.027895398926474  0.000000000000000 -0.075894817360360  0.118432567509986
 -0.309219331425022  0.072646190010100 -0.031985437764424  0.000000000000000
 -0.073819023132511 -0.074474006877579 -0.043642855065338  0.113730253769788
 -0.027262173437691 -0.025957407735125  0.000000000000000  0.021724601071293
   14 Orbital Energy    -0.960887 Occupation  1.000000 Symmetry Bu      
 -0.012793613503696  0.034482682487153 -0.063657961946306  0.113825500352325
  0.000000000000000  0.119484557483267 -0.320572317333948  0.057939493612647
  0.051711703317174  0.000000000000000  0.132058137291763 -0.354335069642470
 -0.055289780385415 -0.021421040368965  0.000000000000000  0.012793613503696
 -0.034482682487153 -0.063657961946306  0.113825500352325  0.000000000000000
 -0.119484557483267  0.320572317333948  0.057939493612647  0.051711703317174
  0.000000000000000 -0.089264536887977 -0.098065502813862  0.089264536887977
  0.000238670895945 -0.001316011075428 -0.022807881814595  0.013212303273089
  0.000000000000000 -0.012885593207010  0.033561584576310  0.005518148232356
  0.002499962297600  0.000000000000000  0.012449776946909 -0.009098919563311
  0.007802584357017 -0.000238670895945  0.001316011075428 -0.022807881814595
  0.013212303273089  0.000000000000000  0.009098919563311  0.012885593207010
 -0.033561584576310  0.005518148232356  0.002499962297600  0.000000000000000
 -0.012449776946909 -0.007802584357017 -0.132058137291763  0.354335069642470
 -0.055289780385415 -0.021421040368965  0.000000000000000  0.098065502813862
   15 Orbital Energy    -0.922676 Occupation  1.000000 Symmetry Bu      
 -0.102478183213920  0.279881418807963 -0.051982725914431 -0.038607631674525
  0.000000000000000 -0.073790956849314  0.201395959824631  0.027564208607634
  0.072912044338809  0.000000000000000  0.042845848006539 -0.117201853205000
  0.103120987928198 -0.009619383698168  0.000000000000000  0.102478183213920
 -0.279881418807963 -0.051982725914431 -0.038607631674525  0.000000000000000
  0.073790956849314 -0.201395959824631  0.027564208607634  0.072912044338809
  0.000000000000000  0.054617091306104 -0.033637676328328 -0.054617091306104
 -0.051751617574839  0.135506414188520 -0.135584605147622 -0.002680723452393
  0.000000000000000 -0.105511960276195  0.282814862201601  0.033819827822562
 -0.028197689579902  0.000000000000000  0.073808310645428  0.037489866639742
  0.085178726458551  0.051751617574839 -0.135506414188520 -0.135584605147622
 -0.002680723452393  0.000000000000000 -0.037489866639742  0.105511960276195
 -0.282814862201601  0.033819827822562 -0.028197689579902  0.000000000000000
 -0.073808310645428 -0.085178726458551 -0.042845848006539  0.117201853205000
  0.103120987928198 -0.009619383698168  0.000000000000000  0.033637676328328
   16 Orbital Energy    -0.806468 Occupation  1.000000 Symmetry Ag      
 -0.071289195676457  0.207128051480038  0.026580833601545  0.139734519258046
  0.000000000000000  0.082133954357190 -0.233638258284166  0.004176690907198
  0.072411192743879  0.000000000000000 -0.003958474369034  0.012967290971191
 -0.169203027325423 -0.020783499267537  0.000000000000000 -0.071289195676457
  0.207128051480038 -0.026580833601545 -0.139734519258046  0.000000000000000
  0.082133954357190 -0.233638258284166 -0.004176690907198 -0.072411192743879
  0.000000000000000 -0.109579840283523  0.020235981907507 -0.109579840283523
 -0.051797371067893  0.156172745885483  0.148857685999612 -0.033343121316727
  0.000000000000000  0.079155578522237 -0.226393960451696  0.045493374453600
 -0.019639119044479  0.000000000000000 -0.100886632447018  0.082904923307563
 -0.096605551253366 -0.051797371067893  0.156172745885483 -0.148857685999612
  0.033343121316727  0.000000000000000  0.082904923307563  0.079155578522237
 -0.226393960451696 -0.045493374453600  0.019639119044479  0.000000000000000
 -0.100886632447018 -0.096605551253366 -0.003958474369034  0.012967290971191
  0.169203027325423  0.020783499267537  0.000000000000000  0.020235981907507
   17 Orbital Energy    -0.771205 Occupation  1.000000 Symmetry Ag      
 -0.054438195156695  0.160825424196030  0.121772876404340 -0.158694332851677
  0.000000000000000 -0.055997342968912  0.165177218856234  0.135414011663111
  0.142282506051209  0.000000000000000  0.109062364999233 -0.319560580301281
  0.006736328774578  0.084508826320364  0.000000000000000 -0.054438195156695
  0.160825424196030 -0.121772876404340  0.158694332851677  0.000000000000000
 -0.055997342968912  0.165177218856234 -0.135414011663111 -0.142282506051209
  0.000000000000000  0.083471940930894 -0.172255696852490  0.083471940930894
 -0.008550059503343  0.028021930351663  0.062503058170236  0.063738026389146
  0.000000000000000  0.036424930829882 -0.107458841891601  0.040096092209895
  0.026355124096274  0.000000000000000 -0.024809304133466 -0.028837860086943
 -0.067928724557742 -0.008550059503343  0.028021930351663 -0.062503058170236
 -0.063738026389146  0.000000000000000 -0.028837860086943  0.036424930829882
 -0.107458841891601 -0.040096092209895 -0.026355124096274  0.000000000000000
 -0.024809304133466 -0.067928724557742  0.109062364999233 -0.319560580301281
 -0.006736328774578 -0.084508826320364  0.000000000000000 -0.172255696852490
   18 Orbital Energy    -0.732909 Occupation  1.000000 Symmetry Bu      
 -0.011387273698568  0.031472786718932 -0.113146903834529 -0.093088597397905
  0.000000000000000 -0.028089205510675  0.084238900439992  0.060480389537513
  0.058990545165953  0.000000000000000  0.046647737067022 -0.141070440184376
  0.006307094342672 -0.004963863624826  0.000000000000000  0.011387273698568
 -0.031472786718932 -0.113146903834529 -0.093088597397905  0.000000000000000
  0.028089205510675 -0.084238900439992  0.060480389537513  0.058990545165953
  0.000000000000000  0.051024513647827 -0.047676596329957 -0.051024513647827
 -0.096256536311873  0.293312422864438  0.080014041219095 -0.096757699403933
  0.000000000000000  0.080667931511425 -0.246656532773812  0.128709685990343
 -0.085821204215647  0.000000000000000 -0.166285746422938  0.177545069576667
 -0.130925530063446  0.096256536311873 -0.293312422864438  0.080014041219095
 -0.096757699403933  0.000000000000000 -0.177545069576667 -0.080667931511425
  0.246656532773812  0.128709685990343 -0.085821204215647  0.000000000000000
  0.166285746422938  0.130925530063446 -0.046647737067022  0.141070440184376
  0.006307094342671 -0.004963863624826  0.000000000000000  0.047676596329957
   19 Orbital Energy    -0.707171 Occupation  1.000000 Symmetry Ag      
  0.052382411820551 -0.154048087694591  0.140381833077899  0.025157096845980
  0.000000000000000 -0.050380923607425  0.158518384579935  0.090783848040450
 -0.176185158481217  0.000000000000000 -0.006698112486749  0.024247189708493
  0.143451393755670 -0.139659520262459  0.000000000000000  0.052382411820551
 -0.154048087694591 -0.140381833077899 -0.025157096845980  0.000000000000000
 -0.050380923607425  0.158518384579935 -0.090783848040450  0.176185158481217
  0.000000000000000  0.171427837002767  0.099947474140409  0.171427837002767
 -0.059292424456351  0.180364735098085  0.022540076407723 -0.064888727431889
  0.000000000000000  0.051979445434784 -0.162929314636888  0.104803587312522
 -0.051311249842277  0.000000000000000 -0.104195338309036  0.119000922625081
 -0.101317691876413 -0.059292424456351  0.180364735098085 -0.022540076407723
  0.064888727431889  0.000000000000000  0.119000922625081  0.051979445434784
 -0.162929314636888 -0.104803587312522  0.051311249842277  0.000000000000000
 -0.104195338309036 -0.101317691876413 -0.006698112486749  0.024247189708493
 -0.143451393755670  0.139659520262459  0.000000000000000  0.099947474140409
   20 Orbital Energy    -0.639087 Occupation  1.000000 Symmetry Ag      
  0.030529149316487 -0.101231550376129 -0.107786206200813 -0.089830882778375
  0.000000000000000 -0.017395774627152  0.047765395533277 -0.157235678207758
  0.039091696369452  0.000000000000000  0.012132718996097 -0.046538486649405
  0.089242712829730  0.173602382763951  0.000000000000000  0.030529149316487
 -0.101231550376129  0.107786206200813  0.089830882778375  0.000000000000000
 -0.017395774627152  0.047765395533277  0.157235678207758 -0.039091696369452
  0.000000000000000 -0.096213826702214 -0.140883532498283 -0.096213826702214
 -0.037360329171350  0.114973183096058 -0.137407166942808 -0.164394174971204
  0.000000000000000  0.016425117866102 -0.061790328133124  0.061709927966596
 -0.201498398812442  0.000000000000000 -0.182141715446813  0.153612957773989
  0.022435053077403 -0.037360329171350  0.114973183096058  0.137407166942808
  0.164394174971204  0.000000000000000  0.153612957773989  0.016425117866102
 -0.061790328133124 -0.061709927966596  0.201498398812442  0.000000000000000
 -0.182141715446813  0.022435053077403  0.012132718996097 -0.046538486649405
 -0.089242712829730 -0.173602382763951  0.000000000000000 -0.140883532498283
   21 Orbital Energy    -0.615148 Occupation  1.000000 Symmetry Bu      
  0.020258539053063 -0.070582136829766 -0.168343262812335  0.078865749366310
  0.000000000000000 -0.038192369913670  0.122948933474758 -0.069550473821342
 -0.128055949512547  0.000000000000000  0.019891896330731 -0.066037124473610
  0.175011959916211  0.069108195848280  0.000000000000000 -0.020258539053063
  0.070582136829766 -0.168343262812335  0.078865749366310  0.000000000000000
  0.038192369913670 -0.122948933474758 -0.069550473821342 -0.128055949512547
  0.000000000000000  0.057906606739439 -0.092402824373725 -0.057906606739439
 -0.017300160004538  0.052909625104520  0.017862873968022  0.234173830833527
  0.000000000000000  0.008657954551463 -0.032872586613533  0.177586655788469
  0.146651965891675  0.000000000000000  0.069577783895424 -0.156491532349353
 -0.187573297302276  0.017300160004538 -0.052909625104520  0.017862873968022
  0.234173830833527  0.000000000000000  0.156491532349353 -0.008657954551463
  0.032872586613533  0.177586655788469  0.146651965891675  0.000000000000000
 -0.069577783895424  0.187573297302276 -0.019891896330731  0.066037124473610
  0.175011959916211  0.069108195848280  0.000000000000000  0.092402824373725
   22 Orbital Energy    -0.577575 Occupation  1.000000 Symmetry Bu      
  0.065760166890992 -0.221080261022369  0.047685330475882 -0.094783864814505
  0.000000000000000 -0.044640519367325  0.152826128011216  0.204574210530716
 -0.049744995858832  0.000000000000000  0.046821596729498 -0.159189656372665
 -0.130136540140434  0.196269387893699  0.000000000000000 -0.065760166890992
  0.221080261022369  0.047685330475882 -0.094783864814505  0.000000000000000
  0.044640519367325 -0.152826128011216  0.204574210530716 -0.049744995858832
  0.000000000000000  0.234208595430585 -0.234820446236512 -0.234208595430585
  0.012272682593234 -0.030555698753090  0.136855602451572  0.010704550319913
  0.000000000000000 -0.010382997530361  0.044353297242235 -0.141033597211496
  0.045127580920351  0.000000000000000  0.059112577086918 -0.024638867678638
  0.090764393293269 -0.012272682593234  0.030555698753090  0.136855602451572
  0.010704550319913  0.000000000000000  0.024638867678638  0.010382997530361
 -0.044353297242235 -0.141033597211496  0.045127580920351  0.000000000000000
 -0.059112577086918 -0.090764393293269 -0.046821596729498  0.159189656372665
 -0.130136540140434  0.196269387893699  0.000000000000000  0.234820446236512
   23 Orbital Energy    -0.563832 Occupation  1.000000 Symmetry Bu      
  0.023381894817831 -0.077131109276547  0.068422955863332  0.251584575611138
  0.000000000000000  0.009584804106782 -0.028197943162557  0.031421568961495
 -0.260588514986212  0.000000000000000  0.000612817614883 -0.005202294048794
  0.105548176021653  0.048240016096974  0.000000000000000 -0.023381894817831
  0.077131109276547  0.068422955863332  0.251584575611138  0.000000000000000
 -0.009584804106782  0.028197943162557  0.031421568961495 -0.260588514986212
  0.000000000000000  0.140376455628812 -0.045334807099573 -0.140376455628812
  0.003461791919502 -0.019110794691659 -0.176002815528459 -0.022580272742031
  0.000000000000000 -0.001379457327282 -0.006560603275096  0.036162699773719
 -0.248453404472979  0.000000000000000 -0.215231943802890 -0.009527597662219
  0.095629147664961 -0.003461791919502  0.019110794691659 -0.176002815528459
 -0.022580272742031  0.000000000000000  0.009527597662219  0.001379457327282
  0.006560603275096  0.036162699773719 -0.248453404472979  0.000000000000000
  0.215231943802890 -0.095629147664961 -0.000612817614883  0.005202294048794
  0.105548176021653  0.048240016096974  0.000000000000000  0.045334807099573
   24 Orbital Energy    -0.562912 Occupation  1.000000 Symmetry Ag      
  0.019914594924857 -0.064192672456475 -0.004980819506660 -0.010391842762603
  0.000000000000000  0.016985314550929 -0.061849522238130 -0.137084286183043
 -0.008565207210409  0.000000000000000 -0.023757882085638  0.077910617391908
  0.071382705430345  0.029578264934948  0.000000000000000  0.019914594924857
 -0.064192672456475  0.004980819506660  0.010391842762603  0.000000000000000
  0.016985314550929 -0.061849522238130  0.137084286183043  0.008565207210409
  0.000000000000000 -0.112798792117974  0.006241154305709 -0.112798792117974
 -0.025938575163320  0.072130167722399 -0.162261494752621  0.212585514526687
  0.000000000000000 -0.003720843992451 -0.003520459683253  0.325767571011560
  0.091384461523921  0.000000000000000  0.019712538766884 -0.153195660506476
 -0.264620068948220 -0.025938575163320  0.072130167722399  0.162261494752621
 -0.212585514526687  0.000000000000000 -0.153195660506476 -0.003720843992451
 -0.003520459683253 -0.325767571011560 -0.091384461523921  0.000000000000000
  0.019712538766884 -0.264620068948220 -0.023757882085638  0.077910617391908
 -0.071382705430345 -0.029578264934948  0.000000000000000  0.006241154305709
   25 Orbital Energy    -0.532466 Occupation  1.000000 Symmetry Bu      
 -0.002785500982263  0.009258815707128 -0.102136065970465  0.061816729135349
  0.000000000000000  0.019147557607100 -0.060588971685302  0.274534900719590
 -0.104605100703766  0.000000000000000  0.027254210128549 -0.086201657635545
 -0.042515130555172 -0.335496711456407  0.000000000000000  0.002785500982263
 -0.009258815707128 -0.102136065970465  0.061816729135349  0.000000000000000
 -0.019147557607100  0.060588971685302  0.274534900719590 -0.104605100703766
  0.000000000000000  0.221486277372259  0.255283307303133 -0.221486277372259
  0.001694773727822 -0.002766171081191  0.056015632857107  0.032586690967648
  0.000000000000000 -0.003636582032420  0.015267717610015 -0.020341223991099
  0.073288511098804  0.000000000000000  0.058487160272415 -0.013037975759909
 -0.015947149663918 -0.001694773727822  0.002766171081191  0.056015632857107
  0.032586690967648  0.000000000000000  0.013037975759909  0.003636582032420
 -0.015267717610015 -0.020341223991099  0.073288511098804  0.000000000000000
 -0.058487160272415  0.015947149663918 -0.027254210128549  0.086201657635545
 -0.042515130555172 -0.335496711456407  0.000000000000000 -0.255283307303133
   26 Orbital Energy    -0.507333 Occupation  1.000000 Symmetry Bu      
  0.002986087961837 -0.011471351456939 -0.217287541424446  0.108477379744266
  0.000000000000000 -0.007035052269323  0.019729751005544 -0.159313421257551
 -0.128951478759688  0.000000000000000  0.016599902485639 -0.058834620889051
  0.245615034070449 -0.017806412389379  0.000000000000000 -0.002986087961837
  0.011471351456939 -0.217287541424446  0.108477379744266  0.000000000000000
  0.007035052269323 -0.019729751005544 -0.159313421257551 -0.128951478759688
  0.000000000000000 -0.044402046054316 -0.011746957857637  0.044402046054316
  0.000790231263999  0.016071501744202  0.243812280023505 -0.139352203731560
  0.000000000000000  0.019376725478518 -0.049976997895298 -0.266664675780187
  0.046127515032930  0.000000000000000  0.063392647235654  0.155162168631334
  0.147821713918898 -0.000790231263999 -0.016071501744202  0.243812280023505
 -0.139352203731560  0.000000000000000 -0.155162168631334 -0.019376725478518
  0.049976997895298 -0.266664675780187  0.046127515032930  0.000000000000000
 -0.063392647235654 -0.147821713918898 -0.016599902485639  0.058834620889051
  0.245615034070449 -0.017806412389379  0.000000000000000  0.011746957857637
   27 Orbital Energy    -0.498090 Occupation  1.000000 Symmetry Ag      
  0.024327469828437 -0.085777003935058 -0.014249249109590  0.079707350650339
  0.000000000000000 -0.007349344103997  0.024471997170921 -0.118967359510571
 -0.104835438651333  0.000000000000000  0.004465159371715 -0.023167155849895
  0.096328716142375  0.163267849721279  0.000000000000000  0.024327469828437
 -0.085777003935058  0.014249249109590 -0.079707350650339  0.000000000000000
 -0.007349344103997  0.024471997170921  0.118967359510571  0.104835438651333
  0.000000000000000 -0.005454620370315 -0.156924346365805 -0.005454620370315
 -0.017020437267449  0.071516363820720  0.148058630274598 -0.166954016675875
  0.000000000000000  0.010480149421975 -0.025944368743965 -0.046509454853511
  0.296606285904138  0.000000000000000  0.268772549934328  0.201361172624962
 -0.146250632970109 -0.017020437267449  0.071516363820720 -0.148058630274598
  0.166954016675875  0.000000000000000  0.201361172624962  0.010480149421975
 -0.025944368743965  0.046509454853511 -0.296606285904138  0.000000000000000
  0.268772549934328 -0.146250632970109  0.004465159371715 -0.023167155849895
 -0.096328716142375 -0.163267849721279  0.000000000000000 -0.156924346365805
   28 Orbital Energy    -0.477254 Occupation  1.000000 Symmetry Au      
  0.000000000000000  0.000000000000000  0.000000000000000  0.000000000000000
  0.328911556095942  0.000000000000000  0.000000000000000  0.000000000000000
  0.000000000000000  0.301094071902532  0.000000000000000  0.000000000000000
  0.000000000000000  0.000000000000000  0.301974607318367  0.000000000000000
  0.000000000000000  0.000000000000000  0.000000000000000  0.328911556095942
  0.000000000000000  0.000000000000000  0.000000000000000  0.000000000000000
  0.301094071902532  0.000000000000000  0.000000000000000  0.000000000000000
  0.000000000000000  0.000000000000000  0.000000000000000  0.000000000000000
  0.159277931631299  0.000000000000000  0.000000000000000  0.000000000000000
  0.000000000000000  0.096590274383701  0.000000000000000  0.000000000000000
  0.000000000000000  0.000000000000000  0.000000000000000  0.000000000000000
  0.000000000000000  0.159277931631299  0.000000000000000  0.000000000000000
  0.000000000000000  0.000000000000000  0.000000000000000  0.096590274383701
  0.000000000000000  0.000000000000000  0.000000000000000  0.000000000000000
  0.000000000000000  0.000000000000000  0.301974607318367  0.000000000000000
   29 Orbital Energy    -0.448674 Occupation  1.000000 Symmetry Bu      
  0.011878439333260 -0.052250721067429 -0.208368638203253 -0.161910118792736
  0.000000000000000 -0.014518068265272  0.049281878241428 -0.033433476306333
  0.129648491471911  0.000000000000000  0.008819215503876 -0.027757022906946
 -0.007461930594735 -0.073803413793912  0.000000000000000 -0.011878439333260
  0.052250721067429 -0.208368638203253 -0.161910118792736  0.000000000000000
  0.014518068265272 -0.049281878241428 -0.033433476306333  0.129648491471911
  0.000000000000000 -0.050443125957797  0.044685022389751  0.050443125957797
 -0.003058824920244  0.010440050749592  0.106784841092881  0.260100054528268
  0.000000000000000 -0.002394919073976  0.011771933150961 -0.078330851556175
 -0.232499663789414  0.000000000000000 -0.227225945396675 -0.255246885674762
  0.218804159161081  0.003058824920244 -0.010440050749592  0.106784841092881
  0.260100054528268  0.000000000000000  0.255246885674762  0.002394919073976
 -0.011771933150961 -0.078330851556175 -0.232499663789414  0.000000000000000
  0.227225945396675 -0.218804159161081 -0.008819215503876  0.027757022906946
 -0.007461930594735 -0.073803413793912  0.000000000000000 -0.044685022389751
   30 Orbital Energy    -0.425883 Occupation  1.000000 Symmetry Ag      
 -0.000044547453419  0.006612522160315  0.267303224381469 -0.179528693323358
  0.000000000000000 -0.010512452062399  0.028662954117540 -0.221243377912787
  0.149021367283792  0.000000000000000  0.007139992530196 -0.020263253058335
  0.278434834434688 -0.147147698909110  0.000000000000000 -0.000044547453419
  0.006612522160315 -0.267303224381469  0.179528693323358  0.000000000000000
 -0.010512452062399  0.028662954117540  0.221243377912787 -0.149021367283792
  0.000000000000000 -0.284007736946980  0.144434046447495 -0.284007736946980
 -0.011710777059371  0.053709217487402  0.162123982732182  0.033039829382435
  0.000000000000000  0.009150448517211 -0.025333999084826 -0.121311823560984
  0.024757809436932  0.000000000000000  0.005098638399485  0.017872230057340
  0.077203991520933 -0.011710777059371  0.053709217487402 -0.162123982732182
 -0.033039829382435  0.000000000000000  0.017872230057340  0.009150448517211
 -0.025333999084826  0.121311823560984 -0.024757809436932  0.000000000000000
  0.005098638399485  0.077203991520933  0.007139992530196 -0.020263253058335
 -0.278434834434688  0.147147698909110  0.000000000000000  0.144434046447495
   31 Orbital Energy    -0.418247 Occupation  1.000000 Symmetry Ag      
 -0.007958048051568  0.043070068241789  0.141901322670485  0.258569594813207
  0.000000000000000  0.002908255492451 -0.008308043574268 -0.118701139137941
 -0.256862160471085  0.000000000000000 -0.008723168418327  0.025219783876751
  0.120686686701569  0.187240740931783  0.000000000000000 -0.007958048051568
  0.043070068241789 -0.141901322670485 -0.258569594813207  0.000000000000000
  0.002908255492451 -0.008308043574268  0.118701139137941  0.256862160471085
  0.000000000000000  0.022987122286530 -0.215031470216083  0.022987122286530
 -0.018532932190860  0.071719350387923  0.162126170776226  0.206683022616525
  0.000000000000000  0.000480359121331  0.004601476489542 -0.071487216845273
 -0.116238166424000  0.000000000000000 -0.127107153958705 -0.189356456702058
  0.144672584819838 -0.018532932190860  0.071719350387923 -0.162126170776226
 -0.206683022616525  0.000000000000000 -0.189356456702058  0.000480359121331
  0.004601476489542  0.071487216845273  0.116238166424000  0.000000000000000
 -0.127107153958705  0.144672584819838 -0.008723168418327  0.025219783876751
 -0.120686686701569 -0.187240740931783  0.000000000000000 -0.215031470216083
   32 Orbital Energy    -0.386903 Occupation  1.000000 Symmetry Bg      
  0.000000000000000  0.000000000000000  0.000000000000000  0.000000000000000
 -0.312313694837033  0.000000000000000  0.000000000000000  0.000000000000000
  0.000000000000000 -0.119333506412127  0.000000000000000  0.000000000000000
  0.000000000000000  0.000000000000000  0.122738797127797  0.000000000000000
  0.000000000000000  0.000000000000000  0.000000000000000  0.312313694837033
  0.000000000000000  0.000000000000000  0.000000000000000  0.000000000000000
  0.119333506412127  0.000000000000000  0.000000000000000  0.000000000000000
  0.000000000000000  0.000000000000000  0.000000000000000  0.000000000000000
  0.381752849261399  0.000000000000000  0.000000000000000  0.000000000000000
  0.000000000000000  0.310236922733506  0.000000000000000  0.000000000000000
  0.000000000000000  0.000000000000000  0.000000000000000  0.000000000000000
  0.000000000000000 -0.381752849261399  0.000000000000000  0.000000000000000
  0.000000000000000  0.000000000000000  0.000000000000000 -0.310236922733506
  0.000000000000000  0.000000000000000  0.000000000000000  0.000000000000000
  0.000000000000000  0.000000000000000 -0.122738797127797  0.000000000000000
   33 Orbital Energy    -0.326923 Occupation  1.000000 Symmetry Au      
  0.000000000000000  0.000000000000000  0.000000000000000  0.000000000000000
  0.040578810151304  0.000000000000000  0.000000000000000  0.000000000000000
  0.000000000000000  0.158835838688176  0.000000000000000  0.000000000000000
  0.000000000000000  0.000000000000000  0.158670707329982  0.000000000000000
  0.000000000000000  0.000000000000000  0.000000000000000  0.040578810151304
  0.000000000000000  0.000000000000000  0.000000000000000  0.000000000000000
  0.158835838688176  0.000000000000000  0.000000000000000  0.000000000000000
  0.000000000000000  0.000000000000000  0.000000000000000  0.000000000000000
 -0.414930865686850  0.000000000000000  0.000000000000000  0.000000000000000
  0.000000000000000 -0.426148724482949  0.000000000000000  0.000000000000000
  0.000000000000000  0.000000000000000  0.000000000000000  0.000000000000000
  0.000000000000000 -0.414930865686850  0.000000000000000  0.000000000000000
  0.000000000000000  0.000000000000000  0.000000000000000 -0.426148724482949
  0.000000000000000  0.000000000000000  0.000000000000000  0.000000000000000
  0.000000000000000  0.000000000000000  0.158670707329982  0.000000000000000
   34 Orbital Energy    -0.285531 Occupation  1.000000 Symmetry Bg      
  0.000000000000000  0.000000000000000  0.000000000000000  0.000000000000000
 -0.002074307174298  0.000000000000000  0.000000000000000  0.000000000000000
  0.000000000000000 -0.460738464932731  0.000000000000000  0.000000000000000
  0.000000000000000  0.000000000000000 -0.459100731757033  0.000000000000000
  0.000000000000000  0.000000000000000  0.000000000000000  0.002074307174298
  0.000000000000000  0.000000000000000  0.000000000000000  0.000000000000000
  0.460738464932731  0.000000000000000  0.000000000000000  0.000000000000000
  0.000000000000000  0.000000000000000  0.000000000000000  0.000000000000000
 -0.000920352713113  0.000000000000000  0.000000000000000  0.000000000000000
  0.000000000000000  0.002038108005394  0.000000000000000  0.000000000000000
  0.000000000000000  0.000000000000000  0.000000000000000  0.000000000000000
  0.000000000000000  0.000920352713113  0.000000000000000  0.000000000000000
  0.000000000000000  0.000000000000000  0.000000000000000 -0.002038108005394
  0.000000000000000  0.000000000000000  0.000000000000000  0.000000000000000
  0.000000000000000  0.000000000000000  0.459100731757033  0.000000000000000
   35 Orbital Energy    -0.233209 Occupation  1.000000 Symmetry Bg      
  0.000000000000000  0.000000000000000  0.000000000000000  0.000000000000000
  0.420715384210350  0.000000000000000  0.000000000000000  0.000000000000000
  0.000000000000000  0.232423089703722  0.000000000000000  0.000000000000000
  0.000000000000000  0.000000000000000 -0.233222905361188  0.000000000000000
  0.000000000000000  0.000000000000000  0.000000000000000 -0.420715384210350
  0.000000000000000  0.000000000000000  0.000000000000000  0.000000000000000
 -0.232423089703722  0.000000000000000  0.000000000000000  0.000000000000000
  0.000000000000000  0.000000000000000  0.000000000000000  0.000000000000000
  0.216656131402143  0.000000000000000  0.000000000000000  0.000000000000000
  0.000000000000000  0.350588787346228  0.000000000000000  0.000000000000000
  0.000000000000000  0.000000000000000  0.000000000000000  0.000000000000000
  0.000000000000000 -0.216656131402143  0.000000000000000  0.000000000000000
  0.000000000000000  0.000000000000000  0.000000000000000 -0.350588787346228
  0.000000000000000  0.000000000000000  0.000000000000000  0.000000000000000
  0.000000000000000  0.000000000000000  0.233222905361188  0.000000000000000
   36 Orbital Energy     0.206946 Occupation  0.000000 Symmetry Au      
  0.000000000000000  0.000000000000000  0.000000000000000  0.000000000000000
  0.479099237026807  0.000000000000000  0.000000000000000  0.000000000000000
  0.000000000000000 -0.284857104029947  0.000000000000000  0.000000000000000
  0.000000000000000  0.000000000000000 -0.250089538492240  0.000000000000000
  0.000000000000000  0.000000000000000  0.000000000000000  0.479099237026807
  0.000000000000000  0.000000000000000  0.000000000000000  0.000000000000000
 -0.284857104029947  0.000000000000000  0.000000000000000  0.000000000000000
  0.000000000000000  0.000000000000000  0.000000000000000  0.000000000000000
  0.249738390364340  0.000000000000000  0.000000000000000  0.000000000000000
  0.000000000000000 -0.411166849275021  0.000000000000000  0.000000000000000
  0.000000000000000  0.000000000000000  0.000000000000000  0.000000000000000
  0.000000000000000  0.249738390364340  0.000000000000000  0.000000000000000
  0.000000000000000  0.000000000000000  0.000000000000000 -0.411166849275021
  0.000000000000000  0.000000000000000  0.000000000000000  0.000000000000000
  0.000000000000000  0.000000000000000 -0.250089538492240  0.000000000000000
   37 Orbital Energy     0.273148 Occupation  0.000000 Symmetry Au      
  0.000000000000000  0.000000000000000  0.000000000000000  0.000000000000000
  0.025795783339869  0.000000000000000  0.000000000000000  0.000000000000000
  0.000000000000000  0.559736240840303  0.000000000000000  0.000000000000000
  0.000000000000000  0.000000000000000 -0.583748768902108  0.000000000000000
  0.000000000000000  0.000000000000000  0.000000000000000  0.025795783339869
  0.000000000000000  0.000000000000000  0.000000000000000  0.000000000000000
  0.559736240840303  0.000000000000000  0.000000000000000  0.000000000000000
  0.000000000000000  0.000000000000000  0.000000000000000  0.000000000000000
 -0.002920861478346  0.000000000000000  0.000000000000000  0.000000000000000
  0.000000000000000 -0.005530871635218  0.000000000000000  0.000000000000000
  0.000000000000000  0.000000000000000  0.000000000000000  0.000000000000000
  0.000000000000000 -0.002920861478346  0.000000000000000  0.000000000000000
  0.000000000000000  0.000000000000000  0.000000000000000 -0.005530871635218
  0.000000000000000  0.000000000000000  0.000000000000000  0.000000000000000
  0.000000000000000  0.000000000000000 -0.583748768902108  0.000000000000000
   38 Orbital Energy     0.318639 Occupation  0.000000 Symmetry Bg      
  0.000000000000000  0.000000000000000  0.000000000000000  0.000000000000000
 -0.040136350162961  0.000000000000000  0.000000000000000  0.000000000000000
  0.000000000000000  0.216236571267712  0.000000000000000  0.000000000000000
  0.000000000000000  0.000000000000000 -0.221918492099942  0.000000000000000
  0.000000000000000  0.000000000000000  0.000000000000000  0.040136350162961
  0.000000000000000  0.000000000000000  0.000000000000000  0.000000000000000
 -0.216236571267712  0.000000000000000  0.000000000000000  0.000000000000000
  0.000000000000000  0.000000000000000  0.000000000000000  0.000000000000000
  0.531740550445399  0.000000000000000  0.000000000000000  0.000000000000000
  0.000000000000000 -0.537680573545135  0.000000000000000  0.000000000000000
  0.000000000000000  0.000000000000000  0.000000000000000  0.000000000000000
  0.000000000000000 -0.531740550445399  0.000000000000000  0.000000000000000
  0.000000000000000  0.000000000000000  0.000000000000000  0.537680573545135
  0.000000000000000  0.000000000000000  0.000000000000000  0.000000000000000
  0.000000000000000  0.000000000000000  0.221918492099942  0.000000000000000
   39 Orbital Energy     0.406145 Occupation  0.000000 Symmetry Au      
  0.000000000000000  0.000000000000000  0.000000000000000  0.000000000000000
  0.472356664005029  0.000000000000000  0.000000000000000  0.000000000000000
  0.000000000000000 -0.189432098651605  0.000000000000000  0.000000000000000
  0.000000000000000  0.000000000000000 -0.162307791293906  0.000000000000000
  0.000000000000000  0.000000000000000  0.000000000000000  0.472356664005029
  0.000000000000000  0.000000000000000  0.000000000000000  0.000000000000000
 -0.189432098651605  0.000000000000000  0.000000000000000  0.000000000000000
  0.000000000000000  0.000000000000000  0.000000000000000  0.000000000000000
 -0.539499282747774  0.000000000000000  0.000000000000000  0.000000000000000
  0.000000000000000  0.416285306960931  0.000000000000000  0.000000000000000
  0.000000000000000  0.000000000000000  0.000000000000000  0.000000000000000
  0.000000000000000 -0.539499282747774  0.000000000000000  0.000000000000000
  0.000000000000000  0.000000000000000  0.000000000000000  0.416285306960931
  0.000000000000000  0.000000000000000  0.000000000000000  0.000000000000000
  0.000000000000000  0.000000000000000 -0.162307791293906  0.000000000000000
   40 Orbital Energy     0.537517 Occupation  0.000000 Symmetry Bg      
  0.000000000000000  0.000000000000000  0.000000000000000  0.000000000000000
 -0.545482797935771  0.000000000000000  0.000000000000000  0.000000000000000
  0.000000000000000  0.479344515689434  0.000000000000000  0.000000000000000
  0.000000000000000  0.000000000000000 -0.477060336440807  0.000000000000000
  0.000000000000000  0.000000000000000  0.000000000000000  0.545482797935771
  0.000000000000000  0.000000000000000  0.000000000000000  0.000000000000000
 -0.479344515689434  0.000000000000000  0.000000000000000  0.000000000000000
  0.000000000000000  0.000000000000000  0.000000000000000  0.000000000000000
 -0.275151393119358  0.000000000000000  0.000000000000000  0.000000000000000
  0.000000000000000  0.158275625030627  0.000000000000000  0.000000000000000
  0.000000000000000  0.000000000000000  0.000000000000000  0.000000000000000
  0.000000000000000  0.275151393119358  0.000000000000000  0.000000000000000
  0.000000000000000  0.000000000000000  0.000000000000000 -0.158275625030627
  0.000000000000000  0.000000000000000  0.000000000000000  0.000000000000000
  0.000000000000000  0.000000000000000  0.477060336440807  0.000000000000000
   41 Orbital Energy     0.568559 Occupation  0.000000 Symmetry Ag      
  0.065516841690006 -0.395283396699797 -0.242861665138194 -0.170839759086477
  0.000000000000000  0.044068191850398 -0.276080009806025 -0.180800098848982
  0.146867275865904  0.000000000000000  0.030091616916122 -0.190842348671660
 -0.044695359835978  0.302558179311169  0.000000000000000  0.065516841690006
 -0.395283396699797  0.242861665138194  0.170839759086477  0.000000000000000
  0.044068191850398 -0.276080009806025  0.180800098848982 -0.146867275865904
  0.000000000000000  0.415958027681107  0.417238013558870  0.415958027681107
 -0.045545107491714  0.261345739627036  0.251192188504897  0.348211468332604
  0.000000000000000  0.033421591066894 -0.197320415996606  0.098707694534569
  0.205004641265343  0.000000000000000 -0.150038467034567  0.166621767186482
  0.351896629168837 -0.045545107491714  0.261345739627036 -0.251192188504897
 -0.348211468332604  0.000000000000000  0.166621767186482  0.033421591066894
 -0.197320415996606 -0.098707694534569 -0.205004641265343  0.000000000000000
 -0.150038467034567  0.351896629168837  0.030091616916122 -0.190842348671660
  0.044695359835978 -0.302558179311169  0.000000000000000  0.417238013558870
   42 Orbital Energy     0.582789 Occupation  0.000000 Symmetry Bu      
  0.036398076736698 -0.217624908738874 -0.084236510399456 -0.309579117116581
  0.000000000000000 -0.014218921120447  0.087489487907871  0.050563381143175
 -0.252471377294318  0.000000000000000  0.005434401710778 -0.028304717396897
  0.076547699337742 -0.332151285591481  0.000000000000000 -0.036398076736698
  0.217624908738874 -0.084236510399456 -0.309579117116581  0.000000000000000
  0.014218921120447 -0.087489487907871  0.050563381143175 -0.252471377294318
  0.000000000000000 -0.223461304621809 -0.314353590442912  0.223461304621809
 -0.003128445623773  0.022968177019292 -0.120167909754867 -0.416043849366622
  0.000000000000000 -0.004912824535054  0.034370928597907 -0.078120618548345
 -0.360326130376208  0.000000000000000  0.338026106189284 -0.434618200188896
 -0.321114219926264  0.003128445623773 -0.022968177019292 -0.120167909754867
 -0.416043849366622  0.000000000000000  0.434618200188896  0.004912824535054
 -0.034370928597907 -0.078120618548345 -0.360326130376208  0.000000000000000
 -0.338026106189284  0.321114219926264 -0.005434401710778  0.028304717396897
  0.076547699337742 -0.332151285591481  0.000000000000000  0.314353590442912
   43 Orbital Energy     0.632372 Occupation  0.000000 Symmetry Bu      
  0.050078023737691 -0.294048334001548 -0.472774230389081 -0.026184732226993
  0.000000000000000  0.000993134144839 -0.012193762049155 -0.414009601977843
  0.179862745299327  0.000000000000000  0.020867220958713 -0.131847083498475
 -0.283075326760838  0.087273661385170  0.000000000000000 -0.050078023737691
  0.294048334001548 -0.472774230389081 -0.026184732226993  0.000000000000000
 -0.000993134144839  0.012193762049155 -0.414009601977843  0.179862745299327
  0.000000000000000  0.462601484027226  0.137688872770594 -0.462601484027226
  0.088904177296970 -0.532485348623263 -0.298605458762272 -0.120787208523796
  0.000000000000000 -0.042622434465805  0.252459111303668 -0.092442109387560
 -0.115881367709394  0.000000000000000  0.009823196373299  0.189100848536338
 -0.300526370460324 -0.088904177296970  0.532485348623263 -0.298605458762272
 -0.120787208523796  0.000000000000000 -0.189100848536338  0.042622434465805
 -0.252459111303668 -0.092442109387560 -0.115881367709394  0.000000000000000
 -0.009823196373299  0.300526370460324 -0.020867220958713  0.131847083498475
 -0.283075326760838  0.087273661385170  0.000000000000000 -0.137688872770594
   44 Orbital Energy     0.634917 Occupation  0.000000 Symmetry Ag      
 -0.016161053188097  0.101033442132154 -0.101467270520753  0.063328897830164
  0.000000000000000  0.021852955292822 -0.143280159044577 -0.255914016688717
  0.116325978144823  0.000000000000000  0.060807279446193 -0.385455302056114
  0.103656735717625  0.065612464675813  0.000000000000000 -0.016161053188097
  0.101033442132154  0.101467270520753 -0.063328897830164  0.000000000000000
  0.021852955292822 -0.143280159044577  0.255914016688717 -0.116325978144823
  0.000000000000000  0.318962553356864  0.304559990585546  0.318962553356864
 -0.066136725812476  0.409888763779290  0.056353694106991 -0.335951662038853
  0.000000000000000  0.020137293514991 -0.113863506457709 -0.133389693775011
 -0.367952694605653  0.000000000000000  0.391067259687661 -0.583388308532306
 -0.258001984246018 -0.066136725812476  0.409888763779290 -0.056353694106991
  0.335951662038853  0.000000000000000 -0.583388308532306  0.020137293514991
 -0.113863506457709  0.133389693775011  0.367952694605653  0.000000000000000
  0.391067259687661 -0.258001984246018  0.060807279446193 -0.385455302056114
 -0.103656735717625 -0.065612464675813  0.000000000000000  0.304559990585546
   45 Orbital Energy     0.682201 Occupation  0.000000 Symmetry Ag      
  0.044044192384859 -0.273886761782877 -0.222193065673542  0.168627575218507
  0.000000000000000 -0.090138594430294  0.572056487198217 -0.011034692956787
  0.014017761323952  0.000000000000000  0.066015654581901 -0.420251797603316
 -0.146785830389071 -0.012181488830258  0.000000000000000  0.044044192384859
 -0.273886761782877  0.222193065673542 -0.168627575218507  0.000000000000000
 -0.090138594430294  0.572056487198217  0.011034692956787 -0.014017761323952
  0.000000000000000 -0.212614640062742  0.204155521977146 -0.212614640062742
 -0.021669101029365  0.146051767436553  0.259199857176948 -0.073154019519035
  0.000000000000000 -0.110774236322095  0.721309712650195 -0.193620618243156
  0.203977626097352  0.000000000000000 -0.554159455090251 -0.170688418669130
 -0.380641381776768 -0.021669101029365  0.146051767436553 -0.259199857176948
  0.073154019519035  0.000000000000000 -0.170688418669130 -0.110774236322095
  0.721309712650195  0.193620618243156 -0.203977626097352  0.000000000000000
 -0.554159455090251 -0.380641381776768  0.066015654581901 -0.420251797603316
  0.146785830389071  0.012181488830258  0.000000000000000  0.204155521977146
&
&hess
   1
   1  9.339051E-01
   2 -3.830308E-02  1.011574E+00
   3  3.101927E-25  6.098012E-42  4.526759E-01
   4 -2.562782E-01 -1.827193E-02  1.626136E-41  1.016420E+00
   5 -2.798403E-03 -4.845140E-01  8.271806E-25 -1.296850E-02  9.882702E-01
   6  3.308722E-24  6.504546E-41 -2.334685E-01 -1.654361E-24 -3.252273E-41
   7  2.247774E-02 -1.818721E-02  0.000000E+00 -4.403786E-01 -1.157561E-01
   8 -4.142005E-02  2.178685E-03  0.000000E+00 -1.004259E-01 -2.951026E-01
   9  0.000000E+00  0.000000E+00  3.556791E-02  0.000000E+00  0.000000E+00
  10  4.985721E-03  5.262794E-03 -2.067952E-25 -1.471856E-02  1.965543E-02
  11  5.262794E-03 -1.494963E-02 -4.065341E-42 -1.704666E-02  3.835228E-02
  12  0.000000E+00  0.000000E+00 -1.181771E-02  2.067952E-25  4.065341E-42
  13 -1.471856E-02 -1.704666E-02 -2.067952E-25 -1.311499E-05  2.387395E-03
  14  1.965543E-02  3.835228E-02 -4.065341E-42  2.387395E-03 -9.914377E-03
  15  0.000000E+00  0.000000E+00  3.659943E-02  1.654361E-24 -1.033976E-24
  16  2.061015E-02  3.614122E-03  0.000000E+00 -3.623164E-01  1.479189E-01
  17  3.216395E-02 -4.504010E-03  0.000000E+00  1.474971E-01 -2.335764E-01
  18  0.000000E+00  0.000000E+00  4.012543E-02  0.000000E+00  0.000000E+00
  19  8.523419E-04 -1.519661E-03  0.000000E+00  1.811330E-02 -3.384518E-02
  20 -1.632551E-03 -2.585488E-03  0.000000E+00  5.684332E-04  9.110005E-04
  21  0.000000E+00  0.000000E+00  7.470274E-03  0.000000E+00  0.000000E+00
  22  4.220616E-04 -4.715824E-03  2.067952E-25  1.411981E-03 -2.700282E-03
  23  1.341530E-04  2.812182E-03  4.065341E-42 -1.635359E-03  6.931620E-04
  24  0.000000E+00  0.000000E+00  7.495571E-03  0.000000E+00  0.000000E+00
  25  5.086750E-03 -7.089102E-03  0.000000E+00 -1.158509E-03  2.258921E-02
  26 -2.285333E-03  4.037285E-03  0.000000E+00 -2.115896E-03 -2.972637E-03
  27  4.135903E-25  8.130682E-42  1.073677E-14 -4.135903E-25 -8.130682E-42
  28 -1.297045E-02  5.517485E-03  8.130682E-42  5.405413E-03 -1.322315E-02
  29  1.938014E-04 -9.501812E-03  4.135903E-25  3.568348E-03  7.732294E-03
  30  4.135903E-25  2.067952E-25  2.778797E-15 -5.169879E-26 -1.016335E-42
  31  1.122065E-03  3.610047E-03  0.000000E+00 -2.826078E-03 -2.137377E-03
  32  1.599682E-03  8.208625E-03  0.000000E+00 -3.958399E-03  2.115348E-03
  33  1.550964E-25 -1.550964E-25 -6.923232E-15 -7.754818E-26  1.550964E-25
  34  3.108576E-06  2.624333E-04 -4.135903E-25 -1.115792E-03  3.054119E-03
  35 -1.736312E-03 -2.447616E-03 -8.130682E-42  1.517987E-03 -6.020604E-04
  36  5.169879E-26  1.016335E-42 -6.603717E-15 -1.033976E-25 -2.067952E-25
  37  8.787580E-04  3.920188E-03  2.584939E-26 -2.502843E-03 -2.769454E-04
  38  6.648673E-04 -1.911843E-03  5.081676E-43  1.177266E-03  1.382618E-03
  39  6.098012E-42  3.101927E-25  5.987059E-15  1.550964E-25  1.033976E-25
  40 -3.235210E-01 -4.512792E-02  8.271806E-25  2.294442E-02 -2.373104E-02
  41 -4.715613E-02 -2.706106E-01  1.626136E-41 -3.558338E-02  4.947269E-03
  42  4.135903E-25 -8.271806E-25 -2.191885E-01 -8.130682E-42 -4.135903E-25
  43  1.787034E-02 -3.118704E-02 -4.135903E-25  1.115792E-03 -3.054119E-03
  44  3.578338E-03 -7.394542E-04 -8.130682E-42 -1.517987E-03  6.020604E-04
  45  1.550964E-25  3.049006E-42  3.027156E-02  1.033976E-25 -2.067952E-25
  46  3.872961E-03  1.022298E-02  0.000000E+00 -5.706318E-03  1.303317E-02
  47 -2.151308E-02  4.638840E-02  0.000000E+00 -3.758326E-03 -7.852239E-03
  48 -4.065341E-42 -2.067952E-25  4.195213E-02 -5.169879E-26 -1.016335E-42
  49 -1.154699E-03 -3.599964E-03 -1.033976E-25  2.792851E-03  2.130617E-03
  50 -1.589598E-03 -8.211741E-03 -2.032671E-42  3.951639E-03 -2.116723E-03
  51  1.550964E-25  1.874081E-25 -1.083921E-02 -1.033976E-25  2.067952E-25
  52 -8.787580E-04 -3.920188E-03  0.000000E+00  2.502843E-03  2.769454E-04
  53 -6.648673E-04  1.911843E-03  0.000000E+00 -1.177266E-03 -1.382618E-03
  54  4.573509E-42  2.326445E-25  1.061712E-02  5.169879E-26 -2.067952E-25
  55 -4.214669E-01  1.219608E-01  0.000000E+00  1.626757E-02  1.898197E-05
  56  9.477054E-02 -3.171400E-01  0.000000E+00  3.887153E-02 -7.031615E-03
  57  0.000000E+00  0.000000E+00 -2.261339E-01  0.000000E+00  0.000000E+00
  58  1.890155E-02  3.459776E-02  0.000000E+00  4.044028E-05 -5.737305E-04
  59  1.075869E-03  1.653318E-03  0.000000E+00 -1.080022E-03  5.895484E-05
  60  0.000000E+00  0.000000E+00  3.867259E-02  0.000000E+00  0.000000E+00
   6
   6  4.865864E-01
   7  1.654361E-24  9.933650E-01
   8  3.252273E-41  9.725663E-03  1.011228E+00
   9 -2.406349E-01  0.000000E+00  0.000000E+00  4.820775E-01
  10  0.000000E+00 -4.214669E-01  9.477054E-02  0.000000E+00  9.339051E-01
  11  0.000000E+00  1.219608E-01 -3.171400E-01  0.000000E+00 -3.830308E-02
  12  3.659943E-02  0.000000E+00  0.000000E+00 -2.261339E-01 -3.101927E-25
  13  0.000000E+00  1.626757E-02  3.887153E-02  0.000000E+00 -2.562782E-01
  14  0.000000E+00  1.898197E-05 -7.031615E-03  0.000000E+00 -2.798403E-03
  15 -1.068010E-02  6.203855E-25  1.240771E-24  3.181017E-02 -3.308722E-24
  16 -1.654361E-24 -1.700004E-02  2.014571E-02  0.000000E+00  4.220616E-04
  17 -3.252273E-41 -1.363376E-02  2.716539E-02  0.000000E+00  1.341530E-04
  18 -1.578023E-01 -1.626136E-41 -8.271806E-25  4.148619E-02  0.000000E+00
  19  0.000000E+00 -1.355681E-01 -8.277589E-03  0.000000E+00  1.890155E-02
  20  0.000000E+00 -6.872122E-03 -4.537802E-01  0.000000E+00  1.075869E-03
  21  4.171687E-02  0.000000E+00  0.000000E+00 -1.559731E-01  0.000000E+00
  22 -4.135903E-25  7.079683E-03 -1.337040E-03  0.000000E+00  2.061015E-02
  23 -5.816114E-26 -1.600422E-03  1.718127E-03  0.000000E+00  3.216395E-02
  24  2.666882E-14  2.067952E-25 -4.135903E-25  6.752077E-03  0.000000E+00
  25  0.000000E+00 -1.843865E-02 -1.127329E-02  0.000000E+00 -3.235210E-01
  26  0.000000E+00  2.060728E-02  3.524846E-02  0.000000E+00 -4.715613E-02
  27  5.042523E-03 -8.130682E-42 -4.135903E-25  3.059944E-02 -4.135903E-25
  28  0.000000E+00 -7.813935E-03 -7.107096E-03  0.000000E+00  3.872961E-03
  29  0.000000E+00  2.798741E-04 -5.486248E-04  0.000000E+00 -2.151308E-02
  30  7.643592E-15  0.000000E+00  0.000000E+00  2.314445E-03  4.065341E-42
  31 -8.271806E-25  2.449618E-03  2.316241E-03  0.000000E+00 -1.154699E-03
  32 -1.626136E-41 -6.784581E-03  2.855395E-03  0.000000E+00 -1.589598E-03
  33 -5.614083E-15  9.047288E-26 -1.163223E-25 -1.732393E-14 -1.550964E-25
  34 -1.654361E-24 -8.870265E-04  2.476378E-03  0.000000E+00  1.787034E-02
  35  4.135903E-25  1.264747E-03 -7.417316E-04  0.000000E+00  3.578338E-03
  36 -1.465463E-14  9.047288E-26  1.033976E-25 -2.457792E-03 -1.550964E-25
  37  0.000000E+00 -5.572915E-04  2.162072E-03  0.000000E+00 -8.787580E-04
  38  0.000000E+00 -8.021076E-04 -1.210805E-03  0.000000E+00 -6.648673E-04
  39  6.656913E-15 -5.081676E-43 -2.584939E-26  1.763099E-14 -4.573509E-42
  40 -4.135903E-25  7.254533E-03 -7.453990E-03 -3.308722E-24  5.086750E-03
  41  2.067952E-25 -1.259570E-03 -2.849814E-03 -6.504546E-41 -2.285333E-03
  42  3.400941E-02  4.065341E-42  2.067952E-25  5.239204E-03 -4.135903E-25
  43 -4.135903E-25  7.636092E-04 -2.533962E-03  0.000000E+00  3.108576E-06
  44  1.033976E-25 -1.322331E-03  7.148648E-04  0.000000E+00 -1.736312E-03
  45  2.561551E-03  0.000000E+00  0.000000E+00  2.604874E-14 -5.169879E-26
  46  1.016335E-41  7.809988E-03  7.107611E-03  0.000000E+00 -1.297045E-02
  47  5.169879E-25 -2.793593E-04  5.485576E-04  0.000000E+00  1.938014E-04
  48 -2.412153E-03 -2.067952E-25 -4.065341E-42 -3.987588E-15 -4.135903E-25
  49 -4.135903E-25 -2.449618E-03 -2.316241E-03  0.000000E+00  1.122065E-03
  50  4.135903E-25  6.784581E-03 -2.855395E-03  0.000000E+00  1.599682E-03
  51 -3.070701E-14  0.000000E+00  0.000000E+00  2.947517E-14 -1.550964E-25
  52 -5.169879E-26  5.572915E-04 -2.162072E-03  0.000000E+00  8.787580E-04
  53 -4.135903E-25  8.021076E-04  1.210805E-03  0.000000E+00  6.648673E-04
  54  3.139626E-14  0.000000E+00  0.000000E+00 -2.823615E-14 -6.098012E-42
  55 -6.203855E-25 -1.145081E-02  7.104462E-03  0.000000E+00  2.247774E-02
  56 -1.240771E-24  7.104462E-03 -1.413572E-03  0.000000E+00 -4.142005E-02
  57  3.181017E-02  0.000000E+00  0.000000E+00 -1.064719E-02  0.000000E+00
  58  1.033976E-25 -2.014006E-03 -3.729328E-04  0.000000E+00  8.523419E-04
  59 -2.067952E-25 -2.050946E-03 -1.937344E-04  0.000000E+00 -1.632551E-03
  60  6.671734E-03  0.000000E+00  0.000000E+00 -1.547205E-13  0.000000E+00
  11
  11  1.011574E+00
  12 -6.098012E-42  4.526759E-01
  13 -1.827193E-02 -1.626136E-41  1.016420E+00
  14 -4.845140E-01 -8.271806E-25 -1.296850E-02  9.882702E-01
  15 -6.504546E-41 -2.334685E-01  1.654361E-24  3.252273E-41  4.865864E-01
  16 -4.715824E-03 -2.067952E-25  1.411981E-03 -2.700282E-03  4.135903E-25
  17  2.812182E-03 -4.065341E-42 -1.635359E-03  6.931620E-04  5.816114E-26
  18  0.000000E+00  7.495571E-03  0.000000E+00  0.000000E+00  2.666882E-14
  19  3.459776E-02  0.000000E+00  4.044028E-05 -5.737305E-04 -1.033976E-25
  20  1.653318E-03  0.000000E+00 -1.080022E-03  5.895484E-05  2.067952E-25
  21  0.000000E+00  3.867259E-02  0.000000E+00  0.000000E+00  6.671734E-03
  22  3.614122E-03  0.000000E+00 -3.623164E-01  1.479189E-01  1.654361E-24
  23 -4.504010E-03  0.000000E+00  1.474971E-01 -2.335764E-01  3.252273E-41
  24  0.000000E+00  4.012543E-02  0.000000E+00  0.000000E+00 -1.578023E-01
  25 -4.512792E-02 -8.271806E-25  2.294442E-02 -2.373104E-02  4.135903E-25
  26 -2.706106E-01 -1.626136E-41 -3.558338E-02  4.947269E-03 -2.067952E-25
  27  8.271806E-25 -2.191885E-01  8.130682E-42  4.135903E-25  3.400941E-02
  28  1.022298E-02  0.000000E+00 -5.706318E-03  1.303317E-02 -1.016335E-41
  29  4.638840E-02  0.000000E+00 -3.758326E-03 -7.852239E-03 -5.169879E-25
  30  2.067952E-25  4.195213E-02  5.169879E-26  1.016335E-42 -2.412153E-03
  31 -3.599964E-03  1.033976E-25  2.792851E-03  2.130617E-03  4.135903E-25
  32 -8.211741E-03  2.032671E-42  3.951639E-03 -2.116723E-03 -4.135903E-25
  33 -1.874081E-25 -1.083921E-02  1.033976E-25 -2.067952E-25 -3.070701E-14
  34 -3.118704E-02  4.135903E-25  1.115792E-03 -3.054119E-03  4.135903E-25
  35 -7.394542E-04  8.130682E-42 -1.517987E-03  6.020604E-04 -1.033976E-25
  36 -3.049006E-42  3.027156E-02 -1.033976E-25  2.067952E-25  2.561551E-03
  37 -3.920188E-03  0.000000E+00  2.502843E-03  2.769454E-04  5.169879E-26
  38  1.911843E-03  0.000000E+00 -1.177266E-03 -1.382618E-03  4.135903E-25
  39 -2.326445E-25  1.061712E-02 -5.169879E-26  2.067952E-25  3.139626E-14
  40 -7.089102E-03  0.000000E+00 -1.158509E-03  2.258921E-02  0.000000E+00
  41  4.037285E-03  0.000000E+00 -2.115896E-03 -2.972637E-03  0.000000E+00
  42 -8.130682E-42  1.073677E-14  4.135903E-25  8.130682E-42  5.042523E-03
  43  2.624333E-04  4.135903E-25 -1.115792E-03  3.054119E-03  1.654361E-24
  44 -2.447616E-03  8.130682E-42  1.517987E-03 -6.020604E-04 -4.135903E-25
  45 -1.016335E-42 -6.603717E-15  1.033976E-25  2.067952E-25 -1.465463E-14
  46  5.517485E-03 -8.130682E-42  5.405413E-03 -1.322315E-02  0.000000E+00
  47 -9.501812E-03 -4.135903E-25  3.568348E-03  7.732294E-03  0.000000E+00
  48 -2.067952E-25  2.778797E-15  5.169879E-26  1.016335E-42  7.643592E-15
  49  3.610047E-03  0.000000E+00 -2.826078E-03 -2.137377E-03  8.271806E-25
  50  8.208625E-03  0.000000E+00 -3.958399E-03  2.115348E-03  1.626136E-41
  51  1.550964E-25 -6.923232E-15  7.754818E-26 -1.550964E-25 -5.614083E-15
  52  3.920188E-03 -2.584939E-26 -2.502843E-03 -2.769454E-04  0.000000E+00
  53 -1.911843E-03 -5.081676E-43  1.177266E-03  1.382618E-03  0.000000E+00
  54 -3.101927E-25  5.987059E-15 -1.550964E-25 -1.033976E-25  6.656913E-15
  55 -1.818721E-02  0.000000E+00 -4.403786E-01 -1.157561E-01 -1.654361E-24
  56  2.178685E-03  0.000000E+00 -1.004259E-01 -2.951026E-01 -3.252273E-41
  57  0.000000E+00  3.556791E-02  0.000000E+00  0.000000E+00 -2.406349E-01
  58 -1.519661E-03  0.000000E+00  1.811330E-02 -3.384518E-02  0.000000E+00
  59 -2.585488E-03  0.000000E+00  5.684332E-04  9.110005E-04  0.000000E+00
  60  0.000000E+00  7.470274E-03  0.000000E+00  0.000000E+00  4.171687E-02
  16
  16  3.525356E-01
  17 -1.643263E-01  2.060222E-01
  18  0.000000E+00  0.000000E+00  7.806440E-02
  19 -3.814185E-04  3.461000E-04  0.000000E+00  9.991885E-02
  20 -6.169323E-04  3.680170E-04  0.000000E+00  1.025750E-02  4.535372E-01
  21  0.000000E+00  0.000000E+00 -9.476280E-03  0.000000E+00  0.000000E+00
  22 -2.723781E-03  1.432685E-03  0.000000E+00  3.814185E-04  6.169323E-04
  23  1.432685E-03 -2.496850E-04  0.000000E+00 -3.461000E-04 -3.680170E-04
  24 -3.811257E-43 -1.938705E-26 -1.022816E-14 -1.550964E-25 -5.169879E-26
  25  5.448777E-03 -2.731560E-03  0.000000E+00  1.577400E-03  9.200201E-04
  26  9.673808E-04  7.583987E-04  0.000000E+00 -6.340778E-04 -1.190535E-03
  27  0.000000E+00  0.000000E+00 -2.074229E-14  0.000000E+00  0.000000E+00
  28 -1.946636E-03 -7.312001E-04  0.000000E+00 -6.838758E-04 -3.298679E-03
  29 -6.640503E-04 -7.132412E-04  0.000000E+00  1.501623E-03  5.367476E-04
  30  1.033976E-25  2.032671E-42 -2.809558E-15 -6.462349E-27 -1.033976E-25
  31  6.739236E-04  8.091093E-04  0.000000E+00 -6.555080E-04 -1.200873E-04
  32  3.692114E-03 -1.235202E-03  0.000000E+00 -9.290513E-04 -3.706098E-04
  33 -1.292470E-26  6.462349E-27  2.040064E-15  4.685203E-26 -7.108583E-26
  34  1.514854E-03 -2.623132E-04 -8.271806E-25  3.259098E-05 -4.059886E-04
  35 -8.783384E-04  2.264741E-04 -1.626136E-41  3.030775E-04 -3.233793E-04
  36  5.169879E-26  1.016335E-42  6.068337E-15 -2.584939E-26 -5.081676E-43
  37  1.413271E-03  8.114310E-05  2.067952E-25 -5.595174E-04 -2.226227E-04
  38 -5.198335E-04 -3.050372E-04  4.065341E-42  3.434396E-04  4.978666E-04
  39  5.169879E-26  1.016335E-42 -2.903316E-15  5.169879E-26 -5.169879E-26
  40 -5.450192E-03  2.723188E-03 -5.686867E-25 -1.665977E-03 -8.822814E-04
  41 -9.757532E-04 -8.079371E-04  2.067952E-25  6.718165E-04  1.174456E-03
  42  2.032671E-42  1.033976E-25 -6.645042E-03 -2.067952E-25  1.033976E-25
  43 -1.514854E-03  2.623132E-04 -1.550964E-25 -3.259098E-05  4.059886E-04
  44  8.783384E-04 -2.264741E-04  7.754818E-26 -3.030775E-04  3.233793E-04
  45 -2.540838E-43 -1.292470E-26  1.501704E-14 -1.033976E-25 -2.032671E-42
  46  1.928802E-03  7.075265E-04 -1.240771E-24  6.838758E-04  3.298679E-03
  47  6.403768E-04  6.818161E-04 -1.486340E-25 -1.501623E-03 -5.367476E-04
  48  0.000000E+00  0.000000E+00 -3.262408E-15  1.292470E-26  2.540838E-43
  49 -6.739236E-04 -8.091093E-04  4.065341E-42  6.555080E-04  1.200873E-04
  50 -3.692114E-03  1.235202E-03  2.067952E-25  9.290513E-04  3.706098E-04
  51 -6.462349E-26 -1.270419E-42  1.323960E-14  0.000000E+00  0.000000E+00
  52 -1.413271E-03 -8.114310E-05  5.169879E-26  5.595174E-04  2.226227E-04
  53  5.198335E-04  3.050372E-04 -1.550964E-25 -3.434396E-04 -4.978666E-04
  54 -2.584939E-26 -2.584939E-26 -1.377606E-14 -2.032671E-42 -1.033976E-25
  55  7.079683E-03 -1.600422E-03 -2.067952E-25 -2.014006E-03 -2.050946E-03
  56 -1.337040E-03  1.718127E-03  4.135903E-25 -3.729328E-04 -1.937344E-04
  57  0.000000E+00  0.000000E+00  6.752077E-03  0.000000E+00  0.000000E+00
  58  3.814185E-04 -3.461000E-04  1.550964E-25 -1.557488E-04 -3.039004E-04
  59  6.169323E-04 -3.680170E-04  5.169879E-26 -3.039004E-04  4.149572E-04
  60  0.000000E+00  0.000000E+00 -4.799775E-14  0.000000E+00  0.000000E+00
  21
  21  7.721788E-02
  22  0.000000E+00  3.525356E-01
  23  0.000000E+00 -1.643263E-01  2.060222E-01
  24 -4.799775E-14  0.000000E+00  0.000000E+00  7.806440E-02
  25  0.000000E+00 -5.450192E-03  2.723188E-03  5.686867E-25  1.070614E+00
  26  0.000000E+00 -9.757532E-04 -8.079371E-04 -2.067952E-25 -1.245885E-01
  27 -6.300008E-03 -2.032671E-42 -1.033976E-25 -6.645042E-03 -8.271806E-25
  28  0.000000E+00  1.928802E-03  7.075265E-04  1.240771E-24 -6.149935E-01
  29  0.000000E+00  6.403768E-04  6.818161E-04  1.486340E-25  1.605541E-01
  30 -1.335636E-15  0.000000E+00  0.000000E+00 -3.262408E-15  0.000000E+00
  31  0.000000E+00 -6.739236E-04 -8.091093E-04 -4.065341E-42  1.398065E-02
  32  0.000000E+00 -3.692114E-03  1.235202E-03 -2.067952E-25  8.113757E-03
  33  1.458717E-14  6.462349E-26  1.270419E-42  1.323960E-14  2.032671E-42
  34  0.000000E+00 -1.514854E-03  2.623132E-04  1.550964E-25 -1.281848E-01
  35  0.000000E+00  8.783384E-04 -2.264741E-04 -7.754818E-26  3.125549E-02
  36  1.352450E-14  2.540838E-43  1.292470E-26  1.501704E-14  2.032671E-42
  37  0.000000E+00 -1.413271E-03 -8.114310E-05 -5.169879E-26 -8.192614E-03
  38  0.000000E+00  5.198335E-04  3.050372E-04  1.550964E-25  1.428095E-02
  39 -1.497690E-14  2.584939E-26  2.584939E-26 -1.377606E-14 -2.067952E-25
  40  0.000000E+00  5.448777E-03 -2.731560E-03  0.000000E+00 -4.922146E-02
  41  0.000000E+00  9.673808E-04  7.583987E-04  0.000000E+00  2.781373E-03
  42 -6.576950E-15  0.000000E+00  0.000000E+00 -2.074229E-14  0.000000E+00
  43  0.000000E+00  1.514854E-03 -2.623132E-04  8.271806E-25 -8.412444E-03
  44  0.000000E+00 -8.783384E-04  2.264741E-04  1.626136E-41  1.193002E-03
  45 -4.246703E-15 -5.169879E-26 -1.016335E-42  6.068337E-15 -1.016335E-42
  46  0.000000E+00 -1.946636E-03 -7.312001E-04  0.000000E+00  3.164064E-02
  47  0.000000E+00 -6.640503E-04 -7.132412E-04  0.000000E+00 -1.501138E-02
  48 -7.742177E-16 -1.033976E-25 -2.032671E-42 -2.809558E-15  0.000000E+00
  49  0.000000E+00  6.739236E-04  8.091093E-04  0.000000E+00  1.881808E-03
  50  0.000000E+00  3.692114E-03 -1.235202E-03  0.000000E+00 -5.323097E-03
  51 -8.099869E-15  1.292470E-26 -6.462349E-27  2.040064E-15  1.033976E-25
  52  0.000000E+00  1.413271E-03  8.114310E-05 -2.067952E-25 -1.189737E-03
  53  0.000000E+00 -5.198335E-04 -3.050372E-04 -4.065341E-42 -1.198938E-03
  54  7.180856E-15 -5.169879E-26 -1.016335E-42 -2.903316E-15  0.000000E+00
  55  0.000000E+00 -1.700004E-02 -1.363376E-02  1.626136E-41  7.254533E-03
  56  0.000000E+00  2.014571E-02  2.716539E-02  8.271806E-25 -7.453990E-03
  57 -1.547205E-13  0.000000E+00  0.000000E+00  4.148619E-02  3.308722E-24
  58  0.000000E+00 -3.814185E-04  3.461000E-04  0.000000E+00 -1.665977E-03
  59  0.000000E+00 -6.169323E-04  3.680170E-04  0.000000E+00 -8.822814E-04
  60  6.527131E-14  0.000000E+00  0.000000E+00 -9.476280E-03  0.000000E+00
  26
  26  9.486983E-01
  27 -1.626136E-41  4.774359E-01
  28  1.499160E-01 -8.271806E-25  1.094201E+00
  29 -3.079036E-01  2.067952E-25 -9.033603E-02  9.619398E-01
  30  0.000000E+00 -2.725869E-01  2.067952E-25 -1.033976E-25  5.001222E-01
  31  3.528040E-02  0.000000E+00 -1.481054E-01  6.494637E-02  0.000000E+00
  32  6.794398E-03  0.000000E+00  5.652553E-02 -4.456327E-01  0.000000E+00
  33  1.033976E-25  4.775014E-02 -1.809458E-25  5.169879E-26 -1.609178E-01
  34  2.769065E-02 -2.067952E-25  1.154169E-02  4.021285E-02  0.000000E+00
  35 -4.487326E-01 -4.065341E-42 -9.213005E-04  3.289646E-03  0.000000E+00
  36  1.033976E-25 -1.430289E-01 -4.135903E-25  5.169879E-26  4.391858E-02
  37 -2.305282E-02  5.169879E-26 -3.506893E-01 -1.510891E-01 -1.016335E-42
  38  3.197143E-02  1.016335E-42 -1.445316E-01 -2.445854E-01 -5.169879E-26
  39  7.108583E-26  4.767278E-02  2.067952E-25  4.065341E-42 -1.523906E-01
  40  2.781373E-03  8.271806E-25  3.164064E-02 -1.501138E-02  0.000000E+00
  41  2.501365E-03  2.067952E-25 -4.979713E-03  1.878526E-04  0.000000E+00
  42  0.000000E+00 -1.809929E-14  0.000000E+00  0.000000E+00 -1.975802E-15
  43  1.758224E-03 -3.275299E-43  4.422786E-03 -2.801309E-03  5.169879E-26
  44  3.178841E-04 -1.666074E-26  2.566589E-03  5.659627E-04 -1.033976E-25
  45 -5.169879E-26  7.876768E-15  2.032671E-42  1.033976E-25  9.110055E-16
  46 -4.979713E-03  0.000000E+00 -7.887349E-03  1.721812E-02  4.065341E-42
  47  1.878526E-04  0.000000E+00  1.721812E-02 -4.274187E-03  2.067952E-25
  48  0.000000E+00 -1.975802E-15  0.000000E+00  0.000000E+00 -2.928205E-15
  49  1.892058E-03 -2.067952E-25 -6.868018E-03 -1.212500E-03  5.169879E-26
  50 -2.546982E-04  6.462349E-27 -3.346735E-03 -4.029380E-04  1.016335E-42
  51 -6.462349E-26  5.388055E-15  1.033976E-25  2.032671E-42  1.158570E-15
  52  1.065995E-03  1.033976E-25 -3.841932E-03 -9.487290E-04  5.169879E-26
  53 -1.314730E-03 -1.033976E-25  2.361781E-03  8.032223E-05  1.016335E-42
  54  0.000000E+00 -6.015610E-15 -2.067952E-25 -2.584939E-26  9.254188E-17
  55 -1.259570E-03 -4.065341E-42  7.809988E-03 -2.793593E-04  2.067952E-25
  56 -2.849814E-03 -2.067952E-25  7.107611E-03  5.485576E-04  4.065341E-42
  57  6.504546E-41  5.239204E-03  0.000000E+00  0.000000E+00 -3.987588E-15
  58  6.718165E-04  2.067952E-25  6.838758E-04 -1.501623E-03 -1.292470E-26
  59  1.174456E-03 -1.033976E-25  3.298679E-03 -5.367476E-04 -2.540838E-43
  60  0.000000E+00 -6.576950E-15  0.000000E+00  0.000000E+00 -7.742177E-16
  31
  31  1.082002E-01
  32 -6.187849E-02  4.500337E-01
  33 -2.584939E-26 -3.877409E-26  6.991575E-02
  34 -1.150560E-03  1.342237E-03 -2.584939E-26  1.038000E-01
  35  5.331884E-04 -3.458844E-04  1.292470E-26 -3.631870E-02  4.474666E-01
  36 -5.169879E-26  7.754818E-26  1.367534E-02 -3.176048E-43 -1.615587E-26
  37  2.710419E-02  5.619794E-03 -2.858443E-43 -1.813184E-04  1.179919E-04
  38 -3.892364E-02 -7.221730E-03 -1.454028E-26  7.228264E-04  1.058819E-04
  39  1.033976E-25  2.032671E-42  4.041577E-02 -2.584939E-26 -5.081676E-43
  40  1.881808E-03 -5.323097E-03 -1.033976E-25 -8.412444E-03  1.193002E-03
  41  1.892058E-03 -2.546982E-04  6.462349E-26  1.758224E-03  3.178841E-04
  42  2.067952E-25 -6.462349E-27  5.388055E-15  3.275299E-43  1.666074E-26
  43  1.150560E-03 -1.342237E-03 -7.754818E-26 -9.173298E-04  4.404810E-04
  44 -5.331884E-04  3.458844E-04  2.584939E-26  4.404810E-04  3.064347E-04
  45  0.000000E+00  0.000000E+00 -1.316975E-15  0.000000E+00  0.000000E+00
  46 -6.868018E-03 -3.346735E-03 -1.033976E-25  4.422786E-03  2.566589E-03
  47 -1.212500E-03 -4.029380E-04 -2.032671E-42 -2.801309E-03  5.659627E-04
  48 -5.169879E-26 -1.016335E-42  1.158570E-15 -5.169879E-26  1.033976E-25
  49  2.358974E-03  8.710450E-04  1.016335E-42  1.150560E-03 -5.331884E-04
  50  8.710450E-04 -3.513342E-03  5.169879E-26 -1.342237E-03  3.458844E-04
  51  0.000000E+00  0.000000E+00 -2.172920E-16  7.754818E-26 -2.584939E-26
  52  1.513453E-03 -5.851302E-04  0.000000E+00  1.813184E-04 -1.179919E-04
  53 -9.785621E-04  2.017901E-04  0.000000E+00 -7.228264E-04 -1.058819E-04
  54  5.169879E-26  1.016335E-42  3.159277E-16  7.754818E-26  1.524503E-42
  55 -2.449618E-03  6.784581E-03  0.000000E+00  7.636092E-04 -1.322331E-03
  56 -2.316241E-03 -2.855395E-03  0.000000E+00 -2.533962E-03  7.148648E-04
  57  0.000000E+00  0.000000E+00  2.947517E-14  0.000000E+00  0.000000E+00
  58  6.555080E-04  9.290513E-04  0.000000E+00 -3.259098E-05 -3.030775E-04
  59  1.200873E-04  3.706098E-04  0.000000E+00  4.059886E-04  3.233793E-04
  60  0.000000E+00  0.000000E+00 -8.099869E-15  0.000000E+00  0.000000E+00
  36
  36  6.845476E-02
  37  0.000000E+00  3.346666E-01
  38  0.000000E+00  1.695252E-01  2.203545E-01
  39 -1.339514E-02 -5.169879E-26  3.877409E-26  6.708003E-02
  40  1.016335E-42 -1.189737E-03 -1.198938E-03  0.000000E+00  1.070614E+00
  41  5.169879E-26  1.065995E-03 -1.314730E-03  0.000000E+00 -1.245885E-01
  42  7.876768E-15 -1.033976E-25  1.033976E-25 -6.015610E-15  8.271806E-25
  43 -4.764072E-43  1.813184E-04 -7.228264E-04 -7.754818E-26 -1.281848E-01
  44 -2.423381E-26 -1.179919E-04 -1.058819E-04 -1.524503E-42  3.125549E-02
  45 -2.759107E-15 -5.169879E-26 -1.016335E-42  1.699210E-15 -2.032671E-42
  46 -2.032671E-42 -3.841932E-03  2.361781E-03  2.067952E-25 -6.149935E-01
  47 -1.033976E-25 -9.487290E-04  8.032223E-05  2.584939E-26  1.605541E-01
  48  9.110055E-16 -5.169879E-26 -1.016335E-42  9.254188E-17  0.000000E+00
  49  0.000000E+00  1.513453E-03 -9.785621E-04 -5.169879E-26  1.398065E-02
  50  0.000000E+00 -5.851302E-04  2.017901E-04 -1.016335E-42  8.113757E-03
  51 -1.316975E-15  0.000000E+00  0.000000E+00  3.159277E-16 -2.032671E-42
  52  5.169879E-26  6.293823E-04 -5.352296E-04  5.169879E-26 -8.192614E-03
  53  1.016335E-42 -5.352296E-04  5.138014E-04  4.523644E-26  1.428095E-02
  54  1.699210E-15  1.033976E-25  2.032671E-42 -9.571868E-16  2.067952E-25
  55  0.000000E+00  5.572915E-04  8.021076E-04  0.000000E+00 -1.843865E-02
  56  0.000000E+00 -2.162072E-03  1.210805E-03  0.000000E+00 -1.127329E-02
  57  2.604874E-14  0.000000E+00  0.000000E+00 -2.823615E-14  0.000000E+00
  58  1.033976E-25  5.595174E-04 -3.434396E-04  2.032671E-42  1.577400E-03
  59  2.032671E-42  2.226227E-04 -4.978666E-04  1.033976E-25  9.200201E-04
  60 -4.246703E-15  0.000000E+00  0.000000E+00  7.180856E-15  0.000000E+00
  41
  41  9.486983E-01
  42  1.626136E-41  4.774359E-01
  43  2.769065E-02  2.067952E-25  1.038000E-01
  44 -4.487326E-01  4.065341E-42 -3.631870E-02  4.474666E-01
  45 -1.033976E-25 -1.430289E-01  3.176048E-43  1.615587E-26  6.845476E-02
  46  1.499160E-01  8.271806E-25  1.154169E-02 -9.213005E-04  4.135903E-25
  47 -3.079036E-01 -2.067952E-25  4.021285E-02  3.289646E-03 -5.169879E-26
  48  0.000000E+00 -2.725869E-01  0.000000E+00  0.000000E+00  4.391858E-02
  49  3.528040E-02  0.000000E+00 -1.150560E-03  5.331884E-04  5.169879E-26
  50  6.794398E-03  0.000000E+00  1.342237E-03 -3.458844E-04 -7.754818E-26
  51 -1.033976E-25  4.775014E-02  2.584939E-26 -1.292470E-26  1.367534E-02
  52 -2.305282E-02 -5.169879E-26 -1.813184E-04  1.179919E-04  0.000000E+00
  53  3.197143E-02 -1.016335E-42  7.228264E-04  1.058819E-04  0.000000E+00
  54 -7.108583E-26  4.767278E-02  2.584939E-26  5.081676E-43 -1.339514E-02
  55  2.060728E-02  8.130682E-42 -8.870265E-04  1.264747E-03 -9.047288E-26
  56  3.524846E-02  4.135903E-25  2.476378E-03 -7.417316E-04 -1.033976E-25
  57  0.000000E+00  3.059944E-02  0.000000E+00  0.000000E+00 -2.457792E-03
  58 -6.340778E-04  0.000000E+00  3.259098E-05  3.030775E-04  2.584939E-26
  59 -1.190535E-03  0.000000E+00 -4.059886E-04 -3.233793E-04  5.081676E-43
  60  0.000000E+00 -6.300008E-03  0.000000E+00  0.000000E+00  1.352450E-14
  46
  46  1.094201E+00
  47 -9.033603E-02  9.619398E-01
  48 -2.067952E-25  1.033976E-25  5.001222E-01
  49 -1.481054E-01  6.494637E-02  0.000000E+00  1.082002E-01
  50  5.652553E-02 -4.456327E-01  0.000000E+00 -6.187849E-02  4.500337E-01
  51  1.809458E-25 -5.169879E-26 -1.609178E-01  2.584939E-26  3.877409E-26
  52 -3.506893E-01 -1.510891E-01  1.016335E-42  2.710419E-02  5.619794E-03
  53 -1.445316E-01 -2.445854E-01  5.169879E-26 -3.892364E-02 -7.221730E-03
  54 -2.067952E-25 -4.065341E-42 -1.523906E-01 -1.033976E-25 -2.032671E-42
  55 -7.813935E-03  2.798741E-04  0.000000E+00  2.449618E-03 -6.784581E-03
  56 -7.107096E-03 -5.486248E-04  0.000000E+00  2.316241E-03  2.855395E-03
  57  0.000000E+00  0.000000E+00  2.314445E-03  0.000000E+00  0.000000E+00
  58 -6.838758E-04  1.501623E-03  6.462349E-27 -6.555080E-04 -9.290513E-04
  59 -3.298679E-03  5.367476E-04  1.033976E-25 -1.200873E-04 -3.706098E-04
  60  0.000000E+00  0.000000E+00 -1.335636E-15  0.000000E+00  0.000000E+00
  51
  51  6.991575E-02
  52  2.858443E-43  3.346666E-01
  53  1.454028E-26  1.695252E-01  2.203545E-01
  54  4.041577E-02  5.169879E-26 -3.877409E-26  6.708003E-02
  55 -9.047288E-26 -5.572915E-04 -8.021076E-04  5.081676E-43  9.933650E-01
  56  1.163223E-25  2.162072E-03 -1.210805E-03  2.584939E-26  9.725663E-03
  57 -1.732393E-14  0.000000E+00  0.000000E+00  1.763099E-14  0.000000E+00
  58 -4.685203E-26 -5.595174E-04  3.434396E-04 -5.169879E-26 -1.355681E-01
  59  7.108583E-26 -2.226227E-04  4.978666E-04  5.169879E-26 -6.872122E-03
  60  1.458717E-14  0.000000E+00  0.000000E+00 -1.497690E-14  0.000000E+00
  56
  56  1.011228E+00
  57  0.000000E+00  4.820775E-01
  58 -8.277589E-03  0.000000E+00  9.991885E-02
  59 -4.537802E-01  0.000000E+00  1.025750E-02  4.535372E-01
  60  0.000000E+00 -1.559731E-01  0.000000E+00  0.000000E+00  7.721788E-02
&
&valid
version=1.0
geometry
atom_num=20
   6     1.2469471290     0.6612847868     0.0000000000
   6     1.1739528826    -0.7322224821     0.0000000000
   6    -0.0484979307    -1.3769859539     0.0000000000
   6    -1.2469471290    -0.6612847868     0.0000000000
   6    -1.1739528826     0.7322224821     0.0000000000
   1     2.0802373184    -1.3223861191     0.0000000000
   1    -0.0789945842    -2.4591612438     0.0000000000
   1    -2.0802373184     1.3223861191     0.0000000000
   6    -2.5420014405    -1.4097852839     0.0000000000
   6    -3.7501085678    -0.8942545016     0.0000000000
   1    -3.9373427278     0.1700074204     0.0000000000
   1    -2.4308279918    -2.4885176119     0.0000000000
   1    -4.6286267658    -1.5243231220     0.0000000000
   6     2.5420014405     1.4097852839     0.0000000000
   1     2.4308279918     2.4885176119     0.0000000000
   6     3.7501085678     0.8942545016     0.0000000000
   1     3.9373427278    -0.1700074204     0.0000000000
   1     4.6286267658     1.5243231220     0.0000000000
   6     0.0484979307     1.3769859539     0.0000000000
   1     0.0789945842     2.4591612438     0.0000000000
end
molecule
molchg=0
multip=1
qs_cuts=   0    0    0
end
basis
name=sto-3g                          
numd=5
atom_basis_num=0
end
&
