MAEFILE: dvb_gopt_ks.01.mae
&gen 
basis=sto-3g 
igeopt=1 
dftname=b3lyp 
&
&zmat
 C1              1.2664853618             0.6754149077            0.0000000000
 C2              1.1951808177            -0.7439117704            0.0000000000
 C3             -0.0434897126            -1.4014792992            0.0000000000
 C4             -1.2664853618            -0.6754149077            0.0000000000
 C5             -1.1951808177             0.7439117704            0.0000000000
 H6              2.1191555897            -1.3364613763            0.0000000000
 H7             -0.0751629701            -2.4996846665            0.0000000000
 H8             -2.1191555897             1.3364613763            0.0000000000
 C9             -2.5611302252            -1.4282803389            0.0000000000
 C10            -3.7967179256            -0.8983077738            0.0000000000
 H11            -3.9755918388             0.1830473945            0.0000000000
 H12            -2.4498213001            -2.5231286073            0.0000000000
 H13            -4.6885215900            -1.5359770055            0.0000000000
 C14             2.5611302252             1.4282803389            0.0000000000
 H15             2.4498213001             2.5231286073            0.0000000000
 C16             3.7967179256             0.8983077738            0.0000000000
 H17             3.9755918388            -0.1830473945            0.0000000000
 H18             4.6885215900             1.5359770055            0.0000000000
 C19             0.0434897126             1.4014792992            0.0000000000
 H20             0.0751629701             2.4996846665            0.0000000000
&
&guess  basgss=sto-3g numd=5
    1 Orbital Energy   -10.020199 Occupation  1.000000 Symmetry Bu      
  0.699298066356231  0.031568691870495 -0.000857412024961 -0.000318678585473
  0.000000000000000 -0.019149665170784 -0.007712826873669  0.000071100699926
 -0.004379613606859  0.000000000000000  0.018570814009419  0.007727046453765
 -0.003622144376086  0.002500296730231  0.000000000000000 -0.699298066356231
 -0.031568691870495 -0.000857412024961 -0.000318678585473  0.000000000000000
  0.019149665170784  0.007712826873669  0.000071100699926 -0.004379613606859
  0.000000000000000  0.000332638478927 -0.000333110399006 -0.000332638478927
  0.027338025714375  0.006721188418730  0.003471350889945  0.002132707027017
  0.000000000000000 -0.000181568577950 -0.000473417044915 -0.000265505570144
 -0.000095142735396  0.000000000000000  0.000148563796795 -0.000325209357451
  0.000028666503641 -0.027338025714375 -0.006721188418730  0.003471350889945
  0.002132707027017  0.000000000000000  0.000325209357451  0.000181568577950
  0.000473417044915 -0.000265505570144 -0.000095142735396  0.000000000000000
 -0.000148563796795 -0.000028666503641 -0.018570814009419 -0.007727046453765
 -0.003622144376086  0.002500296730230  0.000000000000000  0.000333110399006
    2 Orbital Energy   -10.020151 Occupation  1.000000 Symmetry Ag      
  0.699295696310226  0.031362002638106 -0.000618152627911 -0.000180717629376
  0.000000000000000 -0.019410639483701 -0.006878732552655 -0.000368890028424
 -0.004413237466104  0.000000000000000 -0.019054223409447 -0.006915164372510
  0.003905699607549 -0.002185362345105  0.000000000000000  0.699295696310226
  0.031362002638106  0.000618152627911  0.000180717629376  0.000000000000000
 -0.019410639483701 -0.006878732552655  0.000368890028424  0.004413237466104
  0.000000000000000  0.000222635989822  0.000219809785027  0.000222635989822
 -0.027701954150122 -0.006789293405696 -0.003504678053754 -0.002152190288455
  0.000000000000000  0.000195345288176  0.000476621772118  0.000272002742110
  0.000096707571464  0.000000000000000 -0.000140724333061  0.000336496209764
 -0.000027762945333 -0.027701954150122 -0.006789293405696  0.003504678053754
  0.002152190288455  0.000000000000000  0.000336496209764  0.000195345288176
  0.000476621772118 -0.000272002742110 -0.000096707571464  0.000000000000000
 -0.000140724333061 -0.000027762945333 -0.019054223409447 -0.006915164372510
 -0.003905699607549  0.002185362345105  0.000000000000000  0.000219809785027
    3 Orbital Energy   -10.008068 Occupation  1.000000 Symmetry Bu      
 -0.027924568892987  0.004124938164821  0.003715314775204  0.001967889552030
  0.000000000000000  0.007996799969519  0.000456543961735 -0.000116322336956
  0.000100619345593  0.000000000000000 -0.009040946428288 -0.000547648158108
  0.000033960476362 -0.000123937389409  0.000000000000000  0.027924568892987
 -0.004124938164821  0.003715314775204  0.001967889552030  0.000000000000000
 -0.007996799969519 -0.000456543961735 -0.000116322336956  0.000100619345593
  0.000000000000000  0.000057110966092  0.000079824277971 -0.000057110966092
  0.699822139040310  0.030781314597117 -0.001250646929260  0.000358074344393
  0.000000000000000 -0.008157884326805 -0.007611899274298 -0.004234354527265
  0.001778083202485  0.000000000000000  0.000186247683287 -0.006422002955254
  0.000215822316359 -0.699822139040310 -0.030781314597117 -0.001250646929260
  0.000358074344393  0.000000000000000  0.006422002955254  0.008157884326805
  0.007611899274298 -0.004234354527265  0.001778083202485  0.000000000000000
 -0.000186247683287 -0.000215822316359  0.009040946428288  0.000547648158108
  0.000033960476362 -0.000123937389409  0.000000000000000 -0.000079824277971
    4 Orbital Energy   -10.008067 Occupation  1.000000 Symmetry Ag      
 -0.028132887899248  0.004071576296755  0.003691578784794  0.001951275416136
  0.000000000000000  0.010501008339364  0.000428889718693 -0.000077842036186
  0.000195034205108  0.000000000000000  0.011874805114910  0.000566659652762
 -0.000118888504171  0.000159466182041  0.000000000000000 -0.028132887899248
  0.004071576296755 -0.003691578784794 -0.001951275416136  0.000000000000000
  0.010501008339364  0.000428889718693  0.000077842036186 -0.000195034205108
  0.000000000000000  0.000059525862018 -0.000084751684411  0.000059525862018
 -0.699739504992105 -0.030762788065170  0.001259641561135 -0.000352561264786
  0.000000000000000  0.008151346566710  0.007610281621096  0.004232689080368
 -0.001778963874337  0.000000000000000 -0.000186658124412  0.006419745485092
 -0.000216052859359 -0.699739504992105 -0.030762788065170 -0.001259641561135
  0.000352561264786  0.000000000000000  0.006419745485092  0.008151346566710
  0.007610281621096 -0.004232689080368  0.001778963874337  0.000000000000000
 -0.000186658124412 -0.000216052859359  0.011874805114910  0.000566659652762
  0.000118888504171 -0.000159466182041  0.000000000000000 -0.000084751684411
    5 Orbital Energy   -10.006796 Occupation  1.000000 Symmetry Bu      
 -0.027550924272048  0.007901792561330 -0.002106078497284 -0.002774671534560
  0.000000000000000 -0.612323542751178 -0.030333203518385  0.002801620217766
  0.000694909713931  0.000000000000000  0.338125608547590  0.020796449863697
  0.003568848708111  0.002352300050387  0.000000000000000  0.027550924272048
 -0.007901792561330 -0.002106078497284 -0.002774671534560  0.000000000000000
  0.612323542751178  0.030333203518385  0.002801620217766  0.000694909713931
  0.000000000000000  0.005634554173541 -0.003217562472395 -0.005634554173541
  0.010360884592384  0.000577411118015 -0.000057806534411  0.000035467318449
  0.000000000000000 -0.000929810791468 -0.000239832355297 -0.000121702657716
 -0.000032652280750  0.000000000000000  0.000158211813668 -0.000145875793919
 -0.000010117169741 -0.010360884592384 -0.000577411118015 -0.000057806534411
  0.000035467318449  0.000000000000000  0.000145875793919  0.000929810791468
  0.000239832355297 -0.000121702657716 -0.000032652280750  0.000000000000000
 -0.000158211813668  0.000010117169741 -0.338125608547590 -0.020796449863697
  0.003568848708111  0.002352300050387  0.000000000000000  0.003217562472395
    6 Orbital Energy   -10.006791 Occupation  1.000000 Symmetry Ag      
 -0.007059863489462  0.001758995800629  0.001806220216091 -0.004876165647024
  0.000000000000000 -0.597253525587327 -0.029710891143272  0.002698942553816
  0.000891180636884  0.000000000000000  0.365089215046244  0.021678341715681
  0.003407915632361  0.002226143614171  0.000000000000000 -0.007059863489462
  0.001758995800629 -0.001806220216091  0.004876165647024  0.000000000000000
 -0.597253525587327 -0.029710891143272 -0.002698942553816 -0.000891180636884
  0.000000000000000  0.005514236951274 -0.003387861889654  0.005514236951274
 -0.002493208477646 -0.000102616632493  0.000091986892275 -0.000086876225820
  0.000000000000000  0.000440432794396  0.000101705827094  0.000029968762594
  0.000032415734315  0.000000000000000 -0.000159693562940  0.000047086399915
  0.000005546060372 -0.002493208477646 -0.000102616632493 -0.000091986892275
  0.000086876225820  0.000000000000000  0.000047086399915  0.000440432794396
  0.000101705827094 -0.000029968762594 -0.000032415734315  0.000000000000000
 -0.000159693562940  0.000005546060372  0.365089215046244  0.021678341715681
 -0.003407915632361 -0.002226143614171  0.000000000000000 -0.003387861889654
    7 Orbital Energy   -10.006045 Occupation  1.000000 Symmetry Bu      
 -0.007535193472584  0.002281750857277 -0.003156043986231  0.003960615751931
  0.000000000000000  0.339490655157708  0.009190523773687  0.002981733846409
  0.001971801461459  0.000000000000000  0.613081524215479  0.023898813873255
 -0.001681619759631 -0.000144561981975  0.000000000000000  0.007535193472584
 -0.002281750857277 -0.003156043986231  0.003960615751931  0.000000000000000
 -0.339490655157708 -0.009190523773687  0.002981733846409  0.001971801461459
  0.000000000000000 -0.002905692930728 -0.005438969188309  0.002905692930728
  0.003779919889073  0.000213691708316 -0.000024779177573 -0.000011219108620
  0.000000000000000  0.000084036696714 -0.000051716762348 -0.000037228614984
  0.000037537161575  0.000000000000000 -0.000063990901603 -0.000065383243132
  0.000008715130492 -0.003779919889073 -0.000213691708316 -0.000024779177573
 -0.000011219108620  0.000000000000000  0.000065383243132 -0.000084036696714
  0.000051716762348 -0.000037228614984  0.000037537161575  0.000000000000000
  0.000063990901603 -0.000008715130492 -0.613081524215479 -0.023898813873255
 -0.001681619759631 -0.000144561981975  0.000000000000000  0.005438969188309
    8 Orbital Energy   -10.005908 Occupation  1.000000 Symmetry Ag      
 -0.028392782276381  0.007326686593305 -0.003203589563213 -0.000327669588844
  0.000000000000000 -0.365365516012683 -0.010465518610898 -0.003002472473945
 -0.001716337975972  0.000000000000000 -0.597411996871225 -0.022817707845308
  0.001762154115737  0.000608660169973  0.000000000000000 -0.028392782276381
  0.007326686593305  0.003203589563213  0.000327669588844  0.000000000000000
 -0.365365516012683 -0.010465518610898  0.003002472473945  0.001716337975972
  0.000000000000000  0.003324116460529  0.005457442908243  0.003324116460529
 -0.014578878341835 -0.000636660543017  0.000166956418249  0.000049555917181
  0.000000000000000  0.001086452464584  0.000286772518262  0.000173816321934
  0.000010200694097  0.000000000000000 -0.000072214293697  0.000224762409588
  0.000010702433082 -0.014578878341835 -0.000636660543017 -0.000166956418249
 -0.000049555917181  0.000000000000000  0.000224762409588  0.001086452464584
  0.000286772518262 -0.000173816321934 -0.000010200694097  0.000000000000000
 -0.000072214293697  0.000010702433082 -0.597411996871225 -0.022817707845308
 -0.001762154115737 -0.000608660169973  0.000000000000000  0.005457442908243
    9 Orbital Energy    -9.992311 Occupation  1.000000 Symmetry Bu      
  0.000178047502492  0.000158305976346  0.000053605179618 -0.000005602613074
  0.000000000000000  0.000787239840335 -0.000015078161647 -0.000097124782103
 -0.000039450554062  0.000000000000000 -0.000284060495124  0.000002309064581
 -0.000078270290664 -0.000019847889134  0.000000000000000 -0.000178047502492
 -0.000158305976346  0.000053605179618 -0.000005602613074  0.000000000000000
 -0.000787239840335  0.000015078161647 -0.000097124782103 -0.000039450554062
  0.000000000000000  0.000101354454500  0.000011840872645 -0.000101354454500
 -0.009047679146820  0.006887296964126 -0.004187143638393  0.001833895839090
  0.000000000000000 -0.700478321858437 -0.030857699066337 -0.001162156611406
  0.000547871658277  0.000000000000000  0.006355959160388 -0.000044583015672
  0.006373349447957  0.009047679146820 -0.006887296964126 -0.004187143638393
  0.001833895839090  0.000000000000000  0.000044583015672  0.700478321858437
  0.030857699066337 -0.001162156611406  0.000547871658277  0.000000000000000
 -0.006355959160388 -0.006373349447957  0.000284060495124 -0.000002309064581
 -0.000078270290664 -0.000019847889134  0.000000000000000 -0.000011840872645
   10 Orbital Energy    -9.992311 Occupation  1.000000 Symmetry Ag      
  0.000179273550749  0.000156821770608  0.000053010281045 -0.000007563172329
  0.000000000000000  0.000849147300800 -0.000035906202549 -0.000082626534951
 -0.000030711209729  0.000000000000000  0.000581594744067 -0.000060076755849
  0.000031276430972 -0.000007044501447  0.000000000000000  0.000179273550749
  0.000156821770608 -0.000053010281045  0.000007563172329  0.000000000000000
  0.000849147300800 -0.000035906202549  0.000082626534951  0.000030711209729
  0.000000000000000  0.000101490258292 -0.000016896176718  0.000101490258292
  0.009051768838288 -0.006887059117411  0.004186742584983 -0.001833695227465
  0.000000000000000  0.700478058507807  0.030857434680032  0.001161914831448
 -0.000547889552962  0.000000000000000 -0.006356070236117  0.000044256427664
 -0.006373371453327  0.009051768838288 -0.006887059117411 -0.004186742584983
  0.001833695227465  0.000000000000000  0.000044256427664  0.700478058507807
  0.030857434680032 -0.001161914831448  0.000547889552962  0.000000000000000
 -0.006356070236117 -0.006373371453327  0.000581594744067 -0.000060076755849
 -0.000031276430972  0.000007044501447  0.000000000000000 -0.000016896176718
   11 Orbital Energy    -0.809515 Occupation  1.000000 Symmetry Ag      
 -0.107858295756455  0.274674677932044 -0.037005428387550 -0.018347733707849
  0.000000000000000 -0.097598007482450  0.246721039487629 -0.044539591058147
  0.033424191232104  0.000000000000000 -0.097881816803406  0.247027580439502
 -0.003283688689555  0.055034100252947  0.000000000000000 -0.107858295756455
  0.274674677932044  0.037005428387550  0.018347733707849  0.000000000000000
 -0.097598007482450  0.246721039487629  0.044539591058147 -0.033424191232104
  0.000000000000000  0.045078674510037  0.044969217499295  0.045078674510037
 -0.049666707109998  0.127703179038125  0.022920927914524  0.021243848131897
  0.000000000000000 -0.024587002574838  0.062496954761509  0.023188596299615
 -0.005231887615278  0.000000000000000  0.014046003264189  0.025658581668411
  0.010558131473268 -0.049666707109998  0.127703179038125 -0.022920927914524
 -0.021243848131897  0.000000000000000  0.025658581668411 -0.024587002574838
  0.062496954761509 -0.023188596299615  0.005231887615278  0.000000000000000
  0.014046003264189  0.010558131473268 -0.097881816803406  0.247027580439502
  0.003283688689555 -0.055034100252947  0.000000000000000  0.044969217499294
   12 Orbital Energy    -0.753948 Occupation  1.000000 Symmetry Bu      
  0.103674805955115 -0.274062159639432 -0.029640568141533 -0.014751399609051
  0.000000000000000  0.042862607790069 -0.112697161109745 -0.029770781810763
 -0.057270299305488  0.000000000000000 -0.039045904147529  0.102170464280132
 -0.064802614081510  0.007000383349087  0.000000000000000 -0.103674805955115
  0.274062159639432 -0.029640568141533 -0.014751399609051  0.000000000000000
 -0.042862607790069  0.112697161109745 -0.029770781810763 -0.057270299305488
  0.000000000000000 -0.030527313096976  0.026910083781831  0.030527313096976
 -0.113807482184038  0.297172026525260 -0.002621577879708  0.034953545474419
  0.000000000000000 -0.080606788787464  0.209050569852510  0.059115826594628
 -0.019353813202134  0.000000000000000  0.048435730197126  0.067146117297624
  0.043669787524946  0.113807482184038 -0.297172026525260 -0.002621577879708
  0.034953545474419  0.000000000000000 -0.067146117297624  0.080606788787464
 -0.209050569852510  0.059115826594628 -0.019353813202134  0.000000000000000
 -0.048435730197126 -0.043669787524946  0.039045904147529 -0.102170464280132
 -0.064802614081510  0.007000383349087  0.000000000000000 -0.026910083781831
   13 Orbital Energy    -0.717882 Occupation  1.000000 Symmetry Ag      
  0.004673815861778 -0.015192268423027 -0.087742740621243 -0.040866278839081
  0.000000000000000 -0.041778639860931  0.109043033309825 -0.045420940516828
 -0.013159254535712  0.000000000000000 -0.046192468213985  0.121125567316866
  0.030080713636304  0.027060313532658  0.000000000000000  0.004673815861778
 -0.015192268423027  0.087742740621243  0.040866278839081  0.000000000000000
 -0.041778639860931  0.109043033309825  0.045420940516828  0.013159254535712
  0.000000000000000  0.016830367602925  0.023231900648390  0.016830367602925
  0.119302386823504 -0.314995298005135  0.068712059755267 -0.024427009562510
  0.000000000000000  0.117429268168953 -0.309735859122280 -0.065653960645964
  0.029606328722330  0.000000000000000 -0.074123031367910 -0.076611234022380
 -0.074892382900379  0.119302386823504 -0.314995298005135 -0.068712059755267
  0.024427009562510  0.000000000000000 -0.076611234022380  0.117429268168953
 -0.309735859122280  0.065653960645964 -0.029606328722330  0.000000000000000
 -0.074123031367910 -0.074892382900379 -0.046192468213985  0.121125567316866
 -0.030080713636304 -0.027060313532658  0.000000000000000  0.023231900648390
   14 Orbital Energy    -0.699777 Occupation  1.000000 Symmetry Bu      
 -0.012121540534586  0.032813803127547 -0.061265613822144  0.111220046772053
  0.000000000000000  0.120394718407455 -0.324769963556654  0.051225862662325
  0.053678889269235  0.000000000000000  0.132122161462612 -0.356564643905502
 -0.054921795626713 -0.014153916665005  0.000000000000000  0.012121540534586
 -0.032813803127547 -0.061265613822144  0.111220046772053  0.000000000000000
 -0.120394718407455  0.324769963556654  0.051225862662325  0.053678889269235
  0.000000000000000 -0.090220151133139 -0.098299123511420  0.090220151133139
  0.000452052269229 -0.001908892160602 -0.024507736043991  0.015839245938697
  0.000000000000000 -0.014137591007713  0.036965532417327  0.005360295583324
  0.003571966058168  0.000000000000000  0.014493758947587 -0.010117219935172
  0.008701688305629 -0.000452052269229  0.001908892160602 -0.024507736043991
  0.015839245938697  0.000000000000000  0.010117219935172  0.014137591007713
 -0.036965532417327  0.005360295583324  0.003571966058168  0.000000000000000
 -0.014493758947587 -0.008701688305629 -0.132122161462612  0.356564643905502
 -0.054921795626713 -0.014153916665005  0.000000000000000  0.098299123511420
   15 Orbital Energy    -0.667472 Occupation  1.000000 Symmetry Bu      
 -0.099604919430292  0.273870226328724 -0.048153157459282 -0.034594213069001
  0.000000000000000 -0.072786461294273  0.200744799307062  0.027128165917068
  0.066473536930943  0.000000000000000  0.041240875925902 -0.113968898710170
  0.098554795453698 -0.006632881428619  0.000000000000000  0.099604919430292
 -0.273870226328724 -0.048153157459282 -0.034594213069001  0.000000000000000
  0.072786461294273 -0.200744799307062  0.027128165917068  0.066473536930943
  0.000000000000000  0.052810071958665 -0.032611116465052 -0.052810071958665
 -0.051687719586626  0.137017849776482 -0.134774407588205 -0.004045947578015
  0.000000000000000 -0.110414263656520  0.299903818121802  0.026586599958572
 -0.027418794154400  0.000000000000000  0.077562427543663  0.037406274212092
  0.090077901766767  0.051687719586626 -0.137017849776482 -0.134774407588205
 -0.004045947578015  0.000000000000000 -0.037406274212092  0.110414263656520
 -0.299903818121802  0.026586599958572 -0.027418794154400  0.000000000000000
 -0.077562427543663 -0.090077901766767 -0.041240875925902  0.113968898710170
  0.098554795453698 -0.006632881428619  0.000000000000000  0.032611116465052
   16 Orbital Energy    -0.588714 Occupation  1.000000 Symmetry Ag      
 -0.071079369243872  0.206554183412142  0.030210506142114  0.137056315731923
  0.000000000000000  0.081501348053298 -0.232552833303795  0.001861571366044
  0.069869697432361  0.000000000000000 -0.002509146022745  0.008599510197807
 -0.160912610594345 -0.022629983095249  0.000000000000000 -0.071079369243872
  0.206554183412142 -0.030210506142114 -0.137056315731923  0.000000000000000
  0.081501348053298 -0.232552833303795 -0.001861571366044 -0.069869697432361
  0.000000000000000 -0.105601639890670  0.018818753121152 -0.105601639890670
 -0.052989841906933  0.159376602929923  0.149139347101636 -0.035429444259857
  0.000000000000000  0.084122563528323 -0.242575076481184  0.047838811244564
 -0.021027116657667  0.000000000000000 -0.103631438919378  0.080246706792227
 -0.098271420512993 -0.052989841906933  0.159376602929923 -0.149139347101636
  0.035429444259857  0.000000000000000  0.080246706792227  0.084122563528323
 -0.242575076481184 -0.047838811244564  0.021027116657667  0.000000000000000
 -0.103631438919378 -0.098271420512993 -0.002509146022745  0.008599510197807
  0.160912610594345  0.022629983095249  0.000000000000000  0.018818753121152
   17 Orbital Energy    -0.558915 Occupation  1.000000 Symmetry Ag      
 -0.054185445344830  0.160381557974677  0.119228683261762 -0.155765712432624
  0.000000000000000 -0.057793166448207  0.171644194237906  0.133421695342893
  0.136503372990581  0.000000000000000  0.110479299640145 -0.326208651921799
  0.009316353130377  0.089786301903307  0.000000000000000 -0.054185445344830
  0.160381557974677 -0.119228683261762  0.155765712432624  0.000000000000000
 -0.057793166448207  0.171644194237906 -0.133421695342893 -0.136503372990581
  0.000000000000000  0.083254868820374 -0.169770220695298  0.083254868820374
 -0.007336915285978  0.023801588939236  0.057700517612182  0.069492278549822
  0.000000000000000  0.037234658367315 -0.111644082891633  0.042119469670490
  0.029024704357058  0.000000000000000 -0.022276932815058 -0.032753600373163
 -0.067138674881277 -0.007336915285978  0.023801588939236 -0.057700517612182
 -0.069492278549822  0.000000000000000 -0.032753600373163  0.037234658367315
 -0.111644082891633 -0.042119469670490 -0.029024704357058  0.000000000000000
 -0.022276932815058 -0.067138674881277  0.110479299640145 -0.326208651921799
 -0.009316353130377 -0.089786301903307  0.000000000000000 -0.169770220695298
   18 Orbital Energy    -0.531609 Occupation  1.000000 Symmetry Bu      
 -0.013312123082979  0.037993373778019 -0.111156004526901 -0.094292440246761
  0.000000000000000 -0.030378903316908  0.091998232628094  0.062301270251309
  0.059538369620605  0.000000000000000  0.050745427021576 -0.154674353761379
  0.006706698992240 -0.003454694498349  0.000000000000000  0.013312123082979
 -0.037993373778019 -0.111156004526901 -0.094292440246761  0.000000000000000
  0.030378903316908 -0.091998232628094  0.062301270251309  0.059538369620605
  0.000000000000000  0.054735867108472 -0.050259885033739 -0.054735867108472
 -0.098844485921099  0.302669019754315  0.076632431094402 -0.096690642887222
  0.000000000000000  0.080781438356550 -0.249214074099816  0.126042746687487
 -0.086768730086695  0.000000000000000 -0.160263728990323  0.170655010584427
 -0.124808108277389  0.098844485921099 -0.302669019754315  0.076632431094402
 -0.096690642887222  0.000000000000000 -0.170655010584427 -0.080781438356550
  0.249214074099816  0.126042746687487 -0.086768730086695  0.000000000000000
  0.160263728990323  0.124808108277389 -0.050745427021576  0.154674353761379
  0.006706698992240 -0.003454694498349  0.000000000000000  0.050259885033739
   19 Orbital Energy    -0.510174 Occupation  1.000000 Symmetry Ag      
  0.054477314332858 -0.161889132227781  0.141485491478815  0.026674052168441
  0.000000000000000 -0.052522886422982  0.166904525883007  0.099449402954098
 -0.179797976606862  0.000000000000000 -0.006517009717455  0.024052584528501
  0.142645499527885 -0.145901855590474  0.000000000000000  0.054477314332858
 -0.161889132227781 -0.141485491478815 -0.026674052168441  0.000000000000000
 -0.052522886422982  0.166904525883007 -0.099449402954098  0.179797976606862
  0.000000000000000  0.169872406187084  0.098295214946161  0.169872406187084
 -0.059159391839769  0.180826941413352  0.019400225389720 -0.061495670440094
  0.000000000000000  0.051454410799101 -0.163111957802998  0.102686511649377
 -0.048720545133970  0.000000000000000 -0.094814546369726  0.112498516243772
 -0.096900501393750 -0.059159391839769  0.180826941413352 -0.019400225389720
  0.061495670440094  0.000000000000000  0.112498516243772  0.051454410799101
 -0.163111957802998 -0.102686511649377  0.048720545133970  0.000000000000000
 -0.094814546369726 -0.096900501393750 -0.006517009717455  0.024052584528501
 -0.142645499527885  0.145901855590474  0.000000000000000  0.098295214946161
   20 Orbital Energy    -0.457343 Occupation  1.000000 Symmetry Ag      
  0.032374935589364 -0.106721923164795 -0.109393554522983 -0.090684425953928
  0.000000000000000 -0.019474604435282  0.055161226719170 -0.156035185284746
  0.037325884135106  0.000000000000000  0.013138470260054 -0.050834105243608
  0.089815407235884  0.174955301597475  0.000000000000000  0.032374935589364
 -0.106721923164795  0.109393554522983  0.090684425953928  0.000000000000000
 -0.019474604435282  0.055161226719170  0.156035185284746 -0.037325884135106
  0.000000000000000 -0.090581760342011 -0.135799869211507 -0.090581760342011
 -0.040134503296318  0.127567855434914 -0.138104472037740 -0.168178692254817
  0.000000000000000  0.016825043185502 -0.063177999406964  0.059827728967016
 -0.204705111792352  0.000000000000000 -0.179233174709697  0.152787586687241
  0.021770630265597 -0.040134503296318  0.127567855434914  0.138104472037740
  0.168178692254817  0.000000000000000  0.152787586687241  0.016825043185502
 -0.063177999406964 -0.059827728967016  0.204705111792352  0.000000000000000
 -0.179233174709697  0.021770630265597  0.013138470260054 -0.050834105243608
 -0.089815407235884 -0.174955301597475  0.000000000000000 -0.135799869211507
   21 Orbital Energy    -0.439321 Occupation  1.000000 Symmetry Bu      
  0.023176784277104 -0.079440613299889 -0.167767031285502  0.075999081582145
  0.000000000000000 -0.042379681693038  0.138270722826319 -0.064614611594511
 -0.125307960410001  0.000000000000000  0.022259796840420 -0.074946321381745
  0.169159954720298  0.076571412844813  0.000000000000000 -0.023176784277104
  0.079440613299889 -0.167767031285502  0.075999081582145  0.000000000000000
  0.042379681693038 -0.138270722826319 -0.064614611594511 -0.125307960410001
  0.000000000000000  0.061543663996426 -0.100414845166682 -0.061543663996426
 -0.016803120967751  0.051342265918594  0.024731268508255  0.240179869438629
  0.000000000000000  0.008081059792598 -0.031178059303502  0.169680431343827
  0.152608843432220  0.000000000000000  0.072328363024916 -0.155732894455040
 -0.177532794373117  0.016803120967751 -0.051342265918594  0.024731268508255
  0.240179869438629  0.000000000000000  0.155732894455040 -0.008081059792598
  0.031178059303502  0.169680431343827  0.152608843432220  0.000000000000000
 -0.072328363024916  0.177532794373117 -0.022259796840420  0.074946321381745
  0.169159954720298  0.076571412844813  0.000000000000000  0.100414845166682
   22 Orbital Energy    -0.410616 Occupation  1.000000 Symmetry Bu      
  0.069193309285802 -0.234436783135261  0.057764568329584 -0.086886720387440
  0.000000000000000 -0.044060784271750  0.153102153099522  0.205688855385279
 -0.051342886406363  0.000000000000000  0.047592085213196 -0.163704728189211
 -0.128982725106694  0.189217340551075  0.000000000000000 -0.069193309285802
  0.234436783135261  0.057764568329584 -0.086886720387440  0.000000000000000
  0.044060784271750 -0.153102153099522  0.205688855385279 -0.051342886406363
  0.000000000000000  0.231279321793754 -0.225583378994648 -0.231279321793754
  0.015223874449812 -0.041995066916622  0.132122112311256  0.002533982049393
  0.000000000000000 -0.011955423566189  0.049910812421839 -0.152014821414101
  0.029049600789484  0.000000000000000  0.042893768711883 -0.026381779129315
  0.105254536846597 -0.015223874449812  0.041995066916622  0.132122112311256
  0.002533982049393  0.000000000000000  0.026381779129315  0.011955423566189
 -0.049910812421839 -0.152014821414101  0.029049600789484  0.000000000000000
 -0.042893768711883 -0.105254536846597 -0.047592085213196  0.163704728189211
 -0.128982725106694  0.189217340551075  0.000000000000000  0.225583378994648
   23 Orbital Energy    -0.397965 Occupation  1.000000 Symmetry Bu      
  0.022529576099438 -0.076571174643112  0.066170074037392  0.254073829463192
  0.000000000000000  0.011835172646114 -0.036806193329653  0.027485533913398
 -0.255444322066867  0.000000000000000 -0.001192157645250  0.001252449047102
  0.111668451650544  0.040733815126059  0.000000000000000 -0.022529576099438
  0.076571174643112  0.066170074037392  0.254073829463192  0.000000000000000
 -0.011835172646114  0.036806193329653  0.027485533913398 -0.255444322066867
  0.000000000000000  0.133351339538752 -0.036224494796896 -0.133351339538752
  0.002383690366627 -0.014264195544838 -0.186120682825010 -0.018806629468817
  0.000000000000000 -0.000966378048600 -0.007857605353609  0.044816593553216
 -0.250361792777132  0.000000000000000 -0.216016185582383 -0.011836238292755
  0.087311888758775 -0.002383690366627  0.014264195544838 -0.186120682825010
 -0.018806629468817  0.000000000000000  0.011836238292755  0.000966378048600
  0.007857605353609  0.044816593553216 -0.250361792777132  0.000000000000000
  0.216016185582383 -0.087311888758775  0.001192157645250 -0.001252449047102
  0.111668451650544  0.040733815126059  0.000000000000000  0.036224494796896
   24 Orbital Energy    -0.396049 Occupation  1.000000 Symmetry Ag      
  0.021647278075935 -0.071473431537712 -0.004582825418832 -0.017854811574318
  0.000000000000000  0.018333013497891 -0.068303103066370 -0.140854589920145
 -0.008220147931011  0.000000000000000 -0.025326085197061  0.084646173309465
  0.075273936270891  0.031695611570063  0.000000000000000  0.021647278075935
 -0.071473431537712  0.004582825418832  0.017854811574318  0.000000000000000
  0.018333013497891 -0.068303103066370  0.140854589920145  0.008220147931011
  0.000000000000000 -0.113860055432622  0.006623201938925 -0.113860055432622
 -0.027684809631828  0.080730982803613 -0.158764483968281  0.212253691041906
  0.000000000000000 -0.004413828895641 -0.000196849272274  0.324854907226095
  0.097418061429187  0.000000000000000  0.024009894905096 -0.145492406674625
 -0.262241121370962 -0.027684809631828  0.080730982803613  0.158764483968281
 -0.212253691041906  0.000000000000000 -0.145492406674625 -0.004413828895641
 -0.000196849272274 -0.324854907226095 -0.097418061429187  0.000000000000000
  0.024009894905096 -0.262241121370962 -0.025326085197061  0.084646173309465
 -0.075273936270891 -0.031695611570063  0.000000000000000  0.006623201938925
   25 Orbital Energy    -0.373990 Occupation  1.000000 Symmetry Bu      
 -0.003220488913583  0.011309324695052 -0.101553202032718  0.056048117928515
  0.000000000000000  0.020055918415350 -0.063492648997062  0.273020811029602
 -0.106441833693486  0.000000000000000  0.028603967505504 -0.091138243542959
 -0.038983765635879 -0.338857522164393  0.000000000000000  0.003220488913583
 -0.011309324695052 -0.101553202032718  0.056048117928515  0.000000000000000
 -0.020055918415350  0.063492648997062  0.273020811029602 -0.106441833693486
  0.000000000000000  0.217075064356896  0.253415429825349 -0.217075064356896
  0.001881816112982 -0.004423837135254  0.056958815327520  0.036957176363993
  0.000000000000000 -0.004231784212401  0.017726416125830 -0.019177356189233
  0.075214424524186  0.000000000000000  0.055038732499534 -0.014331958039563
 -0.016319335260081 -0.001881816112982  0.004423837135254  0.056958815327520
  0.036957176363993  0.000000000000000  0.014331958039563  0.004231784212401
 -0.017726416125830 -0.019177356189233  0.075214424524186  0.000000000000000
 -0.055038732499534  0.016319335260081 -0.028603967505504  0.091138243542959
 -0.038983765635879 -0.338857522164393  0.000000000000000 -0.253415429825349
   26 Orbital Energy    -0.351097 Occupation  1.000000 Symmetry Bu      
  0.003030393889239 -0.011175193445425 -0.221614476584174  0.102974368862012
  0.000000000000000 -0.006713564665222  0.018880131060304 -0.162325484784626
 -0.128995663159214  0.000000000000000  0.017323119713642 -0.062685781698289
  0.245609337165686 -0.023412198741201  0.000000000000000 -0.003030393889239
  0.011175193445425 -0.221614476584174  0.102974368862012  0.000000000000000
  0.006713564665222 -0.018880131060304 -0.162325484784626 -0.128995663159214
  0.000000000000000 -0.047558247550804 -0.007366599873945  0.047558247550804
  0.001223013003305  0.011880823769173  0.241057046018163 -0.131147879160397
  0.000000000000000  0.020459664268465 -0.056412791581543 -0.270393933198748
  0.034097852392709  0.000000000000000  0.051176251195048  0.145967599331265
  0.157366528026410 -0.001223013003305 -0.011880823769173  0.241057046018163
 -0.131147879160397  0.000000000000000 -0.145967599331265 -0.020459664268465
  0.056412791581543 -0.270393933198748  0.034097852392709  0.000000000000000
 -0.051176251195048 -0.157366528026410 -0.017323119713642  0.062685781698289
  0.245609337165686 -0.023412198741201  0.000000000000000  0.007366599873945
   27 Orbital Energy    -0.347273 Occupation  1.000000 Symmetry Ag      
  0.025184147469107 -0.090658027265873 -0.026908216316644  0.083157210682467
  0.000000000000000 -0.007589512805259  0.025542133778912 -0.113567869419555
 -0.103904877674305  0.000000000000000  0.005329832071589 -0.027032114491446
  0.087055215981008  0.163988438767438  0.000000000000000  0.025184147469107
 -0.090658027265873  0.026908216316644 -0.083157210682467  0.000000000000000
 -0.007589512805259  0.025542133778912  0.113567869419555  0.103904877674305
  0.000000000000000  0.006177440514063 -0.155902590717542  0.006177440514063
 -0.016990059390492  0.071623776961139  0.149871877164147 -0.169040662443310
  0.000000000000000  0.010429182948508 -0.026738604826295 -0.048565533294754
  0.295485400455314  0.000000000000000  0.268075899751499  0.200102528558544
 -0.143552346462928 -0.016990059390492  0.071623776961139 -0.149871877164147
  0.169040662443310  0.000000000000000  0.200102528558544  0.010429182948508
 -0.026738604826295  0.048565533294754 -0.295485400455314  0.000000000000000
  0.268075899751499 -0.143552346462928  0.005329832071589 -0.027032114491446
 -0.087055215981008 -0.163988438767438  0.000000000000000 -0.155902590717542
   28 Orbital Energy    -0.324509 Occupation  1.000000 Symmetry Au      
  0.000000000000000  0.000000000000000  0.000000000000000  0.000000000000000
  0.337596586588332  0.000000000000000  0.000000000000000  0.000000000000000
  0.000000000000000  0.297222176378702  0.000000000000000  0.000000000000000
  0.000000000000000  0.000000000000000  0.297893033365913  0.000000000000000
  0.000000000000000  0.000000000000000  0.000000000000000  0.337596586588332
  0.000000000000000  0.000000000000000  0.000000000000000  0.000000000000000
  0.297222176378702  0.000000000000000  0.000000000000000  0.000000000000000
  0.000000000000000  0.000000000000000  0.000000000000000  0.000000000000000
  0.173937460963482  0.000000000000000  0.000000000000000  0.000000000000000
  0.000000000000000  0.092378814583369  0.000000000000000  0.000000000000000
  0.000000000000000  0.000000000000000  0.000000000000000  0.000000000000000
  0.000000000000000  0.173937460963482  0.000000000000000  0.000000000000000
  0.000000000000000  0.000000000000000  0.000000000000000  0.092378814583369
  0.000000000000000  0.000000000000000  0.000000000000000  0.000000000000000
  0.000000000000000  0.000000000000000  0.297893033365913  0.000000000000000
   29 Orbital Energy    -0.311224 Occupation  1.000000 Symmetry Bu      
  0.010624040668376 -0.046167299802717 -0.200603642076443 -0.164402199999887
  0.000000000000000 -0.013753542810264  0.047247929810332 -0.036562168949846
  0.138423190872417  0.000000000000000  0.007105314765570 -0.022031923539948
 -0.018273303787640 -0.076126489000901  0.000000000000000 -0.010624040668376
  0.046167299802717 -0.200603642076443 -0.164402199999887  0.000000000000000
  0.013753542810264 -0.047247929810332 -0.036562168949846  0.138423190872417
  0.000000000000000 -0.052406463731826  0.047676156179442  0.052406463731826
 -0.002555652689969  0.005976312009576  0.091465670185360  0.260021754095719
  0.000000000000000 -0.003423984125821  0.014172035698757 -0.066580774456322
 -0.232488745754312  0.000000000000000 -0.230427229882387 -0.258873032271236
  0.212852076679510  0.002555652689969 -0.005976312009576  0.091465670185360
  0.260021754095719  0.000000000000000  0.258873032271236  0.003423984125821
 -0.014172035698757 -0.066580774456322 -0.232488745754312  0.000000000000000
  0.230427229882387 -0.212852076679510 -0.007105314765570  0.022031923539948
 -0.018273303787640 -0.076126489000901  0.000000000000000 -0.047676156179442
   30 Orbital Energy    -0.292719 Occupation  1.000000 Symmetry Ag      
 -0.003444739025639  0.022833700916845  0.296175936675046 -0.037190047875547
  0.000000000000000 -0.008702078382498  0.023968339341109 -0.247905245321677
  0.001606284985764  0.000000000000000  0.002463065314556 -0.007902821424338
  0.305829027770033 -0.036647243702149  0.000000000000000 -0.003444739025639
  0.022833700916845 -0.296175936675046  0.037190047875547  0.000000000000000
 -0.008702078382498  0.023968339341109  0.247905245321677 -0.001606284985764
  0.000000000000000 -0.240184776037254  0.020211302668358 -0.240184776037254
 -0.019771252577415  0.082319410314902  0.220503536147859  0.121927067965251
  0.000000000000000  0.008375729055086 -0.021541925046312 -0.145962034152896
 -0.022122569067227  0.000000000000000 -0.053639432747344 -0.067577189587886
  0.136238806537353 -0.019771252577415  0.082319410314902 -0.220503536147859
 -0.121927067965251  0.000000000000000 -0.067577189587886  0.008375729055086
 -0.021541925046312  0.145962034152896  0.022122569067227  0.000000000000000
 -0.053639432747344  0.136238806537353  0.002463065314556 -0.007902821424338
 -0.305829027770033  0.036647243702149  0.000000000000000  0.020211302668358
   31 Orbital Energy    -0.287544 Occupation  1.000000 Symmetry Ag      
  0.007138626288739 -0.034490900990862  0.005866873955780 -0.311011651504455
  0.000000000000000 -0.007842902025923  0.022637013279044  0.001862043551334
  0.296427853288419  0.000000000000000  0.011936591606522 -0.035302824443812
  0.025421105719444 -0.226874011629099  0.000000000000000  0.007138626288739
 -0.034490900990862 -0.005866873955780  0.311011651504455  0.000000000000000
 -0.007842902025923  0.022637013279044 -0.001862043551334 -0.296427853288419
  0.000000000000000 -0.152322465482786  0.258735443912294 -0.152322465482786
  0.011052785948285 -0.038186434054861 -0.062228930030559 -0.164833763333444
  0.000000000000000  0.004658999297347 -0.018321490624163  0.000568952801328
  0.114711636390971  0.000000000000000  0.114825332335057  0.181997988005147
 -0.089198004455091  0.011052785948285 -0.038186434054861  0.062228930030559
  0.164833763333444  0.000000000000000  0.181997988005147  0.004658999297347
 -0.018321490624163 -0.000568952801328 -0.114711636390971  0.000000000000000
  0.114825332335057 -0.089198004455091  0.011936591606522 -0.035302824443812
 -0.025421105719444  0.226874011629099  0.000000000000000  0.258735443912294
   32 Orbital Energy    -0.263514 Occupation  1.000000 Symmetry Bg      
  0.000000000000000  0.000000000000000  0.000000000000000  0.000000000000000
  0.349072706613820  0.000000000000000  0.000000000000000  0.000000000000000
  0.000000000000000  0.132823110701828  0.000000000000000  0.000000000000000
  0.000000000000000  0.000000000000000 -0.130995947302954  0.000000000000000
  0.000000000000000  0.000000000000000  0.000000000000000 -0.349072706613820
  0.000000000000000  0.000000000000000  0.000000000000000  0.000000000000000
 -0.132823110701828  0.000000000000000  0.000000000000000  0.000000000000000
  0.000000000000000  0.000000000000000  0.000000000000000  0.000000000000000
 -0.376435412327201  0.000000000000000  0.000000000000000  0.000000000000000
  0.000000000000000 -0.271250084973735  0.000000000000000  0.000000000000000
  0.000000000000000  0.000000000000000  0.000000000000000  0.000000000000000
  0.000000000000000  0.376435412327201  0.000000000000000  0.000000000000000
  0.000000000000000  0.000000000000000  0.000000000000000  0.271250084973735
  0.000000000000000  0.000000000000000  0.000000000000000  0.000000000000000
  0.000000000000000  0.000000000000000  0.130995947302954  0.000000000000000
   33 Orbital Energy    -0.212381 Occupation  1.000000 Symmetry Au      
  0.000000000000000  0.000000000000000  0.000000000000000  0.000000000000000
  0.017927819940630  0.000000000000000  0.000000000000000  0.000000000000000
  0.000000000000000  0.176688645472862  0.000000000000000  0.000000000000000
  0.000000000000000  0.000000000000000  0.179098207225398  0.000000000000000
  0.000000000000000  0.000000000000000  0.000000000000000  0.017927819940630
  0.000000000000000  0.000000000000000  0.000000000000000  0.000000000000000
  0.176688645472862  0.000000000000000  0.000000000000000  0.000000000000000
  0.000000000000000  0.000000000000000  0.000000000000000  0.000000000000000
 -0.413829057128059  0.000000000000000  0.000000000000000  0.000000000000000
  0.000000000000000 -0.417941912438665  0.000000000000000  0.000000000000000
  0.000000000000000  0.000000000000000  0.000000000000000  0.000000000000000
  0.000000000000000 -0.413829057128059  0.000000000000000  0.000000000000000
  0.000000000000000  0.000000000000000  0.000000000000000 -0.417941912438665
  0.000000000000000  0.000000000000000  0.000000000000000  0.000000000000000
  0.000000000000000  0.000000000000000  0.179098207225398  0.000000000000000
   34 Orbital Energy    -0.195023 Occupation  1.000000 Symmetry Bg      
  0.000000000000000  0.000000000000000  0.000000000000000  0.000000000000000
 -0.004723795645868  0.000000000000000  0.000000000000000  0.000000000000000
  0.000000000000000  0.458213978003007  0.000000000000000  0.000000000000000
  0.000000000000000  0.000000000000000  0.463070642001809  0.000000000000000
  0.000000000000000  0.000000000000000  0.000000000000000  0.004723795645868
  0.000000000000000  0.000000000000000  0.000000000000000  0.000000000000000
 -0.458213978003007  0.000000000000000  0.000000000000000  0.000000000000000
  0.000000000000000  0.000000000000000  0.000000000000000  0.000000000000000
  0.001992496072675  0.000000000000000  0.000000000000000  0.000000000000000
  0.000000000000000 -0.007621605172088  0.000000000000000  0.000000000000000
  0.000000000000000  0.000000000000000  0.000000000000000  0.000000000000000
  0.000000000000000 -0.001992496072675  0.000000000000000  0.000000000000000
  0.000000000000000  0.000000000000000  0.000000000000000  0.007621605172088
  0.000000000000000  0.000000000000000  0.000000000000000  0.000000000000000
  0.000000000000000  0.000000000000000 -0.463070642001809  0.000000000000000
   35 Orbital Energy    -0.153081 Occupation  1.000000 Symmetry Bg      
  0.000000000000000  0.000000000000000  0.000000000000000  0.000000000000000
  0.387379458645191  0.000000000000000  0.000000000000000  0.000000000000000
  0.000000000000000  0.228760909439482  0.000000000000000  0.000000000000000
  0.000000000000000  0.000000000000000 -0.216955259102143  0.000000000000000
  0.000000000000000  0.000000000000000  0.000000000000000 -0.387379458645191
  0.000000000000000  0.000000000000000  0.000000000000000  0.000000000000000
 -0.228760909439482  0.000000000000000  0.000000000000000  0.000000000000000
  0.000000000000000  0.000000000000000  0.000000000000000  0.000000000000000
  0.223804201936096  0.000000000000000  0.000000000000000  0.000000000000000
  0.000000000000000  0.397520393419979  0.000000000000000  0.000000000000000
  0.000000000000000  0.000000000000000  0.000000000000000  0.000000000000000
  0.000000000000000 -0.223804201936096  0.000000000000000  0.000000000000000
  0.000000000000000  0.000000000000000  0.000000000000000 -0.397520393419979
  0.000000000000000  0.000000000000000  0.000000000000000  0.000000000000000
  0.000000000000000  0.000000000000000  0.216955259102143  0.000000000000000
   36 Orbital Energy     0.037454 Occupation  0.000000 Symmetry Au      
  0.000000000000000  0.000000000000000  0.000000000000000  0.000000000000000
  0.442280433527255  0.000000000000000  0.000000000000000  0.000000000000000
  0.000000000000000 -0.276779058856922  0.000000000000000  0.000000000000000
  0.000000000000000  0.000000000000000 -0.232713262365717  0.000000000000000
  0.000000000000000  0.000000000000000  0.000000000000000  0.442280433527255
  0.000000000000000  0.000000000000000  0.000000000000000  0.000000000000000
 -0.276779058856922  0.000000000000000  0.000000000000000  0.000000000000000
  0.000000000000000  0.000000000000000  0.000000000000000  0.000000000000000
  0.256500945236114  0.000000000000000  0.000000000000000  0.000000000000000
  0.000000000000000 -0.449999436219154  0.000000000000000  0.000000000000000
  0.000000000000000  0.000000000000000  0.000000000000000  0.000000000000000
  0.000000000000000  0.256500945236114  0.000000000000000  0.000000000000000
  0.000000000000000  0.000000000000000  0.000000000000000 -0.449999436219154
  0.000000000000000  0.000000000000000  0.000000000000000  0.000000000000000
  0.000000000000000  0.000000000000000 -0.232713262365717  0.000000000000000
   37 Orbital Energy     0.090289 Occupation  0.000000 Symmetry Au      
  0.000000000000000  0.000000000000000  0.000000000000000  0.000000000000000
  0.031716489844510  0.000000000000000  0.000000000000000  0.000000000000000
  0.000000000000000  0.553388815144236  0.000000000000000  0.000000000000000
  0.000000000000000  0.000000000000000 -0.582645409064362  0.000000000000000
  0.000000000000000  0.000000000000000  0.000000000000000  0.031716489844510
  0.000000000000000  0.000000000000000  0.000000000000000  0.000000000000000
  0.553388815144236  0.000000000000000  0.000000000000000  0.000000000000000
  0.000000000000000  0.000000000000000  0.000000000000000  0.000000000000000
 -0.004473607404623  0.000000000000000  0.000000000000000  0.000000000000000
  0.000000000000000 -0.009891018638271  0.000000000000000  0.000000000000000
  0.000000000000000  0.000000000000000  0.000000000000000  0.000000000000000
  0.000000000000000 -0.004473607404623  0.000000000000000  0.000000000000000
  0.000000000000000  0.000000000000000  0.000000000000000 -0.009891018638271
  0.000000000000000  0.000000000000000  0.000000000000000  0.000000000000000
  0.000000000000000  0.000000000000000 -0.582645409064362  0.000000000000000
   38 Orbital Energy     0.110593 Occupation  0.000000 Symmetry Bg      
  0.000000000000000  0.000000000000000  0.000000000000000  0.000000000000000
  0.023157253304921  0.000000000000000  0.000000000000000  0.000000000000000
  0.000000000000000 -0.231941447586300  0.000000000000000  0.000000000000000
  0.000000000000000  0.000000000000000  0.240531626900917  0.000000000000000
  0.000000000000000  0.000000000000000  0.000000000000000 -0.023157253304921
  0.000000000000000  0.000000000000000  0.000000000000000  0.000000000000000
  0.231941447586300  0.000000000000000  0.000000000000000  0.000000000000000
  0.000000000000000  0.000000000000000  0.000000000000000  0.000000000000000
 -0.522249326841027  0.000000000000000  0.000000000000000  0.000000000000000
  0.000000000000000  0.523172252778091  0.000000000000000  0.000000000000000
  0.000000000000000  0.000000000000000  0.000000000000000  0.000000000000000
  0.000000000000000  0.522249326841027  0.000000000000000  0.000000000000000
  0.000000000000000  0.000000000000000  0.000000000000000 -0.523172252778091
  0.000000000000000  0.000000000000000  0.000000000000000  0.000000000000000
  0.000000000000000  0.000000000000000 -0.240531626900917  0.000000000000000
   39 Orbital Energy     0.182203 Occupation  0.000000 Symmetry Au      
  0.000000000000000  0.000000000000000  0.000000000000000  0.000000000000000
  0.497671762024065  0.000000000000000  0.000000000000000  0.000000000000000
  0.000000000000000 -0.199943438525112  0.000000000000000  0.000000000000000
  0.000000000000000  0.000000000000000 -0.166411265021889  0.000000000000000
  0.000000000000000  0.000000000000000  0.000000000000000  0.497671762024065
  0.000000000000000  0.000000000000000  0.000000000000000  0.000000000000000
 -0.199943438525112  0.000000000000000  0.000000000000000  0.000000000000000
  0.000000000000000  0.000000000000000  0.000000000000000  0.000000000000000
 -0.528908891484508  0.000000000000000  0.000000000000000  0.000000000000000
  0.000000000000000  0.379266105522565  0.000000000000000  0.000000000000000
  0.000000000000000  0.000000000000000  0.000000000000000  0.000000000000000
  0.000000000000000 -0.528908891484508  0.000000000000000  0.000000000000000
  0.000000000000000  0.000000000000000  0.000000000000000  0.379266105522565
  0.000000000000000  0.000000000000000  0.000000000000000  0.000000000000000
  0.000000000000000  0.000000000000000 -0.166411265021889  0.000000000000000
   40 Orbital Energy     0.272512 Occupation  0.000000 Symmetry Bg      
  0.000000000000000  0.000000000000000  0.000000000000000  0.000000000000000
  0.543606453663227  0.000000000000000  0.000000000000000  0.000000000000000
  0.000000000000000 -0.467223089536105  0.000000000000000  0.000000000000000
  0.000000000000000  0.000000000000000  0.464156299869315  0.000000000000000
  0.000000000000000  0.000000000000000  0.000000000000000 -0.543606453663227
  0.000000000000000  0.000000000000000  0.000000000000000  0.000000000000000
  0.467223089536105  0.000000000000000  0.000000000000000  0.000000000000000
  0.000000000000000  0.000000000000000  0.000000000000000  0.000000000000000
  0.287518327149969  0.000000000000000  0.000000000000000  0.000000000000000
  0.000000000000000 -0.155831430063760  0.000000000000000  0.000000000000000
  0.000000000000000  0.000000000000000  0.000000000000000  0.000000000000000
  0.000000000000000 -0.287518327149969  0.000000000000000  0.000000000000000
  0.000000000000000  0.000000000000000  0.000000000000000  0.155831430063760
  0.000000000000000  0.000000000000000  0.000000000000000  0.000000000000000
  0.000000000000000  0.000000000000000 -0.464156299869315  0.000000000000000
   41 Orbital Energy     0.332203 Occupation  0.000000 Symmetry Ag      
  0.068018859901358 -0.400409881432814 -0.230042507427478 -0.171232453541075
  0.000000000000000  0.046459614355534 -0.280579800349361 -0.181701758810881
  0.151743584980990  0.000000000000000  0.028195005151893 -0.173580313384826
 -0.047582786560604  0.305782447881798  0.000000000000000  0.068018859901358
 -0.400409881432814  0.230042507427478  0.171232453541075  0.000000000000000
  0.046459614355534 -0.280579800349361  0.181701758810881 -0.151743584980990
  0.000000000000000  0.423072851932050  0.413539149191002  0.423072851932050
 -0.049063300678617  0.276557582797733  0.241588555897109  0.343114105376208
  0.000000000000000  0.039765954879364 -0.230213456941873  0.095201688453448
  0.181790065128221  0.000000000000000 -0.113601949015922  0.149810331136634
  0.356476343112769 -0.049063300678617  0.276557582797733 -0.241588555897109
 -0.343114105376208  0.000000000000000  0.149810331136634  0.039765954879364
 -0.230213456941873 -0.095201688453448 -0.181790065128221  0.000000000000000
 -0.113601949015922  0.356476343112769  0.028195005151893 -0.173580313384826
  0.047582786560604 -0.305782447881798  0.000000000000000  0.413539149191002
   42 Orbital Energy     0.340764 Occupation  0.000000 Symmetry Bu      
  0.034437362787817 -0.202215668418421 -0.039244755403907 -0.312597790453804
  0.000000000000000 -0.015839376258645  0.096157855200569  0.082929458987477
 -0.269587049977202  0.000000000000000  0.006200261399277 -0.030204044128797
  0.103626377018722 -0.339969831130996  0.000000000000000 -0.034437362787817
  0.202215668418421 -0.039244755403907 -0.312597790453804  0.000000000000000
  0.015839376258645 -0.096157855200569  0.082929458987477 -0.269587049977202
  0.000000000000000 -0.267572292052892 -0.319904882329300  0.267572292052892
 -0.007688066709904  0.047212775583000 -0.096976630111141 -0.397672220533913
  0.000000000000000 -0.002527851823300  0.019121353491721 -0.062073343103167
 -0.340758094250211  0.000000000000000  0.324098431269481 -0.435016082424987
 -0.286219625840659  0.007688066709904 -0.047212775583000 -0.096976630111141
 -0.397672220533913  0.000000000000000  0.435016082424987  0.002527851823300
 -0.019121353491721 -0.062073343103167 -0.340758094250211  0.000000000000000
 -0.324098431269481  0.286219625840659 -0.006200261399277  0.030204044128797
  0.103626377018722 -0.339969831130996  0.000000000000000  0.319904882329300
   43 Orbital Energy     0.379323 Occupation  0.000000 Symmetry Bu      
  0.057405693335630 -0.333019693633471 -0.467748295783626 -0.053672122716434
  0.000000000000000 -0.004099164773511  0.017402252189258 -0.393548200194936
  0.152350089353222  0.000000000000000  0.024813631316445 -0.151120476303105
 -0.262184173378897  0.053835260943146  0.000000000000000 -0.057405693335630
  0.333019693633471 -0.467748295783626 -0.053672122716434  0.000000000000000
  0.004099164773511 -0.017402252189258 -0.393548200194936  0.152350089353222
  0.000000000000000  0.412982016209212  0.117952167265387 -0.412982016209212
  0.092699758310121 -0.541677835006629 -0.295404758892203 -0.161813462027342
  0.000000000000000 -0.049909159845029  0.291593662326546 -0.100052851844417
 -0.141116728074080  0.000000000000000  0.012802422114961  0.157143336146634
 -0.346812533317756 -0.092699758310121  0.541677835006629 -0.295404758892203
 -0.161813462027342  0.000000000000000 -0.157143336146634  0.049909159845029
 -0.291593662326546 -0.100052851844417 -0.141116728074080  0.000000000000000
 -0.012802422114961  0.346812533317756 -0.024813631316445  0.151120476303105
 -0.262184173378897  0.053835260943146  0.000000000000000 -0.117952167265387
   44 Orbital Energy     0.381499 Occupation  0.000000 Symmetry Ag      
  0.023503882134579 -0.141725556363914  0.103881326543714 -0.070266275447250
  0.000000000000000 -0.021634616640176  0.137710840617812  0.254192471484157
 -0.098825146216964  0.000000000000000 -0.064306700395524  0.392766885415466
 -0.118718826414380 -0.043560449216969  0.000000000000000  0.023503882134579
 -0.141725556363914 -0.103881326543714  0.070266275447250  0.000000000000000
 -0.021634616640176  0.137710840617812 -0.254192471484157  0.098825146216964
  0.000000000000000 -0.301892978242858 -0.293261369699210 -0.301892978242858
  0.063472522592039 -0.381708444046869 -0.037074833243134  0.339367953837847
  0.000000000000000 -0.021375527776133  0.119811435899522  0.126491622048912
  0.364368420062150  0.000000000000000 -0.395599211673607  0.575101158396041
  0.247528888050657  0.063472522592039 -0.381708444046869  0.037074833243134
 -0.339367953837847  0.000000000000000  0.575101158396041 -0.021375527776133
  0.119811435899522 -0.126491622048912 -0.364368420062150  0.000000000000000
 -0.395599211673607  0.247528888050657 -0.064306700395524  0.392766885415466
  0.118718826414380  0.043560449216969  0.000000000000000 -0.293261369699210
   45 Orbital Energy     0.410932 Occupation  0.000000 Symmetry Ag      
  0.050927646865053 -0.307574939542922 -0.230715754830875  0.198587891235179
  0.000000000000000 -0.100702281877511  0.615353646839627 -0.027340631420193
  0.032641713878732  0.000000000000000  0.074036117319496 -0.452940900468721
 -0.166085659282214 -0.007490738728405  0.000000000000000  0.050927646865053
 -0.307574939542922  0.230715754830875 -0.198587891235179  0.000000000000000
 -0.100702281877511  0.615353646839627  0.027340631420193 -0.032641713878732
  0.000000000000000 -0.218530202319691  0.231101460475709 -0.218530202319691
 -0.024025536166681  0.153147721037345  0.265995141221241 -0.060443070012585
  0.000000000000000 -0.104239731507588  0.652577173475207 -0.151164828009502
  0.194249023825130  0.000000000000000 -0.510956382004080 -0.172150890115595
 -0.328186347843941 -0.024025536166681  0.153147721037345 -0.265995141221241
  0.060443070012585  0.000000000000000 -0.172150890115595 -0.104239731507588
  0.652577173475207  0.151164828009502 -0.194249023825130  0.000000000000000
 -0.510956382004080 -0.328186347843941  0.074036117319496 -0.452940900468721
  0.166085659282214  0.007490738728405  0.000000000000000  0.231101460475709
&
&hess
   1
   1  8.639579E-01
   2 -4.848206E-02  9.308219E-01
   3  0.000000E+00  0.000000E+00  4.196291E-01
   4 -2.072787E-01  2.782848E-03  8.271806E-25  9.423241E-01
   5  1.086738E-03 -4.350936E-01  4.185478E-41 -3.158468E-02  9.231838E-01
   6  5.169879E-26  2.615924E-42 -2.156866E-01  0.000000E+00  0.000000E+00
   7  2.037295E-03 -2.233832E-02 -3.101927E-25 -3.848887E-01 -1.044161E-01
   8 -7.245546E-02 -4.864868E-03 -4.135903E-25 -8.346259E-02 -2.710244E-01
   9  0.000000E+00  0.000000E+00  3.298655E-02 -2.092739E-41 -4.135903E-25
  10  3.356198E-02  2.747024E-02  1.240771E-24 -5.431941E-02  1.664248E-02
  11  2.747024E-02  8.806622E-03  6.278218E-41 -3.481153E-02  2.733535E-02
  12  1.654361E-24  8.370957E-41 -1.007112E-02  1.046370E-41  2.067952E-25
  13 -5.431941E-02 -3.481153E-02 -1.046370E-41  2.202534E-02  1.767117E-02
  14  1.664248E-02  2.733535E-02 -2.067952E-25  1.767117E-02 -7.380062E-03
  15  0.000000E+00  0.000000E+00  3.379202E-02 -2.067952E-25 -3.101927E-25
  16  1.267974E-02 -4.412646E-03  3.101927E-25 -3.416958E-01  1.397154E-01
  17  2.934620E-02 -2.541950E-03  1.569554E-41  1.389934E-01 -2.216150E-01
  18  0.000000E+00  0.000000E+00  3.760087E-02  0.000000E+00  0.000000E+00
  19  8.255380E-03  2.720987E-03  0.000000E+00  1.286490E-02 -3.556337E-02
  20  1.848276E-03  8.147529E-04  0.000000E+00 -9.542339E-04 -2.572583E-04
  21  0.000000E+00  0.000000E+00  6.404210E-03  3.923886E-42  7.754818E-26
  22  7.452047E-03  3.401260E-03 -4.135903E-25 -3.308484E-03 -4.266473E-03
  23  2.045706E-03  9.648748E-04  2.584939E-26 -2.971335E-03  5.873611E-04
  24  0.000000E+00  0.000000E+00  6.423019E-03  0.000000E+00  0.000000E+00
  25 -3.223415E-02 -6.482014E-03  0.000000E+00  1.041325E-02  1.195023E-02
  26  4.799778E-03 -2.022560E-03  0.000000E+00 -1.875323E-03  2.136371E-03
  27  0.000000E+00  0.000000E+00 -9.068607E-14  0.000000E+00  0.000000E+00
  28 -1.547484E-02 -1.683560E-02 -5.231848E-42  1.957760E-02  7.411834E-03
  29 -9.118248E-03 -2.574574E-03 -1.033976E-25  3.481580E-03  2.389874E-03
  30  0.000000E+00  0.000000E+00  3.249230E-14  0.000000E+00  0.000000E+00
  31  1.425464E-02  6.839764E-03  2.067952E-25 -1.102366E-02 -3.610614E-03
  32 -4.882652E-04  3.970446E-04  1.046370E-41 -2.493831E-03  2.798832E-03
  33  0.000000E+00  0.000000E+00  7.855364E-15  4.904857E-43  9.693523E-27
  34  5.655115E-03  3.617081E-03  0.000000E+00 -7.718635E-03  4.457734E-04
  35 -7.632219E-04  2.434184E-05  0.000000E+00  1.272543E-03 -7.544510E-04
  36  0.000000E+00  0.000000E+00  4.028916E-14  0.000000E+00  0.000000E+00
  37  2.652515E-03  3.380472E-03  0.000000E+00 -3.993553E-03  1.919130E-06
  38 -2.713716E-03  2.153333E-04  0.000000E+00  1.742568E-03  2.214405E-04
  39  8.271806E-25  4.185478E-41 -5.847966E-15  0.000000E+00  0.000000E+00
  40 -2.840300E-01 -4.582582E-02 -3.400701E-41  1.105380E-02 -1.302917E-02
  41 -5.449766E-02 -2.626128E-01 -6.720842E-25 -3.504380E-02 -2.817036E-04
  42  0.000000E+00  0.000000E+00 -2.073243E-01  0.000000E+00  0.000000E+00
  43  1.201954E-02 -3.401083E-02  1.033976E-25  7.718635E-03 -4.457734E-04
  44  2.560135E-03 -3.114355E-03  5.231848E-42 -1.272543E-03  7.544510E-04
  45  0.000000E+00  0.000000E+00  2.981899E-02  0.000000E+00  0.000000E+00
  46  6.518009E-03  3.223798E-02 -8.271806E-25 -1.982825E-02 -7.570053E-03
  47 -1.176387E-02  3.848395E-02 -4.185478E-41 -3.639799E-03 -2.489749E-03
  48  0.000000E+00  0.000000E+00  3.902423E-02  0.000000E+00  0.000000E+00
  49 -1.428105E-02 -6.831396E-03  1.046370E-41  1.099449E-02  3.604730E-03
  50  4.966331E-04 -3.996963E-04  2.067952E-25  2.487947E-03 -2.800019E-03
  51  0.000000E+00  0.000000E+00 -9.237712E-03  8.174762E-43  1.615587E-26
  52 -2.652515E-03 -3.380472E-03 -2.067952E-25  3.993553E-03 -1.919130E-06
  53  2.713716E-03 -2.153333E-04 -1.550964E-25 -1.742568E-03 -2.214405E-04
  54 -8.271806E-25 -4.185478E-41  9.096882E-03  0.000000E+00  0.000000E+00
  55 -3.695387E-01  1.116424E-01  0.000000E+00 -1.176400E-02 -2.291505E-04
  56  1.136694E-01 -2.926857E-01  0.000000E+00  3.097700E-02 -1.870964E-02
  57  0.000000E+00  0.000000E+00 -2.088292E-01 -2.092739E-41 -4.135903E-25
  58  1.076522E-02  2.931765E-02  0.000000E+00  4.853449E-03  2.187033E-03
  59 -2.396848E-03 -1.738777E-03  0.000000E+00  4.432203E-04  1.219863E-03
  60  0.000000E+00  0.000000E+00  3.637303E-02  3.923886E-42  7.754818E-26
   6
   6  4.501891E-01
   7  0.000000E+00  9.087346E-01
   8  0.000000E+00 -8.531233E-03  9.649050E-01
   9 -2.245137E-01  0.000000E+00  0.000000E+00  4.458072E-01
  10  0.000000E+00 -3.695387E-01  1.136694E-01  0.000000E+00  8.639579E-01
  11  0.000000E+00  1.116424E-01 -2.926857E-01  0.000000E+00 -4.848206E-02
  12  3.379202E-02  0.000000E+00  0.000000E+00 -2.088292E-01  0.000000E+00
  13  0.000000E+00 -1.176400E-02  3.097700E-02  2.092739E-41 -2.072787E-01
  14  0.000000E+00 -2.291505E-04 -1.870964E-02  4.135903E-25  1.086738E-03
  15 -8.643449E-03 -1.680211E-25  2.067952E-25  2.959861E-02 -5.169879E-26
  16  6.462349E-27 -1.567596E-02  1.774863E-02 -5.231848E-42  7.452047E-03
  17  3.269905E-43 -1.644200E-02  2.580637E-02 -1.033976E-25  2.045706E-03
  18 -1.462308E-01  0.000000E+00  0.000000E+00  3.950617E-02  0.000000E+00
  19  0.000000E+00 -1.271433E-01 -5.994093E-03  5.231848E-42  1.076522E-02
  20  0.000000E+00 -7.199311E-03 -4.308202E-01  1.033976E-25 -2.396848E-03
  21  3.968183E-02  0.000000E+00  0.000000E+00 -1.445922E-01  0.000000E+00
  22 -6.462349E-27  6.098251E-03  2.930548E-04 -1.046370E-41  1.267974E-02
  23  1.550964E-25  1.507285E-03  2.326396E-03 -2.067952E-25  2.934620E-02
  24 -7.389850E-15  2.092739E-41  4.135903E-25  5.476705E-03  0.000000E+00
  25  0.000000E+00 -3.750313E-02 -1.833735E-02 -2.092739E-41 -2.840300E-01
  26  0.000000E+00  2.300487E-02  3.421619E-02 -4.135903E-25 -5.449766E-02
  27  4.151841E-03  0.000000E+00  0.000000E+00  2.904780E-02  0.000000E+00
  28  0.000000E+00 -8.905536E-03 -1.168804E-02 -8.271806E-25  6.518009E-03
  29  0.000000E+00 -5.975337E-03 -1.810713E-03 -4.185478E-41 -1.176387E-02
  30  4.865408E-14  0.000000E+00  0.000000E+00  2.145762E-03  0.000000E+00
  31  1.046370E-41  1.022809E-02  6.210111E-03  1.046370E-41 -1.428105E-02
  32  2.067952E-25 -1.829568E-03  3.217394E-03  2.067952E-25  4.966331E-04
  33  1.133844E-14  0.000000E+00  0.000000E+00  6.969796E-15  0.000000E+00
  34  0.000000E+00  3.493843E-03  5.559643E-03 -7.847772E-42  1.201954E-02
  35  0.000000E+00 -7.099614E-04 -1.237891E-03 -1.550964E-25  2.560135E-03
  36  5.641665E-14  0.000000E+00  0.000000E+00 -2.310303E-03  0.000000E+00
  37 -4.135903E-25 -2.778729E-05  3.664018E-03 -5.816114E-26 -2.652515E-03
  38 -2.092739E-41 -3.118330E-03 -4.332392E-04  1.033976E-25  2.713716E-03
  39 -1.316311E-14 -4.135903E-25 -2.092739E-41 -1.995856E-14  8.271806E-25
  40  2.067952E-25  2.653771E-02 -1.325192E-04  1.046370E-41 -3.223415E-02
  41 -2.067952E-25 -4.150678E-03 -2.457349E-03  2.067952E-25  4.799778E-03
  42  3.210023E-02  0.000000E+00  0.000000E+00  4.341597E-03  0.000000E+00
  43  1.033976E-25 -3.595538E-03 -5.607045E-03  1.033976E-25  5.655115E-03
  44 -5.169879E-26  6.625593E-04  1.215796E-03  1.033976E-25 -7.632219E-04
  45  2.409905E-03  0.000000E+00  0.000000E+00 -6.564783E-14  0.000000E+00
  46  2.067952E-25  8.902905E-03  1.168839E-02  0.000000E+00 -1.547484E-02
  47  2.067952E-25  5.975690E-03  1.810666E-03  0.000000E+00 -9.118248E-03
  48 -2.238271E-03  4.135903E-25  2.092739E-41 -5.546075E-14  0.000000E+00
  49 -3.101927E-25 -1.022809E-02 -6.210111E-03  1.046370E-41  1.425464E-02
  50 -7.108583E-26  1.829568E-03 -3.217394E-03  2.067952E-25 -4.882652E-04
  51 -1.274907E-15 -1.046370E-41 -2.067952E-25 -1.261725E-14  0.000000E+00
  52 -1.033976E-25  2.778729E-05 -3.664018E-03 -1.292470E-26  2.652515E-03
  53  1.033976E-25  3.118330E-03  4.332392E-04 -6.539810E-43 -2.713716E-03
  54  1.594091E-14  2.067952E-25  1.046370E-41  1.266615E-14 -8.271806E-25
  55  1.680211E-25  9.592592E-03  2.857405E-02  0.000000E+00  2.037295E-03
  56 -2.067952E-25  2.857405E-02 -6.914438E-03  0.000000E+00 -7.245546E-02
  57  2.959861E-02  0.000000E+00  0.000000E+00 -8.664927E-03  0.000000E+00
  58  1.961943E-42 -6.382414E-03 -2.301881E-03  0.000000E+00  8.255380E-03
  59  3.877409E-26 -1.374778E-03  2.447314E-04  0.000000E+00  1.848276E-03
  60  5.389297E-03  0.000000E+00  0.000000E+00 -1.707779E-14  0.000000E+00
  11
  11  9.308219E-01
  12  0.000000E+00  4.196291E-01
  13  2.782848E-03 -8.271806E-25  9.423241E-01
  14 -4.350936E-01 -4.185478E-41 -3.158468E-02  9.231838E-01
  15 -2.615924E-42 -2.156866E-01  0.000000E+00  0.000000E+00  4.501891E-01
  16  3.401260E-03  4.135903E-25 -3.308484E-03 -4.266473E-03  6.462349E-27
  17  9.648748E-04 -2.584939E-26 -2.971335E-03  5.873611E-04 -1.550964E-25
  18  0.000000E+00  6.423019E-03  0.000000E+00  0.000000E+00 -7.389850E-15
  19  2.931765E-02  0.000000E+00  4.853449E-03  2.187033E-03 -1.961943E-42
  20 -1.738777E-03  0.000000E+00  4.432203E-04  1.219863E-03 -3.877409E-26
  21  0.000000E+00  3.637303E-02 -3.923886E-42 -7.754818E-26  5.389297E-03
  22 -4.412646E-03 -3.101927E-25 -3.416958E-01  1.397154E-01 -6.462349E-27
  23 -2.541950E-03 -1.569554E-41  1.389934E-01 -2.216150E-01 -3.269905E-43
  24  0.000000E+00  3.760087E-02  0.000000E+00  0.000000E+00 -1.462308E-01
  25 -4.582582E-02  3.400701E-41  1.105380E-02 -1.302917E-02 -2.067952E-25
  26 -2.626128E-01  6.720842E-25 -3.504380E-02 -2.817036E-04  2.067952E-25
  27  0.000000E+00 -2.073243E-01  0.000000E+00  0.000000E+00  3.210023E-02
  28  3.223798E-02  8.271806E-25 -1.982825E-02 -7.570053E-03 -2.067952E-25
  29  3.848395E-02  4.185478E-41 -3.639799E-03 -2.489749E-03 -2.067952E-25
  30  0.000000E+00  3.902423E-02  0.000000E+00  0.000000E+00 -2.238271E-03
  31 -6.831396E-03 -1.046370E-41  1.099449E-02  3.604730E-03  3.101927E-25
  32 -3.996963E-04 -2.067952E-25  2.487947E-03 -2.800019E-03  7.108583E-26
  33  0.000000E+00 -9.237712E-03 -8.174762E-43 -1.615587E-26 -1.274907E-15
  34 -3.401083E-02 -1.033976E-25  7.718635E-03 -4.457734E-04 -1.033976E-25
  35 -3.114355E-03 -5.231848E-42 -1.272543E-03  7.544510E-04  5.169879E-26
  36  0.000000E+00  2.981899E-02  0.000000E+00  0.000000E+00  2.409905E-03
  37 -3.380472E-03  2.067952E-25  3.993553E-03 -1.919130E-06  1.033976E-25
  38 -2.153333E-04  1.550964E-25 -1.742568E-03 -2.214405E-04 -1.033976E-25
  39  4.185478E-41  9.096882E-03  0.000000E+00  0.000000E+00  1.594091E-14
  40 -6.482014E-03  0.000000E+00  1.041325E-02  1.195023E-02  0.000000E+00
  41 -2.022560E-03  0.000000E+00 -1.875323E-03  2.136371E-03  0.000000E+00
  42  0.000000E+00 -9.068607E-14  0.000000E+00  0.000000E+00  4.151841E-03
  43  3.617081E-03  0.000000E+00 -7.718635E-03  4.457734E-04  0.000000E+00
  44  2.434184E-05  0.000000E+00  1.272543E-03 -7.544510E-04  0.000000E+00
  45  0.000000E+00  4.028916E-14  0.000000E+00  0.000000E+00  5.641665E-14
  46 -1.683560E-02  5.231848E-42  1.957760E-02  7.411834E-03  0.000000E+00
  47 -2.574574E-03  1.033976E-25  3.481580E-03  2.389874E-03  0.000000E+00
  48  0.000000E+00  3.249230E-14  0.000000E+00  0.000000E+00  4.865408E-14
  49  6.839764E-03 -2.067952E-25 -1.102366E-02 -3.610614E-03 -1.046370E-41
  50  3.970446E-04 -1.046370E-41 -2.493831E-03  2.798832E-03 -2.067952E-25
  51  0.000000E+00  7.855364E-15 -4.904857E-43 -9.693523E-27  1.133844E-14
  52  3.380472E-03  0.000000E+00 -3.993553E-03  1.919130E-06  4.135903E-25
  53  2.153333E-04  0.000000E+00  1.742568E-03  2.214405E-04  2.092739E-41
  54 -4.185478E-41 -5.847966E-15  0.000000E+00  0.000000E+00 -1.316311E-14
  55 -2.233832E-02  3.101927E-25 -3.848887E-01 -1.044161E-01  0.000000E+00
  56 -4.864868E-03  4.135903E-25 -8.346259E-02 -2.710244E-01  0.000000E+00
  57  0.000000E+00  3.298655E-02  2.092739E-41  4.135903E-25 -2.245137E-01
  58  2.720987E-03  0.000000E+00  1.286490E-02 -3.556337E-02  0.000000E+00
  59  8.147529E-04  0.000000E+00 -9.542339E-04 -2.572583E-04  0.000000E+00
  60  0.000000E+00  6.404210E-03 -3.923886E-42 -7.754818E-26  3.968183E-02
  16
  16  3.344277E-01
  17 -1.532356E-01  1.945541E-01
  18  0.000000E+00  0.000000E+00  7.088108E-02
  19  1.039562E-03  3.415503E-04 -2.615924E-42  9.612107E-02
  20 -8.226532E-05  1.780242E-04 -5.169879E-26  9.387680E-03  4.305745E-01
  21  0.000000E+00  0.000000E+00 -8.168781E-03 -1.307962E-42 -2.584939E-26
  22  3.877530E-05  7.830270E-04  0.000000E+00 -1.039562E-03  8.226532E-05
  23  7.830270E-04 -1.548486E-05  0.000000E+00 -3.415503E-04 -1.780242E-04
  24  9.482724E-42  1.874081E-25  2.970120E-15 -1.033976E-25  2.584939E-26
  25 -2.122536E-03 -1.377519E-03  0.000000E+00  1.566875E-03  4.010141E-04
  26  1.939671E-03 -6.187919E-04  0.000000E+00  1.091633E-03 -4.775809E-04
  27  0.000000E+00  0.000000E+00  9.281514E-14 -1.046370E-41 -2.067952E-25
  28 -1.280189E-03 -2.171148E-03  0.000000E+00  5.564642E-03  2.544649E-04
  29 -1.024733E-03 -1.172331E-04  0.000000E+00  2.856210E-04  3.176810E-04
  30  1.046370E-41  2.067952E-25 -3.258835E-14 -2.615924E-42 -5.169879E-26
  31  1.994289E-03  7.298615E-04  0.000000E+00 -2.025805E-03 -4.491000E-04
  32  1.033860E-03 -5.637338E-04  0.000000E+00 -6.710681E-05 -4.086724E-04
  33 -2.615924E-42 -5.169879E-26 -9.788332E-15  0.000000E+00  0.000000E+00
  34  1.670889E-03  9.228495E-05  0.000000E+00 -1.245459E-03 -4.295261E-04
  35 -5.099636E-04  1.000488E-04  0.000000E+00 -8.945860E-06  1.141298E-04
  36  0.000000E+00  0.000000E+00 -4.170803E-14  0.000000E+00  0.000000E+00
  37  6.951109E-04 -1.456409E-06  0.000000E+00 -8.081065E-04 -3.009537E-04
  38 -5.450200E-04 -6.639206E-05  0.000000E+00  1.259451E-04  6.024338E-05
  39 -2.067952E-25 -1.046370E-41  9.027742E-15  0.000000E+00  0.000000E+00
  40  2.121525E-03  1.371191E-03  4.135903E-25 -1.637274E-03 -3.706734E-04
  41 -1.945999E-03  5.792081E-04 -2.067952E-25 -1.061292E-03  4.645046E-04
  42  0.000000E+00  0.000000E+00 -5.488251E-03  5.231848E-42  1.033976E-25
  43 -1.670889E-03 -9.228495E-05  7.754818E-26  1.245459E-03  4.295261E-04
  44  5.099636E-04 -1.000488E-04  3.923886E-42  8.945860E-06 -1.141298E-04
  45  0.000000E+00  0.000000E+00  4.734423E-14 -1.307962E-42 -2.584939E-26
  46  1.264910E-03  2.150794E-03  2.067952E-25 -5.564642E-03 -2.544649E-04
  47  1.004379E-03  9.011871E-05  1.046370E-41 -2.856210E-04 -3.176810E-04
  48  1.046370E-41  2.067952E-25  5.749131E-14  0.000000E+00  0.000000E+00
  49 -1.994289E-03 -7.298615E-04 -1.033976E-25  2.025805E-03  4.491000E-04
  50 -1.033860E-03  5.637338E-04 -5.169879E-26  6.710681E-05  4.086724E-04
  51  2.615924E-42  5.169879E-26  1.047432E-15 -5.169879E-26 -2.615924E-42
  52 -6.951109E-04  1.456409E-06  1.550964E-25  8.081065E-04  3.009537E-04
  53  5.450200E-04  6.639206E-05 -1.550964E-25 -1.259451E-04 -6.024338E-05
  54  2.067952E-25  1.046370E-41 -1.213729E-14  0.000000E+00  0.000000E+00
  55  6.098251E-03  1.507285E-03 -2.092739E-41 -6.382414E-03 -1.374778E-03
  56  2.930548E-04  2.326396E-03 -4.135903E-25 -2.301881E-03  2.447314E-04
  57  1.046370E-41  2.067952E-25  5.476705E-03  0.000000E+00  0.000000E+00
  58 -1.039562E-03 -3.415503E-04  1.033976E-25  7.360763E-04  2.156540E-04
  59  8.226532E-05 -1.780242E-04 -2.584939E-26  2.156540E-04 -2.461604E-05
  60  0.000000E+00  0.000000E+00  1.667716E-14  0.000000E+00  0.000000E+00
  21
  21  7.009009E-02
  22  0.000000E+00  3.344277E-01
  23  0.000000E+00 -1.532356E-01  1.945541E-01
  24  1.667716E-14  0.000000E+00  0.000000E+00  7.088108E-02
  25  0.000000E+00  2.121525E-03  1.371191E-03 -4.135903E-25  9.546048E-01
  26  0.000000E+00 -1.945999E-03  5.792081E-04  2.067952E-25 -1.027887E-01
  27 -5.177447E-03  0.000000E+00  0.000000E+00 -5.488251E-03  0.000000E+00
  28  1.033976E-25  1.264910E-03  2.150794E-03 -2.067952E-25 -5.420362E-01
  29  5.231848E-42  1.004379E-03  9.011871E-05 -1.046370E-41  1.249558E-01
  30 -3.745133E-14 -1.046370E-41 -2.067952E-25  5.749131E-14  0.000000E+00
  31  0.000000E+00 -1.994289E-03 -7.298615E-04  1.033976E-25  2.146697E-02
  32  0.000000E+00 -1.033860E-03  5.637338E-04  5.169879E-26  4.145650E-03
  33 -3.596071E-15 -2.615924E-42 -5.169879E-26  1.047432E-15  0.000000E+00
  34  0.000000E+00 -1.670889E-03 -9.228495E-05 -7.754818E-26 -1.279441E-01
  35  0.000000E+00  5.099636E-04 -1.000488E-04 -3.923886E-42  2.993729E-02
  36 -3.545405E-14  0.000000E+00  0.000000E+00  4.734423E-14  0.000000E+00
  37  0.000000E+00 -6.951109E-04  1.456409E-06 -1.550964E-25 -5.254171E-03
  38  0.000000E+00  5.450200E-04  6.639206E-05  1.550964E-25  1.293596E-02
  39  8.819178E-15 -2.067952E-25 -1.046370E-41 -1.213729E-14  0.000000E+00
  40  0.000000E+00 -2.122536E-03 -1.377519E-03  0.000000E+00  1.563011E-04
  41  0.000000E+00  1.939671E-03 -6.187919E-04  0.000000E+00  4.103930E-03
  42 -7.611891E-14  0.000000E+00  0.000000E+00  9.281514E-14  0.000000E+00
  43  0.000000E+00  1.670889E-03  9.228495E-05  0.000000E+00 -4.754547E-03
  44  0.000000E+00 -5.099636E-04  1.000488E-04  0.000000E+00  1.103211E-04
  45  3.311114E-14  0.000000E+00  0.000000E+00 -4.170803E-14  0.000000E+00
  46  1.033976E-25 -1.280189E-03 -2.171148E-03  0.000000E+00  1.949580E-02
  47  5.231848E-42 -1.024733E-03 -1.172331E-04  0.000000E+00  2.999794E-04
  48  3.109965E-14 -1.046370E-41 -2.067952E-25 -3.258835E-14  0.000000E+00
  49  2.615924E-42  1.994289E-03  7.298615E-04  0.000000E+00 -6.094737E-03
  50  5.169879E-26  1.033860E-03 -5.637338E-04  0.000000E+00 -1.602829E-03
  51  5.067547E-15  2.615924E-42  5.169879E-26 -9.788332E-15  0.000000E+00
  52  0.000000E+00  6.951109E-04 -1.456409E-06  0.000000E+00 -3.806145E-03
  53  0.000000E+00 -5.450200E-04 -6.639206E-05  0.000000E+00 -2.647744E-04
  54 -7.292761E-15  2.067952E-25  1.046370E-41  9.027742E-15  0.000000E+00
  55  0.000000E+00 -1.567596E-02 -1.644200E-02  0.000000E+00  2.653771E-02
  56  0.000000E+00  1.774863E-02  2.580637E-02  0.000000E+00 -1.325192E-04
  57 -1.707779E-14  5.231848E-42  1.033976E-25  3.950617E-02 -1.046370E-41
  58 -6.539810E-43  1.039562E-03  3.415503E-04  2.615924E-42 -1.637274E-03
  59 -1.292470E-26 -8.226532E-05  1.780242E-04  5.169879E-26 -3.706734E-04
  60  9.453345E-15  0.000000E+00  0.000000E+00 -8.168781E-03  0.000000E+00
  26
  26  9.180002E-01
  27  0.000000E+00  4.467055E-01
  28  1.364895E-01  9.305782E-25  1.009581E+00
  29 -2.921016E-01  4.708663E-41 -6.287277E-02  9.086904E-01
  30  0.000000E+00 -2.521606E-01 -1.033976E-25 -5.231848E-42  4.657125E-01
  31  3.563041E-02  0.000000E+00 -1.414972E-01  5.930367E-02  3.923886E-42
  32  7.597846E-03  0.000000E+00  4.959790E-02 -4.244381E-01  7.754818E-26
  33  0.000000E+00  4.410303E-02  1.046370E-41  2.067952E-25 -1.499992E-01
  34  2.766891E-02  0.000000E+00  1.916478E-02  3.745599E-02  0.000000E+00
  35 -4.264935E-01  0.000000E+00 -3.021483E-04  4.004981E-03  0.000000E+00
  36  0.000000E+00 -1.346593E-01 -3.101927E-25 -1.569554E-41  4.125989E-02
  37 -2.138842E-02  2.067952E-25 -3.373013E-01 -1.414975E-01 -7.754818E-26
  38  2.897653E-02  1.046370E-41 -1.355125E-01 -2.338015E-01  4.135903E-25
  39  0.000000E+00  4.435982E-02 -4.135903E-25 -2.092739E-41 -1.437444E-01
  40  4.103930E-03  0.000000E+00  1.949580E-02  2.999794E-04  0.000000E+00
  41 -8.180752E-03  0.000000E+00 -1.259551E-02  3.309243E-03  0.000000E+00
  42  0.000000E+00  6.058848E-13  0.000000E+00  0.000000E+00 -2.513647E-13
  43  1.449932E-04  0.000000E+00 -3.726131E-03 -1.462035E-03 -1.046370E-41
  44  1.070668E-03  0.000000E+00  1.871736E-03 -3.456162E-04 -2.067952E-25
  45  0.000000E+00 -2.623927E-13  0.000000E+00  0.000000E+00  1.091877E-13
  46 -1.259551E-02  0.000000E+00 -5.311618E-03  8.289191E-03  4.652891E-25
  47  3.309243E-03  0.000000E+00  8.289191E-03 -2.234561E-04  2.354332E-41
  48  0.000000E+00 -2.513647E-13  0.000000E+00  0.000000E+00  1.017765E-13
  49  2.087030E-04 -5.231848E-42 -7.650095E-03 -1.893929E-03  0.000000E+00
  50 -1.669468E-03 -1.033976E-25 -2.394085E-03 -5.761947E-04  0.000000E+00
  51  0.000000E+00 -3.763858E-14  0.000000E+00  0.000000E+00  1.701637E-14
  52  2.650287E-04  0.000000E+00 -1.493615E-03 -1.518064E-03  0.000000E+00
  53  5.652986E-04  0.000000E+00  2.204511E-03 -3.005546E-04  0.000000E+00
  54  0.000000E+00  5.668657E-14  0.000000E+00  0.000000E+00 -2.328736E-14
  55 -4.150678E-03  0.000000E+00  8.902905E-03  5.975690E-03 -4.135903E-25
  56 -2.457349E-03  0.000000E+00  1.168839E-02  1.810666E-03 -2.092739E-41
  57 -2.067952E-25  4.341597E-03  0.000000E+00  0.000000E+00 -5.546075E-14
  58 -1.061292E-03 -5.231848E-42 -5.564642E-03 -2.856210E-04  0.000000E+00
  59  4.645046E-04 -1.033976E-25 -2.544649E-04 -3.176810E-04  0.000000E+00
  60  0.000000E+00 -7.611891E-14 -1.033976E-25 -5.231848E-42  3.109965E-14
  31
  31  1.017552E-01
  32 -5.458795E-02  4.262748E-01
  33  0.000000E+00  0.000000E+00  6.413075E-02
  34 -2.229091E-03  7.243620E-04  0.000000E+00  9.923577E-02
  35  1.883655E-04 -5.109769E-04  0.000000E+00 -3.343785E-02  4.250316E-01
  36  0.000000E+00  0.000000E+00  1.154085E-02  0.000000E+00  0.000000E+00
  37  2.638910E-02  4.178499E-03 -2.584939E-26 -4.720741E-04 -9.198777E-05
  38 -3.844595E-02 -7.045569E-03 -1.033976E-25  1.050482E-04  2.132191E-05
  39  0.000000E+00  0.000000E+00  3.946229E-02  1.307962E-42  2.584939E-26
  40 -6.094737E-03 -1.602829E-03  0.000000E+00 -4.754547E-03  1.103211E-04
  41  2.087030E-04 -1.669468E-03  0.000000E+00  1.449932E-04  1.070668E-03
  42  5.231848E-42  1.033976E-25 -3.763858E-14  0.000000E+00  0.000000E+00
  43  2.229091E-03 -7.243620E-04  2.615924E-42  4.512298E-04  7.114480E-05
  44 -1.883655E-04  5.109769E-04  5.169879E-26  7.114480E-05 -1.560337E-04
  45 -5.231848E-42 -1.033976E-25  1.615597E-14  0.000000E+00  0.000000E+00
  46 -7.650095E-03 -2.394085E-03  0.000000E+00 -3.726131E-03  1.871736E-03
  47 -1.893929E-03 -5.761947E-04  0.000000E+00 -1.462035E-03 -3.456162E-04
  48  0.000000E+00  0.000000E+00  1.701637E-14  1.046370E-41  2.067952E-25
  49  4.259881E-03  2.376731E-04  0.000000E+00  2.229091E-03 -1.883655E-04
  50  2.376731E-04 -7.501151E-04  0.000000E+00 -7.243620E-04  5.109769E-04
  51 -1.033976E-25 -5.231848E-42  1.397677E-15 -2.615924E-42 -5.169879E-26
  52  1.426449E-03  4.226498E-04 -2.615924E-42  4.720741E-04  9.198777E-05
  53 -4.551078E-04  6.106937E-04 -5.169879E-26 -1.050482E-04 -2.132191E-05
  54 -2.615924E-42 -5.169879E-26 -3.211179E-15  0.000000E+00  0.000000E+00
  55 -1.022809E-02  1.829568E-03  1.046370E-41 -3.595538E-03  6.625593E-04
  56 -6.210111E-03 -3.217394E-03  2.067952E-25 -5.607045E-03  1.215796E-03
  57 -1.046370E-41 -2.067952E-25 -1.261725E-14 -1.033976E-25 -1.033976E-25
  58  2.025805E-03  6.710681E-05  5.169879E-26  1.245459E-03  8.945860E-06
  59  4.491000E-04  4.086724E-04  2.615924E-42  4.295261E-04 -1.141298E-04
  60 -2.615924E-42 -5.169879E-26  5.067547E-15  0.000000E+00  0.000000E+00
  36
  36  6.330485E-02
  37  0.000000E+00  3.191972E-01
  38  0.000000E+00  1.594581E-01  2.109728E-01
  39 -1.136491E-02 -5.231848E-42 -1.033976E-25  6.219030E-02
  40  0.000000E+00 -3.806145E-03 -2.647744E-04  0.000000E+00  9.546048E-01
  41  0.000000E+00  2.650287E-04  5.652986E-04  0.000000E+00 -1.027887E-01
  42 -2.623927E-13  0.000000E+00  0.000000E+00  5.668657E-14  0.000000E+00
  43  0.000000E+00  4.720741E-04 -1.050482E-04  0.000000E+00 -1.279441E-01
  44  0.000000E+00  9.198777E-05 -2.132191E-05  0.000000E+00  2.993729E-02
  45  1.137328E-13  0.000000E+00  0.000000E+00 -2.445356E-14  0.000000E+00
  46  0.000000E+00 -1.493615E-03  2.204511E-03  0.000000E+00 -5.420362E-01
  47  0.000000E+00 -1.518064E-03 -3.005546E-04  0.000000E+00  1.249558E-01
  48  1.091877E-13  0.000000E+00  0.000000E+00 -2.328736E-14  0.000000E+00
  49  5.231848E-42  1.426449E-03 -4.551078E-04  2.615924E-42  2.146697E-02
  50  1.033976E-25  4.226498E-04  6.106937E-04  5.169879E-26  4.145650E-03
  51  1.615597E-14  2.615924E-42  5.169879E-26 -3.211179E-15  0.000000E+00
  52  0.000000E+00  8.425199E-04  7.975541E-05  1.033976E-25 -5.254171E-03
  53  0.000000E+00  7.975541E-05  2.223566E-05  5.169879E-26  1.293596E-02
  54 -2.445356E-14  0.000000E+00  0.000000E+00  4.270622E-15  0.000000E+00
  55  0.000000E+00  2.778729E-05  3.118330E-03 -2.067952E-25 -3.750313E-02
  56  0.000000E+00 -3.664018E-03  4.332392E-04 -1.046370E-41 -1.833735E-02
  57 -6.564783E-14  1.292470E-26  6.539810E-43  1.266615E-14  2.092739E-41
  58  1.307962E-42  8.081065E-04 -1.259451E-04  0.000000E+00  1.566875E-03
  59  2.584939E-26  3.009537E-04 -6.024338E-05  0.000000E+00  4.010141E-04
  60  3.311114E-14  0.000000E+00  0.000000E+00 -7.292761E-15  0.000000E+00
  41
  41  9.180002E-01
  42  0.000000E+00  4.467055E-01
  43  2.766891E-02  0.000000E+00  9.923577E-02
  44 -4.264935E-01  0.000000E+00 -3.343785E-02  4.250316E-01
  45  0.000000E+00 -1.346593E-01  0.000000E+00  0.000000E+00  6.330485E-02
  46  1.364895E-01 -9.305782E-25  1.916478E-02 -3.021483E-04  3.101927E-25
  47 -2.921016E-01 -4.708663E-41  3.745599E-02  4.004981E-03  1.569554E-41
  48  0.000000E+00 -2.521606E-01  0.000000E+00  0.000000E+00  4.125989E-02
  49  3.563041E-02  0.000000E+00 -2.229091E-03  1.883655E-04  0.000000E+00
  50  7.597846E-03  0.000000E+00  7.243620E-04 -5.109769E-04  0.000000E+00
  51  0.000000E+00  4.410303E-02  0.000000E+00  0.000000E+00  1.154085E-02
  52 -2.138842E-02 -2.067952E-25 -4.720741E-04 -9.198777E-05  0.000000E+00
  53  2.897653E-02 -1.046370E-41  1.050482E-04  2.132191E-05  0.000000E+00
  54  0.000000E+00  4.435982E-02 -1.307962E-42 -2.584939E-26 -1.136491E-02
  55  2.300487E-02  0.000000E+00  3.493843E-03 -7.099614E-04  0.000000E+00
  56  3.421619E-02  0.000000E+00  5.559643E-03 -1.237891E-03  0.000000E+00
  57  4.135903E-25  2.904780E-02  7.847772E-42  1.550964E-25 -2.310303E-03
  58  1.091633E-03  1.046370E-41 -1.245459E-03 -8.945860E-06  0.000000E+00
  59 -4.775809E-04  2.067952E-25 -4.295261E-04  1.141298E-04  0.000000E+00
  60  0.000000E+00 -5.177447E-03  0.000000E+00  0.000000E+00 -3.545405E-14
  46
  46  1.009581E+00
  47 -6.287277E-02  9.086904E-01
  48  1.033976E-25  5.231848E-42  4.657125E-01
  49 -1.414972E-01  5.930367E-02 -3.923886E-42  1.017552E-01
  50  4.959790E-02 -4.244381E-01 -7.754818E-26 -5.458795E-02  4.262748E-01
  51 -1.046370E-41 -2.067952E-25 -1.499992E-01  0.000000E+00  0.000000E+00
  52 -3.373013E-01 -1.414975E-01  7.754818E-26  2.638910E-02  4.178499E-03
  53 -1.355125E-01 -2.338015E-01 -4.135903E-25 -3.844595E-02 -7.045569E-03
  54  4.135903E-25  2.092739E-41 -1.437444E-01  0.000000E+00  0.000000E+00
  55 -8.905536E-03 -5.975337E-03  0.000000E+00  1.022809E-02 -1.829568E-03
  56 -1.168804E-02 -1.810713E-03  0.000000E+00  6.210111E-03  3.217394E-03
  57  8.271806E-25  4.185478E-41  2.145762E-03 -1.046370E-41 -2.067952E-25
  58  5.564642E-03  2.856210E-04  2.615924E-42 -2.025805E-03 -6.710681E-05
  59  2.544649E-04  3.176810E-04  5.169879E-26 -4.491000E-04 -4.086724E-04
  60 -1.033976E-25 -5.231848E-42 -3.745133E-14  0.000000E+00  0.000000E+00
  51
  51  6.413075E-02
  52  2.584939E-26  3.191972E-01
  53  1.033976E-25  1.594581E-01  2.109728E-01
  54  3.946229E-02  5.231848E-42  1.033976E-25  6.219030E-02
  55  0.000000E+00 -2.778729E-05 -3.118330E-03  4.135903E-25  9.087346E-01
  56  0.000000E+00  3.664018E-03 -4.332392E-04  2.092739E-41 -8.531233E-03
  57  6.969796E-15  5.816114E-26 -1.033976E-25 -1.995856E-14  0.000000E+00
  58  0.000000E+00 -8.081065E-04  1.259451E-04  0.000000E+00 -1.271433E-01
  59  0.000000E+00 -3.009537E-04  6.024338E-05  0.000000E+00 -7.199311E-03
  60 -3.596071E-15  0.000000E+00  0.000000E+00  8.819178E-15  0.000000E+00
  56
  56  9.649050E-01
  57  0.000000E+00  4.458072E-01
  58 -5.994093E-03 -5.231848E-42  9.612107E-02
  59 -4.308202E-01 -1.033976E-25  9.387680E-03  4.305745E-01
  60  0.000000E+00 -1.445922E-01  1.307962E-42  2.584939E-26  7.009009E-02
&
&valid
version=1.0
geometry
atom_num=20
   6     1.2664853618     0.6754149077     0.0000000000
   6     1.1951808177    -0.7439117704     0.0000000000
   6    -0.0434897126    -1.4014792992     0.0000000000
   6    -1.2664853618    -0.6754149077     0.0000000000
   6    -1.1951808177     0.7439117704     0.0000000000
   1     2.1191555897    -1.3364613763     0.0000000000
   1    -0.0751629701    -2.4996846665     0.0000000000
   1    -2.1191555897     1.3364613763     0.0000000000
   6    -2.5611302252    -1.4282803389     0.0000000000
   6    -3.7967179256    -0.8983077738     0.0000000000
   1    -3.9755918388     0.1830473945     0.0000000000
   1    -2.4498213001    -2.5231286073     0.0000000000
   1    -4.6885215900    -1.5359770055     0.0000000000
   6     2.5611302252     1.4282803389     0.0000000000
   1     2.4498213001     2.5231286073     0.0000000000
   6     3.7967179256     0.8983077738     0.0000000000
   1     3.9755918388    -0.1830473945     0.0000000000
   1     4.6885215900     1.5359770055     0.0000000000
   6     0.0434897126     1.4014792992     0.0000000000
   1     0.0751629701     2.4996846665     0.0000000000
end
molecule
molchg=0
multip=1
qs_cuts=   0    0    0
end
basis
name=sto-3g                          
numd=5
atom_basis_num=0
end
&
