MAEFILE: dvb_td.01.mae
&gen 
nroot=5 
basis=sto-3g 
dftname=b3lyp 
icis=1 
&
&zmat
 C1             -0.0758150000            0.0000000000             0.0269380000
 C2             -0.0045600000            0.0000000000             1.4463040000
 C3              1.2336810000            0.0000000000             2.1042190000
 C4              2.4572420000            0.0000000000             1.3787840000
 C5              2.3859860000            0.0000000000            -0.0405820000
 H6             -0.9288540000            0.0000000000             2.0382910000
 H7              1.2652340000            0.0000000000             3.2024280000
 H8              3.3102810000            0.0000000000            -0.6325690000
 C9              3.7520430000            0.0000000000             2.1313240000
 C10             4.9872240000            0.0000000000             1.6008690000
 H11             5.1663340000            0.0000000000             0.5196130000
 H12             3.6421500000            0.0000000000             3.2262300000
 H13             5.8793430000            0.0000000000             2.2379240000
 C14            -1.3706160000            0.0000000000            -0.7256020000
 H15            -1.2607230000            0.0000000000            -1.8205080000
 C16            -2.6057970000            0.0000000000            -0.1951460000
 H17            -2.7849070000            0.0000000000             0.8861090000
 H18            -3.4979160000            0.0000000000            -0.8322020000
 C19             1.1477460000            0.0000000000            -0.6984970000
 H20             1.1161930000            0.0000000000            -1.7967060000
&
&guess  basgss=sto-3g numd=5
    1 Orbital Energy   -10.020218 Occupation  1.000000
  0.699249828636540  0.031563163754661  0.000853829477414  0.000000000000356
  0.000321301189271 -0.019070409886674 -0.007707424109233 -0.000070039733411
 -0.000000000000209  0.004380152950812  0.018420203246198  0.007717595756365
  0.003624075037797  0.000000000000280 -0.002497265102115 -0.699348090320107
 -0.031567569550913  0.000853918452272 -0.000000000000941  0.000321326834035
  0.019073164880497  0.007708392692322 -0.000069984843174  0.000000000000193
  0.004380772089208  0.000331919758298 -0.000331477467926 -0.000331951283947
  0.027483982353949  0.006728328109119 -0.003471920632259  0.000000000000154
 -0.002132052779503 -0.000181935293165 -0.000474989456113  0.000266390559042
 -0.000000000000014  0.000094422430431  0.000148313228156 -0.000326343826587
  0.000028783615656 -0.027480010286618 -0.006727371041254 -0.003471428845628
 -0.000000000000225 -0.002131750450568  0.000326295953843  0.000181906972099
  0.000474921637534  0.000266351746102  0.000000000000034  0.000094408440257
 -0.000148293213072 -0.000028779916178 -0.018417595716497 -0.007716628308366
  0.003623525728641 -0.000000000000045 -0.002496960544137  0.000331446682555
    2 Orbital Energy   -10.020170 Occupation  1.000000
  0.699345549419680  0.031361233708992  0.000615627398638  0.000000000000247
  0.000183921740010 -0.019341817003410 -0.006878070451454  0.000368451391787
 -0.000000000000100  0.004412996733841 -0.018899041004008 -0.006906113110693
 -0.003905891408083  0.000000000000100  0.002181543689151  0.699247282043344
  0.031356798686358 -0.000615509821368 -0.000000000000534 -0.000183876152050
 -0.019339196254868 -0.006876988821808 -0.000368464214246  0.000000000000164
 -0.004412381742705  0.000222393116652  0.000218496921205  0.000222346521346
 -0.027842741528628 -0.006795162211256  0.003504429647935  0.000000000000082
  0.002151031170452  0.000195601691526  0.000478151865118 -0.000272850421670
 -0.000000000000016 -0.000095919803836 -0.000140454414216  0.000337581278376
 -0.000027879063731 -0.027846541433583 -0.006796105113514 -0.003504918031300
 -0.000000000000214 -0.002151330624520  0.000337626640140  0.000195626391864
  0.000478217953840  0.000272887358432  0.000000000000030  0.000095932545797
 -0.000140474980897 -0.000027883332297 -0.018901662977606 -0.006907197939325
  0.003906399585373  0.000000000000004 -0.002181893451145  0.000218544033408
    3 Orbital Energy   -10.008092 Occupation  1.000000
 -0.027621046458434  0.004059590441913 -0.003646513694219 -0.000000000000067
 -0.001932222030182  0.007228033358032  0.000416152628492  0.000108776714565
 -0.000000000000024 -0.000100431601104 -0.008391178475226 -0.000514911481101
 -0.000040582476493 -0.000000000000024  0.000124471882181  0.028595031423136
 -0.004199711423335 -0.003773366897225  0.000000000000127 -0.001999360922489
 -0.007579428602390 -0.000430783270050  0.000111596904185  0.000000000000008
 -0.000107092355099  0.000061637700274  0.000072542176616 -0.000063773353693
  0.711764044266842  0.031308942611400  0.001278136692533  0.000000000000295
 -0.000364740151584 -0.008281489057193 -0.007745114960267  0.004306926929876
  0.000000000000128 -0.001810687182765  0.000189814097101 -0.006532577847452
  0.000219808805158 -0.687692457700701 -0.030250588771142  0.001234595564632
 -0.000000000000812 -0.000352593761025  0.006311697848603  0.008001660544664
  0.007483200689695  0.004161304724726 -0.000000000000290 -0.001749415868154
 -0.000183385107657 -0.000212366395644  0.008011083765564  0.000496531584289
 -0.000036512833660  0.000000000000029  0.000118945252862 -0.000069915383993
    4 Orbital Energy   -10.008091 Occupation  1.000000
 -0.028790585979444  0.004143728257704 -0.003750879824997  0.000000000000056
 -0.001985229137439  0.010341873043768  0.000432493878131  0.000083812296209
 -0.000000000000033 -0.000195391577519  0.010913537649486  0.000525807544575
  0.000117608573918  0.000000000000051 -0.000158543543279 -0.027823584990678
  0.004001644564549  0.003623236877852 -0.000000000000062  0.001917595579951
  0.010087163097876  0.000417923387240 -0.000080020687467 -0.000000000000048
  0.000191822888331  0.000063130757977 -0.000075185181923  0.000060973793917
 -0.687609488863714 -0.030231706832231 -0.001243762742150 -0.000000000000295
  0.000346919869247  0.007995094317541  0.007481533033615 -0.004159638548556
 -0.000000000000122  0.001750315873962 -0.000183669874868  0.006309436960474
 -0.000212596796355 -0.711683879005187 -0.031290691037733  0.001286982945148
 -0.000000000000858 -0.000359261717159  0.006530392210114  0.008275273404500
  0.007743497704454  0.004305312345961 -0.000000000000297 -0.001811561647990
 -0.000190090579429 -0.000220031308460  0.011195936580464  0.000543216329928
 -0.000118934429891  0.000000000000026  0.000162730824812 -0.000077637925972
    5 Orbital Energy   -10.006799 Occupation  1.000000
 -0.027051942216676  0.007803853525636  0.001992779429642 -0.000000000000120
  0.002917265496097 -0.623558367213543 -0.030602099362073 -0.002679308563645
 -0.000000000000052 -0.000617972635821  0.313636080349327  0.019823881105864
 -0.003622348094883  0.000000000000502 -0.002352536247105  0.027087635168611
 -0.007812755072903  0.001985359987570 -0.000000000000209  0.002938729275726
  0.626240390891747  0.030734304837441 -0.002690689888260  0.000000000000832
 -0.000621624735747  0.005729842008648 -0.003000063361684 -0.005754594753853
  0.009308368638633  0.000530282028353  0.000054215432106 -0.000000000000011
 -0.000035990128330 -0.000927893561720 -0.000228410461448  0.000114679759362
  0.000000000000001  0.000036695033467  0.000161583464501 -0.000134740566572
 -0.000010759193472 -0.009294509666047 -0.000529705369816  0.000053780948287
 -0.000000000000046 -0.000035615093049  0.000134491522163  0.000925783773988
  0.000227910559495  0.000114518198324  0.000000000000021  0.000036552045217
 -0.000160866059740  0.000010733178797 -0.315143898179919 -0.019915470153607
 -0.003637607799726 -0.000000000000560 -0.002362425705793  0.003014069445444
    6 Orbital Energy   -10.006798 Occupation  1.000000
 -0.008113341404314  0.002027833339618 -0.001691692263499  0.000000000000210
  0.004889032179755 -0.610836146137897 -0.030123936383346 -0.002599815435814
  0.000000000000011 -0.000835419965515  0.345018101740944  0.020927311208936
 -0.003475245649356  0.000000000000411 -0.002252481808473 -0.007994351243368
  0.001993490496432  0.001700457227363 -0.000000000000182 -0.004876191691154
 -0.608091972152920 -0.029989207903130  0.002587998901496  0.000000000000543
  0.000832681842316  0.005638897363693 -0.003204967475437  0.005613672866355
 -0.003125398965042 -0.000129969504687 -0.000098217020652  0.000000000000002
  0.000085320199613  0.000477618449031  0.000112959497578 -0.000036381797422
  0.000000000000023 -0.000032448236258 -0.000162666378187  0.000056171829126
  0.000005886556725 -0.003166226970408 -0.000132297666827  0.000098453839267
  0.000000000000053 -0.000085477059167  0.000056763558996  0.000481696622812
  0.000113962047330  0.000036885719628  0.000000000000002  0.000032609478809
 -0.000163374227864  0.000005933955139  0.343631245708108  0.020839793584158
  0.003459306929616  0.000000000000232  0.002242124649875 -0.003191706157514
    7 Orbital Energy   -10.006117 Occupation  1.000000
 -0.008469592316899  0.002584033223249  0.003238300695862 -0.000000000000459
 -0.003847581668090  0.315730548920240  0.008017534927036 -0.003085942546860
  0.000000000000463 -0.001997324131183  0.625541939792352  0.024677269556147
  0.001542440581454  0.000000000000884  0.000054447184260  0.008464330260211
 -0.002582683069299  0.003237670071661 -0.000000000000098 -0.003847573703834
 -0.315790595740899 -0.008019063533364 -0.003086543144716 -0.000000000000202
 -0.001997662253810 -0.002687204738576 -0.005557638891528  0.002687746281616
  0.003692428002952  0.000215441055417  0.000025131574459 -0.000000000000009
  0.000010128362823  0.000050781248553 -0.000055728371384  0.000039230823310
 -0.000000000000015 -0.000035115760193 -0.000058334447174 -0.000066084478161
  0.000008223569905 -0.003695187774629 -0.000215561088255  0.000025162014996
 -0.000000000000085  0.000010138793032  0.000066126190534 -0.000050585049174
  0.000055781349608  0.000039263071599  0.000000000000040 -0.000035114731679
  0.000058322826033 -0.000008221858557 -0.625659494562910 -0.024681875409301
  0.001542716669084 -0.000000000000712  0.000054526598686  0.005558713482632
    8 Orbital Energy   -10.005975 Occupation  1.000000
 -0.027932852029967  0.007261872204922  0.003268973141498 -0.000000000000344
  0.000164560359483 -0.344653918554735 -0.009439211535486  0.003094250130578
 -0.000000000000351  0.001748086651145 -0.609693119575855 -0.023554253959058
 -0.001643493932693 -0.000000000000657 -0.000532894523183 -0.027934164447287
  0.007262285045539 -0.003269566691306  0.000000000000077 -0.000163807737580
 -0.344588681866085 -0.009437408497901 -0.003093692113350  0.000000000000460
 -0.001747718196629  0.003133417341745  0.005572196065126  0.003132854530573
 -0.013633503731156 -0.000596605857982 -0.000161167548307 -0.000000000000050
 -0.000052944796283  0.001068290021877  0.000274307711832 -0.000167594589957
 -0.000000000000017 -0.000011207073103 -0.000066919055553  0.000214652821476
  0.000010720136765 -0.013633129477388 -0.000596580061067  0.000161163639115
 -0.000000000000136  0.000052942948232  0.000214643728086  0.001068317144579
  0.000274302072866  0.000167589873722  0.000000000000002  0.000011213547001
 -0.000066931383008  0.000010721677534 -0.609578191983716 -0.023549793381127
  0.001643163707628 -0.000000000000705  0.000532858398654  0.005571176500446
    9 Orbital Energy    -9.992286 Occupation  1.000000
  0.000170869865809  0.000151647668219 -0.000051066273466  0.000000000000009
  0.000004889354414  0.000752586760226 -0.000013164011553  0.000093705924924
 -0.000000000000043  0.000038373803344 -0.000314786311243  0.000004617813006
  0.000079869054540 -0.000000000000001  0.000019414398716 -0.000186550049174
 -0.000165325566504 -0.000055663333584 -0.000000000000044  0.000005510617227
 -0.000826862810232  0.000016272557395  0.000100912825032  0.000000000000006
  0.000041059879606  0.000096362900706  0.000012737051028 -0.000105153363844
 -0.009415748948242  0.007183020656091  0.004364472293118  0.000000000000065
 -0.001914008252333 -0.730300082217764 -0.032175097056962  0.001209382201619
 -0.000000000000047 -0.000572518881216  0.006626884829810 -0.000046367798402
  0.006646146115709  0.008629356594136 -0.006583339244075  0.004000123288935
  0.000000000000011 -0.001754232558546  0.000042523482403  0.669329026659074
  0.029488892237366  0.001108431853144  0.000000000000003 -0.000524712476809
 -0.006073620026986 -0.006091268388713  0.000263582202566  0.000000605853997
  0.000077129033545  0.000000000000015  0.000020044919763 -0.000011253350094
   10 Orbital Energy    -9.992286 Occupation  1.000000
  0.000187796878314  0.000163894256277 -0.000055084061226  0.000000000000006
  0.000007358350497  0.000887016206219 -0.000036319374067  0.000086965078770
  0.000000000000006  0.000032565456988  0.000575133032359 -0.000059871871453
 -0.000028028781204  0.000000000000012  0.000008097859337  0.000172223744272
  0.000150086327595  0.000050435081732  0.000000000000038 -0.000006905248514
  0.000818204097901 -0.000035037236475 -0.000078486490284 -0.000000000000006
 -0.000029104695287  0.000105279236870 -0.000016507929899  0.000096501185253
  0.008633749414752 -0.006583092342724 -0.003999704310970 -0.000000000000060
  0.001754019654472  0.669328745805449  0.029488614899199 -0.001108179698231
  0.000000000000043  0.000524737357396 -0.006073727840493  0.000042182298145
 -0.006091295640493  0.009419902346668 -0.007182778531110  0.004364082296227
  0.000000000000012 -0.001913820608946  0.000046054076975  0.730299823499178
  0.032174838481580  0.001209146784425  0.000000000000003 -0.000572528315212
 -0.006626999407626 -0.006646162223679  0.000600327273716 -0.000060046497270
  0.000034868316930 -0.000000000000015 -0.000006378839975 -0.000017553074872
   11 Orbital Energy    -0.809534 Occupation  1.000000
 -0.107836215744281  0.274634932788716  0.036948869336826 -0.000000000006074
  0.018400958639144 -0.097617195840308  0.246757012606666  0.044531180325705
 -0.000000000009643 -0.033391260521744 -0.097863588310106  0.246975897676420
  0.003252170603934  0.000000000011847 -0.055015758928667 -0.107836181978866
  0.274634859319618 -0.036948854118918  0.000000000001041 -0.018401035681833
 -0.097617335539422  0.246757332490324 -0.044531343408479 -0.000000000000872
  0.033391182545812  0.045101086691007  0.044961182889058  0.045101069031194
 -0.049701044107268  0.127791207046744 -0.022878718755990 -0.000000000002011
 -0.021267056661316 -0.024631791804579  0.062602436156246 -0.023216455913001
 -0.000000000005500  0.005253392815737  0.014066403769046  0.025665396467026
  0.010580611314700 -0.049701045452053  0.127791217201194  0.022878756442847
 -0.000000000001294  0.021267066007628  0.025665401850268 -0.024631786295826
  0.062602427379533  0.023216439665228 -0.000000000002652 -0.005253381598832
  0.014066427361947  0.010580597727764 -0.097863754177307  0.246976281959555
 -0.003252046604556  0.000000000004329  0.055015865241667  0.044961256465774
   12 Orbital Energy    -0.753977 Occupation  1.000000
  0.103589509491769 -0.273842665843220  0.029737919615307 -0.000000000004729
  0.014644775057365  0.042897847880371 -0.112776323482944  0.029733954321904
 -0.000000000003497  0.057204558735385 -0.038908050032241  0.101807914042364
  0.064743718223903 -0.000000000006972 -0.006944475030174 -0.103589533707967
  0.273842740676431  0.029737975123968  0.000000000005720  0.014644851392877
 -0.042897767001635  0.112776117655132  0.029734017435308 -0.000000000001452
  0.057204594777638 -0.030565084444420  0.026822662616486  0.030565009576793
 -0.113855122227542  0.297283103446187  0.002767221231643  0.000000000011666
 -0.034988397890338 -0.080701698650154  0.209269123215914 -0.059151282807998
  0.000000000001429  0.019416243517514  0.048476783329692  0.067155862587985
  0.043726741585417  0.113854918493520 -0.297282600225822  0.002767055620416
 -0.000000000012537 -0.034988394670429 -0.067155745957295  0.080701521923081
 -0.209268688257660 -0.059151128153969 -0.000000000004841  0.019416147956218
 -0.048476786436005 -0.043726600341859  0.038908076024473 -0.101807969527643
  0.064743674396479  0.000000000004111 -0.006944492662259 -0.026822673397492
   13 Orbital Energy    -0.717955 Occupation  1.000000
  0.004639330986487 -0.015097381490589  0.087737322875931 -0.000000000025738
  0.040833976964781 -0.041793988122767  0.109074439699139  0.045435547718636
  0.000000000007228  0.013165617049850 -0.046232083237078  0.121209442306503
 -0.030038263754210  0.000000000014811 -0.027068315936552  0.004639084788782
 -0.015096724824071 -0.087737084701831  0.000000000000955 -0.040834465656941
 -0.041794706281495  0.109076328737081 -0.045435750166922  0.000000000005368
 -0.013165665015557  0.016819140336085  0.023254454462891  0.016819589480140
  0.119293293903462 -0.314945379366409 -0.068781826068575 -0.000000000008256
  0.024441256946571  0.117430765717106 -0.309695247318571  0.065634054494855
 -0.000000000004143 -0.029669166888423 -0.074091704572588 -0.076613076690839
 -0.074887380765689  0.119293345331737 -0.314945557225741  0.068781634432388
 -0.000000000009640 -0.024441421032113 -0.076613078206792  0.117430784425223
 -0.309695332695587 -0.065634038228542 -0.000000000008787  0.029669049624534
 -0.074091912300547 -0.074887309761415 -0.046232556736029  0.121210675103489
  0.030038789191254  0.000000000008430  0.027068423295049  0.023254766893622
   14 Orbital Energy    -0.699808 Occupation  1.000000
 -0.012176044237610  0.032970133082339  0.061230597532885 -0.000000000000888
 -0.111163357910106  0.120391511249646 -0.324750511715457 -0.051242206179869
 -0.000000000009443 -0.053781965612135  0.132147695796584 -0.356619173609293
  0.054942763926168  0.000000000022602  0.014169914622888  0.012176231392530
 -0.032970622824334  0.061230936346861 -0.000000000000500 -0.111163077400269
 -0.120391229919215  0.324749717527000 -0.051242250423929  0.000000000000845
 -0.053782127035306 -0.090215617185248 -0.098310931312634  0.090215288036798
  0.000554425593394 -0.002191724234668  0.024439652532756 -0.000000000007115
 -0.015809718764169 -0.014031744159670  0.036682045965732 -0.005299690572553
 -0.000000000009003 -0.003598825389104  0.014424492651803 -0.010158457221521
  0.008631696852095 -0.000554906051885  0.002193000099510  0.024439194430660
  0.000000000011650 -0.015809678910822  0.010158792188597  0.014031192944452
 -0.036680582138487 -0.005299430071728  0.000000000006402 -0.003599000792012
 -0.014424168434534 -0.008631300205440 -0.132147513376182  0.356618613271702
  0.054942847174425 -0.000000000017328  0.014169829261959  0.098310819970481
   15 Orbital Energy    -0.667505 Occupation  1.000000
 -0.099686111005251  0.274099285805745  0.048124684669382  0.000000000024446
  0.034573056202844 -0.072774572950753  0.200696004836906 -0.027182389010046
  0.000000000009364 -0.066550374522810  0.041305388600746 -0.114140772853470
 -0.098574055957041  0.000000000008931  0.006572764493302  0.099686166473117
 -0.274099436944658  0.048124592808859 -0.000000000015331  0.034572951557929
  0.072774449282943 -0.200695667704175 -0.027182500276107 -0.000000000009581
 -0.066550490850592  0.052799376336457 -0.032677465719725 -0.052799223070483
 -0.051612952529672  0.136802499124159  0.134816055372161 -0.000000000011004
  0.004074185527961 -0.110352772648869  0.299708934744427 -0.026502826227669
 -0.000000000000101  0.027458334840811  0.077498539022881  0.037414894949827
  0.090049990810570  0.051613108628975 -0.136802955118013  0.134816018520750
  0.000000000009412  0.004074090619965 -0.037415006276879  0.110352943383606
 -0.299709437532597 -0.026502870351523 -0.000000000006283  0.027458244526908
 -0.077498859392607 -0.090050025130269 -0.041305439998145  0.114140908925741
 -0.098573952710649 -0.000000000012478  0.006572777331791  0.032677503206246
   16 Orbital Energy    -0.588697 Occupation  1.000000
 -0.071197833200307  0.206917162138300 -0.030413989280974  0.000000000031742
 -0.136747302789205  0.081382097130527 -0.232198281897262 -0.002034186786747
  0.000000000019637 -0.070106813772409 -0.002326339387919  0.008092338390604
  0.160845565555213  0.000000000004084  0.022579287665988 -0.071197766941604
  0.206916960641064  0.030413961144504  0.000000000025104  0.136747138570802
  0.081382050965292 -0.232198115885087  0.002034499489004  0.000000000009674
  0.070106770351910 -0.105467810054992  0.018592440178890 -0.105467461264374
 -0.053047629526634  0.159554109341936 -0.149174400264226  0.000000000025942
  0.035349972069594  0.084174096593075 -0.242731349591774 -0.048019042141818
 -0.000000000001489  0.021051477044043 -0.103714449647351  0.080176220196421
 -0.098408497329239 -0.053047783413598  0.159554565192716  0.149174491257230
  0.000000000022515 -0.035350163424864  0.080176477285603  0.084174238946664
 -0.242731780233455  0.048019100948533 -0.000000000003513 -0.021051834242289
 -0.103714939350823 -0.098408468064783 -0.002326285783741  0.008092217601694
 -0.160845788443435  0.000000000000650 -0.022579376525777  0.018592453086024
   17 Orbital Energy    -0.558937 Occupation  1.000000
 -0.054035416202248  0.159929711141656 -0.119277512230671  0.000000000009474
  0.155926778579963 -0.057934360482102  0.172060946183421 -0.133513355313803
  0.000000000006618 -0.136315496533577  0.110471056750838 -0.326162806463669
 -0.009620926182938 -0.000000000082087 -0.089729164020067 -0.054035467638754
  0.159929860375517  0.119277561906006 -0.000000000004510 -0.155927000076409
 -0.057934413757187  0.172061149662791  0.133513419412738 -0.000000000005507
  0.136315640292037  0.083567188271421 -0.169725086467833  0.083567205490704
 -0.007237905938712  0.023486148108393 -0.057545921575044  0.000000000014509
 -0.069591681862848  0.037116399731512 -0.111289033981098 -0.042089287978092
  0.000000000018703 -0.029113174769203 -0.022098076005323 -0.032912294457462
 -0.067025223948615 -0.007237890740494  0.023486095689993  0.057545933878189
  0.000000000023435  0.069591557343874 -0.032912240184378  0.037116434248934
 -0.111289143674746  0.042089235538955  0.000000000012170  0.029113043053685
 -0.022098244880392 -0.067025156304750  0.110470916708770 -0.326162317744550
  0.009620923480091 -0.000000000048421  0.089729054158779 -0.169724864969706
   18 Orbital Energy    -0.531661 Occupation  1.000000
 -0.013279716613614  0.037884523646108  0.111112893224963  0.000000000043914
  0.094204935024546 -0.030372597433870  0.091974845045509 -0.062252146163688
  0.000000000011421 -0.059455324219717  0.050710916649466 -0.154547558317744
 -0.006787508084141  0.000000000040829  0.003405467050568  0.013279653183058
 -0.037884323416566  0.111113212897977  0.000000000034318  0.094205334363842
  0.030372681934726 -0.091975106759520 -0.062252020936974  0.000000000015485
 -0.059455534297422  0.054762905367317 -0.050245677489305 -0.054762830626876
 -0.098836410196968  0.302614853888645 -0.076478009252592  0.000000000009011
  0.096687380470242  0.080797883155114 -0.249265372220116 -0.126149250995452
 -0.000000000007680  0.086880225638257 -0.160337107328827  0.170589252360997
 -0.124873849961441  0.098836325141283 -0.302614609454828 -0.076477545830696
 -0.000000000007594  0.096687431251908 -0.170589173422396 -0.080797690681844
  0.249264775799369 -0.126148869127258 -0.000000000001467  0.086880724674278
  0.160337324974168  0.124873121168810 -0.050710932430320  0.154547594792637
 -0.006787677615477 -0.000000000006394  0.003405212132901  0.050245847296812
   19 Orbital Energy    -0.510181 Occupation  1.000000
  0.054554613059251 -0.162132897871376 -0.141300498375107  0.000000000073232
 -0.026693438100108 -0.052508350612410  0.166838555294420 -0.099257840099502
  0.000000000085823  0.179859390205589 -0.006568868615304  0.024190983582141
 -0.142843744633769  0.000000000085498  0.145680278978956  0.054554434701840
 -0.162132344685055  0.141300422516193  0.000000000042827  0.026693323933469
 -0.052508312908664  0.166838438403623  0.099257519189135  0.000000000031175
 -0.179859157365915  0.169723243175978  0.098215385952192  0.169722807047080
 -0.059182497222419  0.180879598069574 -0.019123885710857 -0.000000000020278
  0.061636651193085  0.051448879337753 -0.163113710345698 -0.102837038991080
 -0.000000000024159  0.048936401998308 -0.094958413780697  0.112578286945564
 -0.096935626900381 -0.059182636673384  0.180880040955333  0.019123760026397
 -0.000000000004657 -0.061637000034055  0.112578682925231  0.051448951014157
 -0.163113926576503  0.102837023672971 -0.000000000011154 -0.048936946099599
 -0.094958934088276 -0.096935397211719 -0.006568918220378  0.024191119047698
  0.142844032270605  0.000000000060068 -0.145680414078176  0.098215522186548
   20 Orbital Energy    -0.457449 Occupation  1.000000
  0.032321447560841 -0.106543156797208  0.109489539842807 -0.000000000048812
  0.090806066778776 -0.019464228245543  0.055110715119126  0.156097235234831
 -0.000000000008314 -0.037535495912875  0.013164820102186 -0.050929712865372
 -0.089597640219078 -0.000000000059131 -0.175187447775228  0.032321605351535
 -0.106543670680002 -0.109489605945058  0.000000000007283 -0.090805473180985
 -0.019464297048300  0.055110889140106 -0.156097382452784  0.000000000002438
  0.037534958334045 -0.090721628302569 -0.135972885662048 -0.090721409966686
 -0.040045733779816  0.127253806284505  0.138233507088903  0.000000000029138
  0.168039904442782  0.016796128503004 -0.063090857989233 -0.059724173240321
  0.000000000028925  0.204558942017313 -0.179034837050803  0.152693150846792
  0.021722466864033 -0.040045661883968  0.127253583499487 -0.138233782777289
  0.000000000032305 -0.168039292155321  0.152692608479955  0.016796001038726
 -0.063090389705773  0.059723991083134  0.000000000048624 -0.204559262189916
 -0.179034984073726  0.021723019341101  0.013164881571370 -0.050929972029122
  0.089597985367245 -0.000000000046137  0.175188041678804 -0.135973431529359
   21 Orbital Energy    -0.439359 Occupation  1.000000
  0.023077623742810 -0.079094086331946  0.167930640663304  0.000000000039878
 -0.075805908163026 -0.042370695437747  0.138209647327867  0.064831882437692
  0.000000000019415  0.124996116047186  0.022227846934108 -0.074849162670668
 -0.169183204023863  0.000000000067227 -0.076500162118298 -0.023077578250043
  0.079093930180090  0.167929964269027 -0.000000000004085 -0.075806066090632
  0.042370754492203 -0.138209820879279  0.064831465651731 -0.000000000022784
  0.124996212395008  0.061157605683209 -0.100264887358756 -0.061157813887966
 -0.016790814933490  0.051288369296613 -0.024936530295605 -0.000000000036126
 -0.240320491903356  0.008041569084379 -0.031040088480636 -0.169738850922988
 -0.000000000035561 -0.152662853763894  0.072396969740880 -0.155825449915508
 -0.177503678845093  0.016790823368050 -0.051288440681794 -0.024937273332715
  0.000000000044458 -0.240320418377373  0.155825313652475 -0.008041678125663
  0.031040440631659 -0.169738503448633  0.000000000043361 -0.152662974290839
 -0.072396969372908  0.177503652886654 -0.022227911933001  0.074849405282164
 -0.169183366964372 -0.000000000053542 -0.076499762643343  0.100264710437560
   22 Orbital Energy    -0.410610 Occupation  1.000000
  0.069176889076302 -0.234406838762582 -0.057152489441927 -0.000000000026140
  0.087256008854857 -0.044096979381009  0.153220892980796 -0.205824944907217
 -0.000000000044344  0.051017798579041  0.047663378750878 -0.163901848418946
  0.128990756796801  0.000000000104439 -0.188676338768684 -0.069177157944736
  0.234407720191994 -0.057152886288107  0.000000000017214  0.087256518950823
  0.044096892988112 -0.153220614582239 -0.205823787719530 -0.000000000016917
  0.051017821150650  0.231287687621590 -0.225264421624716 -0.231286790227696
  0.015177325404418 -0.041794525087146 -0.132857756939121 -0.000000000051968
 -0.002685395167332 -0.011925051879140  0.049851036186369  0.152216537425050
 -0.000000000040355 -0.029833141226298  0.043482990461922 -0.026399971579047
  0.105044877324211 -0.015177055997372  0.041793768988949 -0.132856363131084
  0.000000000052163 -0.002687364206997  0.026401247890264  0.011925062608009
 -0.049850904933971  0.152213357026377  0.000000000042629 -0.029834516750848
 -0.043483588756339 -0.105042049353458 -0.047663137788707  0.163900988391837
  0.128989616548651 -0.000000000068928 -0.188676063276845  0.225263894831764
   23 Orbital Energy    -0.397955 Occupation  1.000000
  0.022690260752010 -0.077116600826824 -0.066558865130581 -0.000000000104552
 -0.253900424233203  0.011707459576911 -0.036384770447935 -0.027591761805691
 -0.000000000072814  0.255443804044301 -0.001140235826639  0.001035903593401
 -0.111371112511934  0.000000000023672 -0.041878927691436 -0.022691031166084
  0.077119111076292 -0.066559503686238  0.000000000035262 -0.253899563941034
 -0.011708237747640  0.036387679304220 -0.027585950905520  0.000000000025417
  0.255443997151147  0.133570304290165 -0.037284856375135 -0.133565383874488
  0.002467809776956 -0.014574668936730  0.186159079791993 -0.000000000041208
  0.018470635242714 -0.001019310703707 -0.007687903157851 -0.044741899643439
 -0.000000000022247  0.250231559165225 -0.215855502440635 -0.012090005533441
  0.087289809733745 -0.002466767687856  0.014571684009753  0.186165416890357
  0.000000000003375  0.018460746895349  0.012097000813711  0.001019584526129
  0.007687497726842 -0.044754946561137 -0.000000000005001  0.250227903530177
  0.215854740470764 -0.087279755531985  0.001141307916359 -0.001039489863213
 -0.111374441761579 -0.000000000027351 -0.041879605986628  0.037284105440427
   24 Orbital Energy    -0.396059 Occupation  1.000000
  0.021633068217520 -0.071435084508009  0.004596085274090 -0.000000000056903
  0.017863558642530  0.018354023687970 -0.068376673860060  0.140793481265349
 -0.000000000079946  0.008207404764392 -0.025332916336096  0.084661303399014
 -0.075115401121956 -0.000000000034654 -0.031689623886945  0.021631480356093
 -0.071429661697998 -0.004600606201982 -0.000000000039783 -0.017872931162585
  0.018353867186679 -0.068376413547068 -0.140797322869996 -0.000000000039198
 -0.008196736112020 -0.113856799369539  0.006658360386839 -0.113864762554625
 -0.027627365977905  0.080503932188020  0.158775948490269 -0.000000000022676
 -0.212588605275664 -0.004491478236187  0.000052708866838 -0.324890402117800
 -0.000000000008664 -0.097117054497963  0.023844105470123 -0.145764521889306
 -0.262031178689567 -0.027627702636166  0.080505345214629 -0.158768519734887
 -0.000000000039401  0.212589329034964 -0.145763472003434 -0.004491192886840
  0.000052149788892  0.324889413435232 -0.000000000010398  0.097127069467879
  0.023852507436116 -0.262035507706195 -0.025333176699001  0.084662294893384
  0.075113029241561 -0.000000000050554  0.031685992092182  0.006661976170631
   25 Orbital Energy    -0.373987 Occupation  1.000000
 -0.003266180595537  0.011469226960255  0.101254647854482 -0.000000000053592
 -0.056256910281409  0.020136454321790 -0.063749751117107 -0.273159587805947
 -0.000000000180905  0.106404819480644  0.028532163890844 -0.090872126323048
  0.038955951264880 -0.000000000226127  0.339035979421791  0.003266172399584
 -0.011469201352639  0.101254544561260 -0.000000000082871 -0.056255903546845
 -0.020136399568233  0.063749460330256 -0.273159664451668 -0.000000000019116
  0.106404073791928  0.217086443735899  0.253676604765148 -0.217086106552048
  0.001833703913647 -0.004314790769064 -0.056027453504433  0.000000000034911
 -0.037403907424630 -0.004267086032227  0.017784946995290  0.018301763662378
  0.000000000082790 -0.074523874314052  0.054333534065505 -0.014861398617272
 -0.016530420182173 -0.001833735326151  0.004314931129461 -0.056026867194516
 -0.000000000084321 -0.037403797717944  0.014861380479512  0.004267080665953
 -0.017784867882017  0.018301573965495 -0.000000000081409 -0.074523216072201
 -0.054332950376616  0.016530300846128 -0.028532132728909  0.090871911636072
  0.038955674045653  0.000000000037575  0.339036886278427 -0.253677458486686
   26 Orbital Energy    -0.351154 Occupation  1.000000
  0.002984748735511 -0.011002970110482  0.221782283600020  0.000000000179637
 -0.103349475164647 -0.006608783793665  0.018501357145215  0.161791233312233
  0.000000000143612  0.129441298601588  0.017334640970306 -0.062735076775196
 -0.245707570071575  0.000000000126948  0.024186391271417 -0.002985283997295
  0.011004910896445  0.221783136646272  0.000000000103397 -0.103351682034679
  0.006609021826242 -0.018502109799493  0.161793430785485  0.000000000075570
  0.129443727033616 -0.047181628079857 -0.006640693874734  0.047181093445905
  0.001206908209731  0.011946330363757 -0.240833690687688  0.000000000074522
  0.131315901260948  0.020493303283686 -0.056526080395080  0.270264621786144
  0.000000000009026 -0.034136562140824  0.051091502150627  0.146013279512305
  0.157260556178507 -0.001206627642411 -0.011947601935295 -0.240837928503055
  0.000000000036578  0.131321107690828 -0.146018882819676 -0.020493571554240
  0.056526746742064  0.270266958464436  0.000000000043455 -0.034144042694322
 -0.051098470066402 -0.157257690579015 -0.017334863210464  0.062736134162929
 -0.245709210712596  0.000000000089870  0.024182290447139  0.006644701755613
   27 Orbital Energy    -0.347292 Occupation  1.000000
  0.025168640739442 -0.090582234780376  0.026618885980854 -0.000000000296557
 -0.083130676618600 -0.007558190257724  0.025402488848015  0.113841615925014
 -0.000000000415596  0.103861944754818  0.005291988105646 -0.026900952781921
 -0.087253557206117 -0.000000000470252 -0.163926708680115  0.025168534305859
 -0.090581816369467 -0.026612347146907 -0.000000000393775  0.083129561692720
 -0.007557864931417  0.025401449738341 -0.113836543484936 -0.000000000343063
 -0.103860040035325  0.005867182506733 -0.155789443766384  0.005869477557979
 -0.017037003851177  0.071811013997123 -0.149882036477443 -0.000000000077870
  0.168838436507339  0.010445720354585 -0.026792798468401  0.048335466336989
  0.000000000002186 -0.295644739508797  0.268110826599099  0.199904025293290
 -0.143716873162923 -0.017037084178611  0.071810872038856  0.149875059639457
 -0.000000000057336 -0.168836483536576  0.199901617094810  0.010445250927017
 -0.026791694445870 -0.048327944029549  0.000000000001889  0.295644517120205
  0.268109953765651 -0.143722037062642  0.005291611296433 -0.026899645890188
  0.087247482422851 -0.000000000358972  0.163926888611559 -0.155788913472321
   28 Orbital Energy    -0.324528 Occupation  1.000000
  0.000000000039622 -0.000000000144927  0.000000000119765  0.337546398317703
  0.000000000231699 -0.000000000020246  0.000000000066562  0.000000000224847
  0.297235054069732 -0.000000000152807  0.000000000020301 -0.000000000078829
 -0.000000000133820  0.297831456038628 -0.000000000038903  0.000000000004660
 -0.000000000002292  0.000000000403798  0.337546386177479  0.000000000303815
 -0.000000000005866  0.000000000020062 -0.000000000354441  0.297235455850670
 -0.000000000273434 -0.000000000189815  0.000000000021151 -0.000000000224427
 -0.000000000009342  0.000000000024687 -0.000000000261800  0.174048508150774
 -0.000000000356533 -0.000000000026776  0.000000000126170  0.000000000128602
  0.092496459878676 -0.000000000025005 -0.000000000155931 -0.000000000282716
  0.000000000154858 -0.000000000025322  0.000000000116513  0.000000000196343
  0.174048426819812 -0.000000000564070  0.000000000617216  0.000000000021987
 -0.000000000055041 -0.000000000081910  0.092496377508275  0.000000000728752
  0.000000000637475 -0.000000000402244  0.000000000011505 -0.000000000081956
  0.000000000422639  0.297831867073906  0.000000000449727 -0.000000000205700
   29 Orbital Energy    -0.311247 Occupation  1.000000
  0.010602225682390 -0.046070290723212  0.200424312985470 -0.000000000435232
  0.164369453569713 -0.013742364990849  0.047202505844875  0.036863947246534
 -0.000000000439103 -0.138474292152192  0.007077228815629 -0.021926100740492
  0.018145204343889 -0.000000000496974  0.075886447650827 -0.010602337523843
  0.046070751723192  0.200426379478018 -0.000000000545631  0.164367898429090
  0.013742313719393 -0.047202397783332  0.036862772628286 -0.000000000472029
 -0.138473038205923 -0.052607959247471  0.047555935632567  0.052605959863782
 -0.002552753759826  0.005956895851250 -0.091511698978446 -0.000000000302649
 -0.259780870478811 -0.003428134646809  0.014191397399616  0.066724234119844
 -0.000000000175662  0.232721687754940 -0.230598106823982 -0.258737430244424
  0.213033855383145  0.002552653596465 -0.005956531540325 -0.091511495601972
 -0.000000000308520 -0.259779621240535  0.258736478418380  0.003428184477558
 -0.014191683596531  0.066723969293922 -0.000000000180515  0.232720236425989
  0.230596340098919 -0.213032828225375 -0.007077204722622  0.021926077191861
  0.018146887130783 -0.000000000444704  0.075884921867334 -0.047554470663003
   30 Orbital Energy    -0.292796 Occupation  1.000000
 -0.003576053809206  0.023443312914525 -0.296046431013088 -0.000000000050482
  0.032000032956682 -0.008572319861514  0.023577528263702  0.247789693653608
 -0.000000000256285  0.003370710807334  0.002258394711107 -0.007318863878438
 -0.305282833077998 -0.000000000245186  0.032790318754102 -0.003576097918377
  0.023443452645440  0.296044926987787 -0.000000000242898 -0.032001627854705
 -0.008572405526670  0.023577686786749 -0.247790210271012 -0.000000000214819
 -0.003369264003262 -0.237584650354959  0.015986280044127 -0.237585671512139
 -0.019946827005567  0.082908730840161 -0.221419651333275 -0.000000000099344
 -0.124711588710614  0.008281294013753 -0.021176701802100  0.145900749011955
 -0.000000000089554  0.024309078377819 -0.055835376404452 -0.070819393903255
  0.137858500837994 -0.019946816645939  0.082908660872174  0.221420740237002
 -0.000000000004625  0.124712943344387 -0.070820841685611  0.008281277368751
 -0.021176585194142 -0.145901572484973 -0.000000000003446 -0.024310152038626
 -0.055836340512299  0.137859926775605  0.002258429718542 -0.007319041886755
  0.305282575774272 -0.000000000129443 -0.032790899413239  0.015986724906891
   31 Orbital Energy    -0.287469 Occupation  1.000000
  0.007084033326047 -0.034119328182732 -0.011014276108972 -0.000000000282419
  0.311644618189276 -0.007987378240148  0.023044064201537  0.002385404117486
 -0.000000000142960 -0.296433448632251  0.011965965484982 -0.035392715692760
 -0.030720648587528  0.000000000280138  0.227506381919684  0.007083985548990
 -0.034119156855532  0.011013944038265  0.000000000121756 -0.311645059830052
 -0.007987403677278  0.023044139179842 -0.002386332748577  0.000000000072563
  0.296434103415365 -0.156381297006473  0.259114718992614 -0.156382278129497
  0.010707895852952 -0.036755663158435  0.058621191739853 -0.000000000018085
  0.162615287320237  0.004809853728152 -0.018731899210250  0.001799128888889
 -0.000000000089120 -0.114359842223685  0.113892756021785  0.180729570183286
 -0.086956592262160  0.010707874429330 -0.036755625901382 -0.058621444604162
 -0.000000000363138 -0.162614698398604  0.180728922906371  0.004809865071697
 -0.018732004687534 -0.001798977708389 -0.000000000309406  0.114358923000904
  0.113891791869346 -0.086956150330556  0.011965823379307 -0.035392127965405
  0.030720741680448  0.000000000075397 -0.227505994259458  0.259114569902509
   32 Orbital Energy    -0.263541 Occupation  1.000000
  0.000000000001292 -0.000000000004421  0.000000000038764  0.348867861364881
  0.000000000148408  0.000000000013431 -0.000000000057294 -0.000000000030706
  0.132831944090455 -0.000000000145640 -0.000000000011338  0.000000000065680
  0.000000000104168 -0.130690168193745  0.000000000168529  0.000000000002812
 -0.000000000026302  0.000000000003821 -0.348867792824853 -0.000000000151870
 -0.000000000016240  0.000000000068637  0.000000000035971 -0.132831575373510
  0.000000000202803  0.000000000017781  0.000000000115139 -0.000000000115759
  0.000000000021081 -0.000000000095292  0.000000000167741 -0.376572985199004
  0.000000000140941  0.000000000004548 -0.000000000032319 -0.000000000036311
 -0.271446397808483 -0.000000000014271  0.000000000086339  0.000000000124307
 -0.000000000081969  0.000000000012825 -0.000000000050952 -0.000000000051206
  0.376572471775301 -0.000000000062563  0.000000000068375 -0.000000000002980
  0.000000000013461  0.000000000032614  0.271445888888328  0.000000000052347
  0.000000000052836 -0.000000000058372  0.000000000005723 -0.000000000019920
 -0.000000000007670  0.130690341329704 -0.000000000069014  0.000000000119849
   33 Orbital Energy    -0.212438 Occupation  1.000000
 -0.000000000002069  0.000000000008721  0.000000000004729  0.017991049316212
 -0.000000000175642  0.000000000010532 -0.000000000046934  0.000000000073349
  0.176765257747623  0.000000000142192  0.000000000026917 -0.000000000148545
 -0.000000000033137  0.179192390248587 -0.000000000294047 -0.000000000002163
  0.000000000011646 -0.000000000020195  0.017991895316663  0.000000000142889
  0.000000000004122 -0.000000000026355 -0.000000000079276  0.176767961527583
 -0.000000000141508  0.000000000102855 -0.000000000006187  0.000000000029654
 -0.000000000013490  0.000000000059416 -0.000000000072634 -0.413778976868424
 -0.000000000031398 -0.000000000006754  0.000000000037076  0.000000000042215
 -0.417881283184902 -0.000000000080386 -0.000000000012548 -0.000000000015595
 -0.000000000013592 -0.000000000020751  0.000000000090278  0.000000000083306
 -0.413779229378662  0.000000000047360 -0.000000000054035 -0.000000000000350
  0.000000000006942 -0.000000000044370 -0.417881326125578  0.000000000017200
 -0.000000000051211  0.000000000036695  0.000000000027416 -0.000000000151804
  0.000000000067403  0.179194304510740  0.000000000343777 -0.000000000010644
   34 Orbital Energy    -0.195078 Occupation  1.000000
 -0.000000000008091  0.000000000032088 -0.000000000026100 -0.004755223256768
 -0.000000000006074  0.000000000017501 -0.000000000068259 -0.000000000022580
  0.458222899954295  0.000000000020327 -0.000000000017152  0.000000000090827
 -0.000000000012863  0.463041269314163  0.000000000180911  0.000000000004105
 -0.000000000003671 -0.000000000005740  0.004756007954541 -0.000000000029443
 -0.000000000016458  0.000000000051149 -0.000000000031748 -0.458221759120037
 -0.000000000032801  0.000000000008719 -0.000000000069508 -0.000000000118367
  0.000000000005146 -0.000000000022391 -0.000000000024663  0.002190415029048
  0.000000000001682 -0.000000000011843  0.000000000065567 -0.000000000000303
 -0.007399209216291 -0.000000000079655 -0.000000000055378  0.000000000029766
  0.000000000008306 -0.000000000005846  0.000000000025037  0.000000000042140
 -0.002192323848163 -0.000000000011928  0.000000000002436 -0.000000000004064
  0.000000000027831 -0.000000000030308  0.007397012608395  0.000000000071906
 -0.000000000016414 -0.000000000004423  0.000000000026987 -0.000000000139229
  0.000000000076159 -0.463040282240929  0.000000000308252  0.000000000108359
   35 Orbital Energy    -0.153085 Occupation  1.000000
  0.000000000020333 -0.000000000082924 -0.000000000015984  0.387631267964235
 -0.000000000004663 -0.000000000012316  0.000000000050915 -0.000000000027238
  0.228670424071513 -0.000000000015207  0.000000000011702 -0.000000000060584
  0.000000000024078 -0.217130810572334 -0.000000000206991 -0.000000000018337
  0.000000000067258  0.000000000035988 -0.387631394573703 -0.000000000036852
  0.000000000005168 -0.000000000013928  0.000000000033776 -0.228670017058595
  0.000000000063552 -0.000000000011751  0.000000000094223 -0.000000000078980
  0.000000000015739 -0.000000000085108  0.000000000108915  0.223568816828964
  0.000000000046801  0.000000000006316 -0.000000000041272 -0.000000000031849
  0.397376270820869  0.000000000062950  0.000000000054045  0.000000000025796
 -0.000000000021035 -0.000000000000422  0.000000000008330 -0.000000000006056
 -0.223569251922173 -0.000000000002073  0.000000000015349 -0.000000000005461
  0.000000000026094 -0.000000000010736 -0.397376744127427  0.000000000034786
 -0.000000000031134 -0.000000000005315 -0.000000000033606  0.000000000177981
 -0.000000000001050  0.217130795979966 -0.000000000244270 -0.000000000101137
   36 Orbital Energy     0.037421 Occupation  0.000000
  0.000000000010388 -0.000000000051386 -0.000000000012139  0.442500685259621
 -0.000000000001694 -0.000000000008923  0.000000000052076 -0.000000000046400
 -0.276447482254834 -0.000000000021827 -0.000000000026894  0.000000000155111
  0.000000000084224 -0.233077443714969  0.000000000028337  0.000000000010815
 -0.000000000069301  0.000000000119627  0.442500646560775  0.000000000074125
 -0.000000000017295  0.000000000104032  0.000000000004527 -0.276447041914193
  0.000000000107080 -0.000000000037005 -0.000000000091281  0.000000000005257
  0.000000000029135 -0.000000000156210  0.000000000113880  0.256303414762570
  0.000000000073046 -0.000000000006832  0.000000000031067 -0.000000000039491
 -0.449898709188554  0.000000000024956  0.000000000017098  0.000000000031760
 -0.000000000027664  0.000000000004010 -0.000000000018733 -0.000000000023014
  0.256303879201822 -0.000000000006425 -0.000000000001863  0.000000000001375
 -0.000000000012652  0.000000000015414 -0.449899233016456 -0.000000000038973
  0.000000000023866 -0.000000000001467 -0.000000000011460  0.000000000064410
 -0.000000000048279 -0.233077295621173 -0.000000000078631 -0.000000000052616
   37 Orbital Energy     0.090336 Occupation  0.000000
 -0.000000000015680  0.000000000076899  0.000000000047857 -0.031454077429045
 -0.000000000084805  0.000000000007128 -0.000000000039655  0.000000000058359
 -0.553562212884396  0.000000000062070  0.000000000041391 -0.000000000240253
 -0.000000000018492  0.582562100696788 -0.000000000196990  0.000000000009224
 -0.000000000053880 -0.000000000050164 -0.031454977719034  0.000000000150025
 -0.000000000001612  0.000000000010951 -0.000000000184199 -0.553560995274678
  0.000000000019496  0.000000000088730  0.000000000189428  0.000000000261451
 -0.000000000021400  0.000000000106377 -0.000000000037742  0.004734669525120
 -0.000000000023733  0.000000000020187 -0.000000000114357 -0.000000000003813
  0.009577905052511  0.000000000131589  0.000000000117972 -0.000000000105508
  0.000000000008488 -0.000000000010016  0.000000000044580  0.000000000016693
  0.004736852649621 -0.000000000001879 -0.000000000080715  0.000000000014049
 -0.000000000078916  0.000000000018640  0.009575470344351 -0.000000000088291
  0.000000000079814  0.000000000024449  0.000000000079773 -0.000000000470001
 -0.000000000034436  0.582560648373651  0.000000000342380  0.000000000400546
   38 Orbital Energy     0.110621 Occupation  0.000000
 -0.000000000005781  0.000000000026341  0.000000000019146  0.023179149831734
  0.000000000013902  0.000000000015585 -0.000000000085515  0.000000000017090
 -0.232034269294516 -0.000000000022800 -0.000000000020430  0.000000000117247
 -0.000000000039373  0.240599626546639  0.000000000088383  0.000000000012428
 -0.000000000065381  0.000000000012434 -0.023179927951971  0.000000000051209
 -0.000000000009658  0.000000000052637 -0.000000000078510  0.232037399115896
  0.000000000029902  0.000000000029549 -0.000000000114562  0.000000000094366
 -0.000000000006186  0.000000000028679 -0.000000000022691 -0.522227050811903
 -0.000000000009940  0.000000000006606 -0.000000000033858 -0.000000000000745
  0.523172460437051  0.000000000002864  0.000000000007486 -0.000000000002401
  0.000000000029353 -0.000000000001365  0.000000000003414  0.000000000008493
  0.522227294522782 -0.000000000001555 -0.000000000027448  0.000000000001080
 -0.000000000008447  0.000000000018888 -0.523172385904743 -0.000000000039913
  0.000000000025096  0.000000000002806  0.000000000036493 -0.000000000213559
 -0.000000000036628 -0.240602065113318  0.000000000146968  0.000000000207726
   39 Orbital Energy     0.182207 Occupation  0.000000
 -0.000000000000259  0.000000000002057  0.000000000058041 -0.497511739010060
 -0.000000000031693 -0.000000000014466  0.000000000087004 -0.000000000072924
  0.199874460233413  0.000000000056552  0.000000000029126 -0.000000000175903
 -0.000000000074578  0.166218539200745 -0.000000000021324 -0.000000000003322
  0.000000000036769 -0.000000000225808 -0.497511326400131 -0.000000000097659
  0.000000000005951 -0.000000000042012  0.000000000080087  0.199873849238251
 -0.000000000152565 -0.000000000099772  0.000000000106762 -0.000000000079559
 -0.000000000035865  0.000000000207181 -0.000000000142565  0.529026776077437
 -0.000000000069920  0.000000000004172 -0.000000000019049  0.000000000017215
 -0.379458564440977 -0.000000000015001 -0.000000000019248 -0.000000000076361
  0.000000000028968 -0.000000000000168 -0.000000000002924  0.000000000033286
  0.529026400557556  0.000000000000399 -0.000000000008168 -0.000000000012876
  0.000000000074259  0.000000000012504 -0.379458004562510  0.000000000028239
 -0.000000000048918 -0.000000000017372  0.000000000010761 -0.000000000062203
  0.000000000028276  0.166218889386742  0.000000000076975  0.000000000047934
   40 Orbital Energy     0.272512 Occupation  0.000000
  0.000000000027761 -0.000000000155176  0.000000000033467 -0.543540502953078
 -0.000000000193764 -0.000000000014253  0.000000000064832  0.000000000083703
  0.467229807732658 -0.000000000286813  0.000000000066862 -0.000000000413559
 -0.000000000032438 -0.464162727802414 -0.000000000437661 -0.000000000017355
  0.000000000118954 -0.000000000298529  0.543540748034126 -0.000000000494706
  0.000000000038274 -0.000000000221684  0.000000000283982 -0.467230533675177
 -0.000000000451346  0.000000000190035  0.000000000654040 -0.000000000336145
 -0.000000000029176  0.000000000188121 -0.000000000183351 -0.287600127260121
 -0.000000000314818 -0.000000000014666  0.000000000091178  0.000000000078624
  0.155932693138775 -0.000000000331681 -0.000000000353604  0.000000000238325
  0.000000000118867  0.000000000003303 -0.000000000019812  0.000000000030599
  0.287599769081589 -0.000000000069602 -0.000000000046961 -0.000000000024851
  0.000000000150671  0.000000000008892 -0.155932375800573  0.000000000025232
 -0.000000000081650 -0.000000000072286 -0.000000000093999  0.000000000574654
  0.000000000073261  0.464163356643640 -0.000000000583265 -0.000000000819035
   41 Orbital Energy     0.332225 Occupation  0.000000
  0.068268099157093 -0.401875087877936  0.229578650051381  0.000000000166687
  0.171176939839722  0.046372808957466 -0.280062775944706  0.181617029161103
  0.000000000055508 -0.152225861310443  0.028051830103568 -0.172737602876753
  0.048252434016245 -0.000000000213640 -0.306048648492334  0.068267983635445
 -0.401874398884069 -0.229580422676232 -0.000000000000842 -0.171172452032433
  0.046373034739426 -0.280064052611798 -0.181620852235343  0.000000000091904
  0.152231021199078  0.423006867168184  0.413427319859748  0.423013670690559
 -0.049190688208128  0.277319686801916 -0.242046798168697  0.000000000109002
 -0.342551546985226  0.039773598428223 -0.230235481317274 -0.095156971568691
 -0.000000000011167 -0.181743555978497 -0.113640458017966  0.149108868658969
  0.356424605288768 -0.049190152827285  0.277316523612800  0.242046914087959
 -0.000000000017638  0.342555643430204  0.149114920317773  0.039773593881584
 -0.230235404632830  0.095158117100361  0.000000000063250  0.181747081174226
 -0.113643323891147  0.356427653415294  0.028051926413054 -0.172738290231179
 -0.048255121308016 -0.000000000215841  0.306053679190704  0.413432781842627
   42 Orbital Energy     0.340727 Occupation  0.000000
  0.034467111618392 -0.202376648821705  0.038366600849692 -0.000000000452104
  0.312927146107574 -0.015863162059130  0.096310910852402 -0.083464143670932
  0.000000000454212  0.269880233862949  0.006296754919443 -0.030754278309424
 -0.104446000208306 -0.000000000471096  0.339968630162833 -0.034468259748898
  0.202383406654801  0.038370242689139  0.000000000407542  0.312930315528549
  0.015862725136207 -0.096308207953377 -0.083464061978545 -0.000000000309139
  0.269879173189569 -0.268320294369574 -0.319804266338687  0.268317030201706
 -0.007680526472260  0.047132995863277  0.096926032545961 -0.000000000171474
  0.397113512000973 -0.002533824362133  0.019155522152714  0.061896997721931
  0.000000000115279  0.340758219626973  0.323971980482339 -0.434712643901796
 -0.285982905507318  0.007681039142776 -0.047135967400793  0.096922806671533
  0.000000000177801  0.397106664356250  0.434707468020747  0.002533671812412
 -0.019154414101107  0.061896186733521 -0.000000000116873  0.340752112568789
 -0.323965786204964  0.285977468836037 -0.006296793724077  0.030754627330167
 -0.104444666953476  0.000000000387872  0.339964346342876  0.319799976394468
   43 Orbital Energy     0.379364 Occupation  0.000000
  0.057721937348183 -0.334902052439169  0.467835269844476 -0.000000000043242
  0.053644550258791 -0.004375091615101  0.019067805247784  0.392982633357696
 -0.000000000151810 -0.152428320475223  0.025012160393061 -0.152321685202067
  0.261785705923162  0.000000000189831 -0.053699953554349 -0.057721084211181
  0.334896901118683  0.467837062472779 -0.000000000113080  0.053640399530404
  0.004374443027994 -0.019063900116482  0.392991473512473  0.000000000075833
 -0.152433466725467  0.411826667906808  0.118636331047984 -0.411837338701808
  0.092757131257348 -0.542052643426269  0.296200222546075  0.000000000055650
  0.161832419624272 -0.049704735614314  0.290346062354666  0.100088963016567
 -0.000000000011856  0.141950778371545  0.014302850424898  0.157078344015960
 -0.346709093214589 -0.092754721963469  0.542038044525295  0.296199829908383
  0.000000000023061  0.161847875968355 -0.157054129222130  0.049704306415550
 -0.290343766565629  0.100095876930840 -0.000000000001971  0.141966558374922
 -0.014318260202442  0.346722491006902 -0.025014149302489  0.152333934677369
  0.261780871935840 -0.000000000055878 -0.053700331692953 -0.118644938784583
   44 Orbital Energy     0.381455 Occupation  0.000000
  0.023221322506070 -0.140020611791527 -0.104311413100148  0.000000000081298
  0.071196802077511 -0.021191617066756  0.135041154724429 -0.254205103011946
 -0.000000000311602  0.099243849904411 -0.064493939205549  0.393877137049764
  0.117945509514335  0.000000000327049  0.043691839474183  0.023223971677152
 -0.140035869610527  0.104291735187093 -0.000000000168688 -0.071196594062256
 -0.021192545801646  0.135046280852816  0.254189529892204  0.000000000004786
 -0.099236671152417 -0.300906131842654 -0.293796329105444 -0.300890698079396
  0.063517312183738 -0.381976210906598  0.037673771987536  0.000000000001842
 -0.339562741221970 -0.021087282273732  0.118036371205583 -0.126726835090717
 -0.000000000024029 -0.364198891953369 -0.394540641229313  0.575647639736413
  0.248465582304504  0.063521789264687 -0.382002719057256 -0.037686672555330
 -0.000000000069105  0.339560689338114  0.575660507270366 -0.021088302344766
  0.118042223446527  0.126727043794729  0.000000000008175  0.364193474702229
 -0.394537371893570  0.248458371135383 -0.064492424474968  0.393868058592248
 -0.117958370363874  0.000000000083316 -0.043687194299571 -0.293787763638249
   45 Orbital Energy     0.410970 Occupation  0.000000
 -0.051256528291062  0.309539233584271 -0.230507445585366 -0.000000000134267
  0.198910231853779  0.101058340984880 -0.617619117052613 -0.025971280108018
  0.000000000101843  0.032915631212683 -0.073740852651957  0.451124790680689
 -0.166962090866362  0.000000000055176 -0.008156801603439 -0.051275484469600
  0.309650570413598  0.230518300785057  0.000000000032225 -0.198939313746629
  0.101081948730216 -0.617761801491946  0.025939397497470 -0.000000000031055
 -0.032929317742268  0.220558894368426 -0.229430094015987  0.220639993662878
  0.024012754896226 -0.153038503776998  0.266179330363587  0.000000000005239
 -0.060324539109400  0.104090767100185 -0.651722045649127 -0.149846621746757
 -0.000000000041212  0.195574829988069  0.511369206363592  0.171565809280028
  0.326063988848966  0.024004250015817 -0.152984692324122 -0.266130329122880
  0.000000000058402  0.060301839664744  0.171519958734676  0.104070456510781
 -0.651594584104911  0.149800813046515 -0.000000000066493 -0.195526904178978
  0.511262023939831  0.325992249985494 -0.073758326984190  0.451228750300785
  0.166972443019158  0.000000000104352  0.008130004320707 -0.229512483431113
&
&valid
version=1.0
geometry
atom_num=20
   6    -0.0758150000     0.0000000000     0.0269380000
   6    -0.0045600000     0.0000000000     1.4463040000
   6     1.2336810000     0.0000000000     2.1042190000
   6     2.4572420000     0.0000000000     1.3787840000
   6     2.3859860000     0.0000000000    -0.0405820000
   1    -0.9288540000     0.0000000000     2.0382910000
   1     1.2652340000     0.0000000000     3.2024280000
   1     3.3102810000     0.0000000000    -0.6325690000
   6     3.7520430000     0.0000000000     2.1313240000
   6     4.9872240000     0.0000000000     1.6008690000
   1     5.1663340000     0.0000000000     0.5196130000
   1     3.6421500000     0.0000000000     3.2262300000
   1     5.8793430000     0.0000000000     2.2379240000
   6    -1.3706160000     0.0000000000    -0.7256020000
   1    -1.2607230000     0.0000000000    -1.8205080000
   6    -2.6057970000     0.0000000000    -0.1951460000
   1    -2.7849070000     0.0000000000     0.8861090000
   1    -3.4979160000     0.0000000000    -0.8322020000
   6     1.1477460000     0.0000000000    -0.6984970000
   1     1.1161930000     0.0000000000    -1.7967060000
end
molecule
molchg=0
multip=1
qs_cuts=   0    0    0
end
basis
name=sto-3g                          
numd=5
atom_basis_num=0
end
&
