MAEFILE: dvb_sp_ks.01.mae
&gen 
ip102=8 
basis=sto-3g 
ip1=2 
mulken=1 
ip18=2 
dftname=b3lyp 
ipvirt=-1 
&
&zmat
 C1              1.2665285000             0.6759230000            0.0000000000
 C2              1.1952730000            -0.7434430000            0.0000000000
 C3             -0.0429675000            -1.4013580000            0.0000000000
 C4             -1.2665285000            -0.6759230000            0.0000000000
 C5             -1.1952730000             0.7434430000            0.0000000000
 H6              2.1195675000            -1.3354300000            0.0000000000
 H7             -0.0745205000            -2.4995670000            0.0000000000
 H8             -2.1195675000             1.3354300000            0.0000000000
 C9             -2.5613295000            -1.4284630000            0.0000000000
 C10            -3.7965105000            -0.8980075000            0.0000000000
 H11            -3.9756205000             0.1832480000            0.0000000000
 H12            -2.4514365000            -2.5233690000            0.0000000000
 H13            -4.6886295000            -1.5350630000            0.0000000000
 C14             2.5613295000             1.4284630000            0.0000000000
 H15             2.4514365000             2.5233690000            0.0000000000
 C16             3.7965105000             0.8980075000            0.0000000000
 H17             3.9756205000            -0.1832480000            0.0000000000
 H18             4.6886295000             1.5350630000            0.0000000000
 C19             0.0429675000             1.4013580000            0.0000000000
 H20             0.0745205000             2.4995670000            0.0000000000
&
&guess  basgss=sto-3g numd=5
    1 Orbital Energy   -10.020218 Occupation  1.000000 Symmetry Bu      
  0.699298961595367  0.031565366979563 -0.000853874154356 -0.000321314337502
  0.000000000000000 -0.019071812388867 -0.007707909491693  0.000070012175445
 -0.004380462628194  0.000000000000000  0.018418879891017  0.007717111527150
 -0.003623800452293  0.002497113019249  0.000000000000000 -0.699298961595367
 -0.031565366979563 -0.000853874154356 -0.000321314337502  0.000000000000000
  0.019071812388867  0.007707909491693  0.000070012175445 -0.004380462628194
  0.000000000000000  0.000331935938180 -0.000331461920905 -0.000331935938180
  0.027481981104040  0.006727848612364  0.003471674650724  0.002131901821812
  0.000000000000000 -0.000181920714842 -0.000474955478496 -0.000266371077413
 -0.000094415477648  0.000000000000000  0.000148303249700 -0.000326319215772
  0.000028781868455 -0.027481981104040 -0.006727848612364  0.003471674650724
  0.002131901821812  0.000000000000000  0.000326319215772  0.000181920714842
  0.000474955478496 -0.000266371077413 -0.000094415477648  0.000000000000000
 -0.000148303249700 -0.000028781868455 -0.018418879891017 -0.007717111527150
 -0.003623800452293  0.002497113019249  0.000000000000000  0.000331461920905
    2 Orbital Energy   -10.020170 Occupation  1.000000 Symmetry Ag      
  0.699296417858944  0.031359016385947 -0.000615568391790 -0.000183898994337
  0.000000000000000 -0.019340531112428 -0.006877530894540 -0.000368457568597
 -0.004412689052493  0.000000000000000 -0.018900329046397 -0.006906654158007
  0.003906145847095 -0.002181718592233  0.000000000000000  0.699296417858944
  0.031359016385947  0.000615568391790  0.000183898994337  0.000000000000000
 -0.019340531112428 -0.006877530894540  0.000368457568597  0.004412689052493
  0.000000000000000  0.000222369907686  0.000218520082437  0.000222369907686
 -0.027844629370652 -0.006795633521041 -0.003504673930231 -0.002151180583823
  0.000000000000000  0.000195613982626  0.000478184828309  0.000272868705810
  0.000095926091158  0.000000000000000 -0.000140464636485  0.000337604529880
 -0.000027881389879 -0.027844629370652 -0.006795633521041  0.003504673930231
  0.002151180583823  0.000000000000000  0.000337604529880  0.000195613982626
  0.000478184828309 -0.000272868705810 -0.000095926091158  0.000000000000000
 -0.000140464636485 -0.000027881389879 -0.018900329046397 -0.006906654158007
 -0.003906145847095  0.002181718592233  0.000000000000000  0.000218520082437
    3 Orbital Energy   -10.008092 Occupation  1.000000 Symmetry Bu      
 -0.028112197218894  0.004130267090282  0.003710487486945  0.001966081884232
  0.000000000000000  0.007404606474305  0.000423515193234 -0.000110202898062
  0.000103779343665  0.000000000000000 -0.008202025068530 -0.000505779327238
  0.000038554762274 -0.000121726083588  0.000000000000000  0.028112197218894
 -0.004130267090282  0.003710487486945  0.001966081884232  0.000000000000000
 -0.007404606474305 -0.000423515193234 -0.000110202898062  0.000103779343665
  0.000000000000000  0.000062721905517  0.000071234993593 -0.000062721905517
  0.699831785686746  0.030784319997509 -0.001256551773704  0.000358720156959
  0.000000000000000 -0.008142757061177 -0.007615283574660 -0.004234742322598
  0.001780314854823  0.000000000000000  0.000186627436789 -0.006423088004133
  0.000216119295472 -0.699831785686746 -0.030784319997509 -0.001256551773704
  0.000358720156959  0.000000000000000  0.006423088004133  0.008142757061177
  0.007615283574660 -0.004234742322598  0.001780314854823  0.000000000000000
 -0.000186627436789 -0.000216119295472  0.008202025068530  0.000505779327238
  0.000038554762274 -0.000121726083588  0.000000000000000 -0.000071234993593
    4 Orbital Energy   -10.008091 Occupation  1.000000 Symmetry Ag      
 -0.028311253905235  0.004073287330864  0.003687604448865  0.001951701143869
  0.000000000000000  0.010216145362243  0.000425277179157 -0.000081926160800
  0.000193635222186  0.000000000000000  0.011056534197975  0.000534598010002
 -0.000118289577742  0.000160659824116  0.000000000000000 -0.028311253905235
  0.004073287330864 -0.003687604448865 -0.001951701143869  0.000000000000000
  0.010216145362243  0.000425277179157  0.000081926160800 -0.000193635222186
  0.000000000000000  0.000062055973375 -0.000076426534245  0.000062055973375
 -0.699750196955765 -0.030765750055052  0.001265560019308 -0.000353142966925
  0.000000000000000  0.008136363439860  0.007613640540667  0.004233101874660
 -0.001781202311789  0.000000000000000 -0.000186907271763  0.006420864526134
 -0.000216345705025 -0.699750196955765 -0.030765750055052 -0.001265560019308
  0.000353142966925  0.000000000000000  0.006420864526134  0.008136363439860
  0.007613640540667 -0.004233101874660  0.001781202311789  0.000000000000000
 -0.000186907271763 -0.000216345705025  0.011056534197975  0.000534598010002
  0.000118289577742 -0.000160659824116  0.000000000000000 -0.000076426534245
    5 Orbital Energy   -10.006799 Occupation  1.000000 Symmetry Bu      
 -0.027069846885650  0.007808318774264 -0.001989073750854 -0.002928008405394
  0.000000000000000 -0.624901139477470 -0.030668282728050  0.002685003476646
  0.000619798366711  0.000000000000000  0.314390260454815  0.019869704404511
  0.003629987760843  0.002357486573955  0.000000000000000  0.027069846885650
 -0.007808318774264 -0.001989073750854 -0.002928008405394  0.000000000000000
  0.624901139477470  0.030668282728050  0.002685003476646  0.000619798366711
  0.000000000000000  0.005742234264805 -0.003007069307255 -0.005742234264805
  0.009301116540143  0.000529982174727 -0.000053998126930  0.000035801317976
  0.000000000000000 -0.000926862353936 -0.000228160200614 -0.000114597299680
 -0.000036624202072  0.000000000000000  0.000161225631296 -0.000134616600301
 -0.000010743911703 -0.009301116540143 -0.000529982174727 -0.000053998126930
  0.000035801317976  0.000000000000000  0.000134616600301  0.000926862353936
  0.000228160200614 -0.000114597299680 -0.000036624202072  0.000000000000000
 -0.000161225631296  0.000010743911703 -0.314390260454815 -0.019869704404511
  0.003629987760843  0.002357486573955  0.000000000000000  0.003007069307255
    6 Orbital Energy   -10.006798 Occupation  1.000000 Symmetry Ag      
 -0.008053916293282  0.002010669849680  0.001696077085873 -0.004882623605084
  0.000000000000000 -0.609465741361286 -0.030056650250026  0.002593911081425
  0.000834052222517  0.000000000000000  0.344325132102834  0.020883588573216
  0.003467285303364  0.002247308997429  0.000000000000000 -0.008053916293282
  0.002010669849680 -0.001696077085873  0.004882623605084  0.000000000000000
 -0.609465741361286 -0.030056650250026 -0.002593911081425 -0.000834052222517
  0.000000000000000  0.005626300802483 -0.003198341204243  0.005626300802483
 -0.003145848328733 -0.000131136408192  0.000098336236731 -0.000085398463805
  0.000000000000000  0.000479668294926  0.000113461056887  0.000036636222380
  0.000032530137863  0.000000000000000 -0.000163021232492  0.000056469767468
  0.000005913371943 -0.003145848328733 -0.000131136408192 -0.000098336236731
  0.000085398463805  0.000000000000000  0.000056469767468  0.000479668294926
  0.000113461056887 -0.000036636222380 -0.000032530137863  0.000000000000000
 -0.000163021232492  0.000005913371943  0.344325132102834  0.020883588573216
 -0.003467285303364 -0.002247308997429  0.000000000000000 -0.003198341204243
    7 Orbital Energy   -10.006117 Occupation  1.000000 Symmetry Bu      
 -0.008466946479656  0.002583364552707 -0.003237987767630  0.003847574912645
  0.000000000000000  0.315760074652984  0.008018274624888  0.003086244558113
  0.001997493512402  0.000000000000000  0.625600972625249  0.024679588578940
 -0.001542576036008 -0.000054485248994  0.000000000000000  0.008466946479656
 -0.002583364552707 -0.003237987767630  0.003847574912645  0.000000000000000
 -0.315760074652984 -0.008018274624888  0.003086244558113  0.001997493512402
  0.000000000000000 -0.002687470794775 -0.005558178478331  0.002687470794775
  0.003693627454546  0.000215498311454 -0.000025147061387 -0.000010135941154
  0.000000000000000  0.000050648710418 -0.000055758190641 -0.000039246210883
  0.000035115321251  0.000000000000000 -0.000058327588235 -0.000066110511120
  0.000008227307203 -0.003693627454546 -0.000215498311454 -0.000025147061387
 -0.000010135941154  0.000000000000000  0.000066110511120 -0.000050648710418
  0.000055758190641 -0.000039246210883  0.000035115321251  0.000000000000000
  0.000058327588235 -0.000008227307203 -0.625600972625249 -0.024679588578940
 -0.001542576036008 -0.000054485248994  0.000000000000000  0.005558178478331
    8 Orbital Energy   -10.005975 Occupation  1.000000 Symmetry Ag      
 -0.027933503322038  0.007262078787078 -0.003269269916824 -0.000164180576067
  0.000000000000000 -0.344620930727288 -0.009438291714983 -0.003093972863990
 -0.001747902759818  0.000000000000000 -0.609635863640485 -0.023552036307675
  0.001643326570040  0.000532874844332  0.000000000000000 -0.027933503322038
  0.007262078787078  0.003269269916824  0.000164180576067  0.000000000000000
 -0.344620930727288 -0.009438291714983  0.003093972863990  0.001747902759818
  0.000000000000000  0.003133132596511  0.005571688153654  0.003133132596511
 -0.013633515667559 -0.000596599228155  0.000161165373798  0.000052943313566
  0.000000000000000  0.001068305844530  0.000274308319120  0.000167589557244
  0.000011207556803  0.000000000000000 -0.000066924473249  0.000214647189067
  0.000010715194749 -0.013633515667559 -0.000596599228155 -0.000161165373798
 -0.000052943313566  0.000000000000000  0.000214647189067  0.001068305844530
  0.000274308319120 -0.000167589557244 -0.000011207556803  0.000000000000000
 -0.000066924473249  0.000010715194749 -0.609635863640485 -0.023552036307675
 -0.001643326570040 -0.000532874844332  0.000000000000000  0.005571688153654
    9 Orbital Energy    -9.992286 Occupation  1.000000 Symmetry Bu      
  0.000178880272774  0.000158636405385  0.000053415611703 -0.000005205459467
  0.000000000000000  0.000790480771427 -0.000014733002065 -0.000097400626653
 -0.000039754181447  0.000000000000000 -0.000289502958621  0.000002006938880
 -0.000078571144950 -0.000019746938081  0.000000000000000 -0.000178880272774
 -0.000158636405385  0.000053415611703 -0.000005205459467  0.000000000000000
 -0.000790480771427  0.000014733002065 -0.000097400626653 -0.000039754181447
  0.000000000000000  0.000100853273739  0.000012007470254 -0.000100853273739
 -0.009031088308542  0.006889708613022 -0.004186264338030  0.001835859954843
  0.000000000000000 -0.700478250173503 -0.030861235694704 -0.001160006241267
  0.000549135922012  0.000000000000000  0.006356275111812 -0.000044487934536
  0.006374747182038  0.009031088308542 -0.006889708613022 -0.004186264338030
  0.001835859954843  0.000000000000000  0.000044487934536  0.700478250173503
  0.030861235694704 -0.001160006241267  0.000549135922012  0.000000000000000
 -0.006356275111812 -0.006374747182038  0.000289502958621 -0.000002006938880
 -0.000078571144950 -0.000019746938081  0.000000000000000 -0.000012007470254
   10 Orbital Energy    -9.992286 Occupation  1.000000 Symmetry Ag      
  0.000180180040791  0.000157139556012  0.000052809617565 -0.000007137973386
  0.000000000000000  0.000853426790159 -0.000035713123719 -0.000082802885148
 -0.000030863686684  0.000000000000000  0.000588283748809 -0.000060015204686
  0.000031480803869 -0.000007243764046  0.000000000000000  0.000180180040791
  0.000157139556012 -0.000052809617565  0.000007137973386  0.000000000000000
  0.000853426790159 -0.000035713123719  0.000082802885148  0.000030863686684
  0.000000000000000  0.000100985584324 -0.000017046147460  0.000100985584324
  0.009035362253450 -0.006889464433213  0.004185859556731 -0.001835659402301
  0.000000000000000  0.700477980181554  0.030860967626423  0.001159762355265
 -0.000549153388207  0.000000000000000 -0.006356386069523  0.000044160272042
 -0.006374769079604  0.009035362253450 -0.006889464433213 -0.004185859556731
  0.001835659402301  0.000000000000000  0.000044160272042  0.700477980181554
  0.030860967626423 -0.001159762355265  0.000549153388207  0.000000000000000
 -0.006356386069523 -0.006374769079604  0.000588283748809 -0.000060015204686
 -0.000031480803869  0.000007243764046  0.000000000000000 -0.000017046147460
   11 Orbital Energy    -0.809534 Occupation  1.000000 Symmetry Ag      
 -0.107836198653393  0.274634895502461 -0.036948861613574 -0.018400997104087
  0.000000000000000 -0.097617265344895  0.246757170995067 -0.044531259134732
  0.033391220010709  0.000000000000000 -0.097863671443752  0.246976088423568
 -0.003252109124712  0.055015812533325  0.000000000000000 -0.107836198653393
  0.274634895502461  0.036948861613574  0.018400997104087  0.000000000000000
 -0.097617265344895  0.246757170995067  0.044531259134732 -0.033391220010709
  0.000000000000000  0.045101078307457  0.044961228500752  0.045101078307457
 -0.049701045098407  0.127791210724455  0.022878736859018  0.021267061572989
  0.000000000000000 -0.024631789604998  0.062602431948016  0.023216448559880
 -0.005253388404379  0.000000000000000  0.014066422963076  0.025665403446455
  0.010580601052549 -0.049701045098407  0.127791210724455 -0.022878736859018
 -0.021267061572989  0.000000000000000  0.025665403446455 -0.024631789604998
  0.062602431948016 -0.023216448559880  0.005253388404379  0.000000000000000
  0.014066422963076  0.010580601052549 -0.097863671443752  0.246976088423568
  0.003252109124712 -0.055015812533325  0.000000000000000  0.044961228500752
   12 Orbital Energy    -0.753977 Occupation  1.000000 Symmetry Bu      
  0.103589520483337 -0.273842698893980 -0.029737951324155 -0.014644814448139
  0.000000000000000  0.042897806632724 -0.112776218736692 -0.029733986370398
 -0.057204577525988  0.000000000000000 -0.038908062834902  0.101807945411366
 -0.064743694111678  0.006944483574115  0.000000000000000 -0.103589520483337
  0.273842698893980 -0.029737951324155 -0.014644814448139  0.000000000000000
 -0.042897806632724  0.112776218736692 -0.029733986370398 -0.057204577525988
  0.000000000000000 -0.030565048507703  0.026822660030947  0.030565048507703
 -0.113855021114049  0.297282854040611 -0.002767138686558  0.034988395697380
  0.000000000000000 -0.080701610993798  0.209268907392886  0.059151206659353
 -0.019416195247760  0.000000000000000  0.048476786843360  0.067155805037719
  0.043726669103163  0.113855021114049 -0.297282854040611 -0.002767138686558
  0.034988395697380  0.000000000000000 -0.067155805037719  0.080701610993798
 -0.209268907392886  0.059151206659353 -0.019416195247760  0.000000000000000
 -0.048476786843360 -0.043726669103163  0.038908062834902 -0.101807945411366
 -0.064743694111678  0.006944483574115  0.000000000000000 -0.026822660030947
   13 Orbital Energy    -0.717955 Occupation  1.000000 Symmetry Ag      
  0.004639209031925 -0.015097056973134 -0.087737199985386 -0.040834218471582
  0.000000000000000 -0.041794347784227  0.109075383001848 -0.045435649540598
 -0.013165643122681  0.000000000000000 -0.046232321318766  0.121210068840576
  0.030038529897961  0.027068367672973  0.000000000000000  0.004639209031925
 -0.015097056973134  0.087737199985386  0.040834218471582  0.000000000000000
 -0.041794347784227  0.109075383001848  0.045435649540598  0.013165643122681
  0.000000000000000  0.016819375241566  0.023254604640141  0.016819375241566
  0.119293319059971 -0.314945466971987  0.068781729743859 -0.024441338881708
  0.000000000000000  0.117430774540071 -0.309695288413617 -0.065634045981718
  0.029669107370506  0.000000000000000 -0.074091807658298 -0.076613079612003
 -0.074887347368367  0.119293319059971 -0.314945466971987 -0.068781729743859
  0.024441338881708  0.000000000000000 -0.076613079612003  0.117430774540071
 -0.309695288413617  0.065634045981718 -0.029669107370506  0.000000000000000
 -0.074091807658298 -0.074887347368367 -0.046232321318766  0.121210068840576
 -0.030038529897961 -0.027068367672973  0.000000000000000  0.023254604640141
   14 Orbital Energy    -0.699808 Occupation  1.000000 Symmetry Bu      
 -0.012176138312468  0.032970379667046 -0.061230768567060  0.111163219286583
  0.000000000000000  0.120391371336018 -0.324750117675770  0.051242230941149
  0.053782044976600  0.000000000000000  0.132147605213971 -0.356618897437405
 -0.054942805083629 -0.014169873518727  0.000000000000000  0.012176138312468
 -0.032970379667046 -0.061230768567060  0.111163219286583  0.000000000000000
 -0.120391371336018  0.324750117675770  0.051242230941149  0.053782044976600
  0.000000000000000 -0.090215446801588 -0.098310863832602  0.090215446801588
  0.000554665841012 -0.002192357535046 -0.024439425044299  0.015809698989480
  0.000000000000000 -0.014031469768225  0.036681313883521  0.005299557821228
  0.003598912864043  0.000000000000000  0.014424328264034 -0.010158637552613
  0.008631510950721 -0.000554665841012  0.002192357535046 -0.024439425044299
  0.015809698989480  0.000000000000000  0.010158637552613  0.014031469768225
 -0.036681313883521  0.005299557821228  0.003598912864043  0.000000000000000
 -0.014424328264034 -0.008631510950721 -0.132147605213971  0.356618897437405
 -0.054942805083629 -0.014169873518727  0.000000000000000  0.098310863832602
   15 Orbital Energy    -0.667505 Occupation  1.000000 Symmetry Bu      
 -0.099686140488897  0.274099366159474 -0.048124643716284 -0.034573006012664
  0.000000000000000 -0.072774512069609  0.200695837961692  0.027182440644587
  0.066550433626660  0.000000000000000  0.041305413154163 -0.114140836359063
  0.098574008111024 -0.006572772127971  0.000000000000000  0.099686140488897
 -0.274099366159474 -0.048124643716284 -0.034573006012664  0.000000000000000
  0.072774512069609 -0.200695837961692  0.027182440644587  0.066550433626660
  0.000000000000000  0.052799294837400 -0.032677483869035 -0.052799294837400
 -0.051613029312811  0.136802720502575 -0.134816036621760 -0.004074138230129
  0.000000000000000 -0.110352856428769  0.299709180946878  0.026502847281617
 -0.027458289171193  0.000000000000000  0.077498700288610  0.037414957712812
  0.090050009477056  0.051613029312811 -0.136802720502575 -0.134816036621760
 -0.004074138230129  0.000000000000000 -0.037414957712812  0.110352856428769
 -0.299709180946878  0.026502847281617 -0.027458289171193  0.000000000000000
 -0.077498700288610 -0.090050009477056 -0.041305413154163  0.114140836359063
  0.098574008111024 -0.006572772127971  0.000000000000000  0.032677483869035
   16 Orbital Energy    -0.588697 Occupation  1.000000 Symmetry Ag      
 -0.071197800553217  0.206917062060096  0.030413967353935  0.136747222824330
  0.000000000000000  0.081382077210712 -0.232198207862627  0.002034332172436
  0.070106795133737  0.000000000000000 -0.002326316014754  0.008092290562367
 -0.160845675407153 -0.022579327075037  0.000000000000000 -0.071197800553217
  0.206917062060096 -0.030413967353935 -0.136747222824330  0.000000000000000
  0.081382077210712 -0.232198207862627 -0.002034332172436 -0.070106795133737
  0.000000000000000 -0.105467654917504  0.018592440876427 -0.105467654917504
 -0.053047703912215  0.159554332511393  0.149174445627583 -0.035350065510679
  0.000000000000000  0.084174166048681 -0.242731557867144  0.048019068615241
 -0.021051654224841  0.000000000000000 -0.103714690590823  0.080176338365595
 -0.098408480630982 -0.053047703912215  0.159554332511393 -0.149174445627583
  0.035350065510679  0.000000000000000  0.080176338365595  0.084174166048681
 -0.242731557867144 -0.048019068615241  0.021051654224841  0.000000000000000
 -0.103714690590823 -0.098408480630982 -0.002326316014754  0.008092290562367
  0.160845675407153  0.022579327075037  0.000000000000000  0.018592440876427
   17 Orbital Energy    -0.558937 Occupation  1.000000 Symmetry Ag      
 -0.054035443226688  0.159929788752381  0.119277529678496 -0.155926883124580
  0.000000000000000 -0.057934386037405  0.172061043252368  0.133513380784849
  0.136315567857143  0.000000000000000  0.110470985610373 -0.326162553596245
  0.009620921684307  0.089729119045303  0.000000000000000 -0.054035443226688
  0.159929788752381 -0.119277529678496  0.155926883124580  0.000000000000000
 -0.057934386037405  0.172061043252368 -0.133513380784849 -0.136315567857143
  0.000000000000000  0.083567196476100 -0.169725002559029  0.083567196476100
 -0.007237899429112  0.023486121447663  0.057545929561082  0.069591610195342
  0.000000000000000  0.037116420119050 -0.111289099029826  0.042089264750759
  0.029113106826598  0.000000000000000 -0.022098163566963 -0.032912245024931
 -0.067025185832222 -0.007237899429112  0.023486121447663 -0.057545929561082
 -0.069591610195342  0.000000000000000 -0.032912245024931  0.037116420119050
 -0.111289099029826 -0.042089264750759 -0.029113106826598  0.000000000000000
 -0.022098163566963 -0.067025185832222  0.110470985610373 -0.326162553596245
 -0.009620921684307 -0.089729119045303  0.000000000000000 -0.169725002559029
   18 Orbital Energy    -0.531661 Occupation  1.000000 Symmetry Bu      
 -0.013279688570456  0.037884436398202 -0.111113052591826 -0.094205141776023
  0.000000000000000 -0.030372636594688  0.091974967092234  0.062252086674006
  0.059455439331611  0.000000000000000  0.050710926142862 -0.154547574252952
  0.006787584886069 -0.003405349711519  0.000000000000000  0.013279688570456
 -0.037884436398202 -0.111113052591826 -0.094205141776023  0.000000000000000
  0.030372636594688 -0.091974967092234  0.062252086674006  0.059455439331611
  0.000000000000000  0.054762853231807 -0.050245752958417 -0.054762853231807
 -0.098836367726108  0.302614731545533  0.076477777126493 -0.096687407667711
  0.000000000000000  0.080797787595685 -0.249265077611934  0.126149062367768
 -0.086880475182948  0.000000000000000 -0.160337213055251  0.170589212703461
 -0.124873484426537  0.098836367726108 -0.302614731545533  0.076477777126493
 -0.096687407667711  0.000000000000000 -0.170589212703461 -0.080797787595685
  0.249265077611934  0.126149062367768 -0.086880475182948  0.000000000000000
  0.160337213055251  0.124873484426537 -0.050710926142862  0.154547574252952
  0.006787584886069 -0.003405349711519  0.000000000000000  0.050245752958417
   19 Orbital Energy    -0.510181 Occupation  1.000000 Symmetry Ag      
  0.054554518420911 -0.162132603343233  0.141300465437273  0.026693390388241
  0.000000000000000 -0.052508325723333  0.166838476088126  0.099257689824012
 -0.179859268872281  0.000000000000000 -0.006568891440595  0.024191045487861
  0.142843876283844 -0.145680355280951  0.000000000000000  0.054554518420911
 -0.162132603343233 -0.141300465437273 -0.026693390388241  0.000000000000000
 -0.052508325723333  0.166838476088126 -0.099257689824012  0.179859268872281
  0.000000000000000  0.169723034713781  0.098215462856418  0.169723034713781
 -0.059182569372348  0.180879823997728  0.019123833363183 -0.061636819897308
  0.000000000000000  0.051448916813218 -0.163113822636062  0.102837032508812
 -0.048936668070953  0.000000000000000 -0.094958671342646  0.112578478018228
 -0.096935517444883 -0.059182569372348  0.180879823997728 -0.019123833363183
  0.061636819897308  0.000000000000000  0.112578478018228  0.051448916813218
 -0.163113822636062 -0.102837032508812  0.048936668070953  0.000000000000000
 -0.094958671342646 -0.096935517444883 -0.006568891440595  0.024191045487861
 -0.142843876283844  0.145680355280951  0.000000000000000  0.098215462856418
   20 Orbital Energy    -0.457449 Occupation  1.000000 Symmetry Ag      
  0.032321532114735 -0.106543430062927 -0.109489572888990 -0.090805753202515
  0.000000000000000 -0.019464263485283  0.055110803299440 -0.156097316026125
  0.037535197701882  0.000000000000000  0.013164842272251 -0.050929814237593
  0.089597828663004  0.175187742598542  0.000000000000000  0.032321532114735
 -0.106543430062927  0.109489572888990  0.090805753202515  0.000000000000000
 -0.019464263485283  0.055110803299440  0.156097316026125 -0.037535197701882
  0.000000000000000 -0.090721514846514 -0.135973171194577 -0.090721514846514
 -0.040045701044400  0.127253707937409 -0.138233641441645 -0.168039602157181
  0.000000000000000  0.016796065882525 -0.063090630521416  0.059724089842910
 -0.204559096584013  0.000000000000000 -0.179034900240474  0.152692885186956
  0.021722733988262 -0.040045701044400  0.127253707937409  0.138233641441645
  0.168039602157181  0.000000000000000  0.152692885186956  0.016796065882525
 -0.063090630521416 -0.059724089842910  0.204559096584013  0.000000000000000
 -0.179034900240474  0.021722733988262  0.013164842272251 -0.050929814237593
 -0.089597828663004 -0.175187742598542  0.000000000000000 -0.135973171194578
   21 Orbital Energy    -0.439359 Occupation  1.000000 Symmetry Bu      
  0.023077588170078 -0.079093965359965 -0.167930317191447  0.075805996120340
  0.000000000000000 -0.042370719283482  0.138209713809781 -0.064831715503803
 -0.124996148429865  0.000000000000000  0.022227872822023 -0.074849257334880
  0.169183309877515  0.076499940203797  0.000000000000000 -0.023077588170078
  0.079093965359965 -0.167930317191447  0.075805996120340  0.000000000000000
  0.042370719283482 -0.138209713809781 -0.064831715503803 -0.124996148429865
  0.000000000000000  0.061157661348624 -0.100264773847858 -0.061157661348624
 -0.016790823128939  0.051288413581188  0.024936884307994  0.240320449175094
  0.000000000000000  0.008041628030386 -0.031040277357154  0.169738702246102
  0.152662909828581  0.000000000000000  0.072396959546117 -0.155825367374137
 -0.177503687627910  0.016790823128939 -0.051288413581188  0.024936884307994
  0.240320449175094  0.000000000000000  0.155825367374137 -0.008041628030386
  0.031040277357154  0.169738702246102  0.152662909828581  0.000000000000000
 -0.072396959546117  0.177503687627910 -0.022227872822023  0.074849257334880
  0.169183309877515  0.076499940203797  0.000000000000000  0.100264773847858
   22 Orbital Energy    -0.410610 Occupation  1.000000 Symmetry Bu      
  0.069177028378312 -0.234407299371976  0.057152644720211 -0.087256244255078
  0.000000000000000 -0.044096943708712  0.153220782602407  0.205824401858336
 -0.051017848121960  0.000000000000000  0.047663268729576 -0.163901461515590
 -0.128990162819995  0.188676178215541  0.000000000000000 -0.069177028378312
  0.234407299371976  0.057152644720211 -0.087256244255078  0.000000000000000
  0.044096943708712 -0.153220782602407  0.205824401858336 -0.051017848121960
  0.000000000000000  0.231287276081841 -0.225264125791918 -0.231287276081841
  0.015177183752795 -0.041794129809913  0.132857058192535  0.002686438826453
  0.000000000000000 -0.011925057806004  0.049850973581179 -0.152214913648048
  0.029833840185246  0.000000000000000  0.043483267781417 -0.026400653568530
  0.105043440364989 -0.015177183752795  0.041794129809913  0.132857058192535
  0.002686438826453  0.000000000000000  0.026400653568530  0.011925057806004
 -0.049850973581179 -0.152214913648048  0.029833840185246  0.000000000000000
 -0.043483267781417 -0.105043440364989 -0.047663268729576  0.163901461515590
 -0.128990162819995  0.188676178215541  0.000000000000000  0.225264125791918
   23 Orbital Energy    -0.397955 Occupation  1.000000 Symmetry Bu      
  0.022690641902896 -0.077117843387684  0.066559198738490  0.253899987787104
  0.000000000000000  0.011707848533263 -0.036386222724142  0.027588871373957
 -0.255443890853191  0.000000000000000 -0.001140774733010  0.001037702203246
  0.111372769394455  0.041879252346278  0.000000000000000 -0.022690641902896
  0.077117843387684  0.066559198738490  0.253899987787104  0.000000000000000
 -0.011707848533263  0.036386222724142  0.027588871373957 -0.255443890853191
  0.000000000000000  0.133567833289397 -0.037284460104606 -0.133567833289397
  0.002467282975174 -0.014573160054382 -0.186162272000775 -0.018465678875417
  0.000000000000000 -0.001019447449026 -0.007687700762410  0.044748461388980
 -0.250229735697672  0.000000000000000 -0.215855131979189 -0.012093518855476
  0.087284755846877 -0.002467282975174  0.014573160054382 -0.186162272000775
 -0.018465678875417  0.000000000000000  0.012093518855476  0.001019447449026
  0.007687700762410  0.044748461388980 -0.250229735697672  0.000000000000000
  0.215855131979189 -0.087284755846877  0.001140774733010 -0.001037702203246
  0.111372769394455  0.041879252346278  0.000000000000000  0.037284460104606
   24 Orbital Energy    -0.396059 Occupation  1.000000 Symmetry Ag      
  0.021632273962396 -0.071432372433560 -0.004598335127015 -0.017868256548291
  0.000000000000000  0.018353942299666 -0.068376530078891 -0.140795392348421
 -0.008202064219827  0.000000000000000 -0.025333043824958  0.084661793542848
  0.075114220089210  0.031687796907064  0.000000000000000  0.021632273962396
 -0.071432372433560  0.004598335127015  0.017868256548291  0.000000000000000
  0.018353942299666 -0.068376530078891  0.140795392348421  0.008202064219827
  0.000000000000000 -0.113860795941342  0.006660182371875 -0.113860795941342
 -0.027627532727130  0.080504636426047 -0.158772233409062  0.212588977743766
  0.000000000000000 -0.004491337351228  0.000052434247933  0.324889901908111
  0.097122059009585  0.000000000000000  0.023848304134587 -0.145764006858408
 -0.262033339941740 -0.027627532727130  0.080504636426047  0.158772233409062
 -0.212588977743766  0.000000000000000 -0.145764006858408 -0.004491337351228
  0.000052434247933 -0.324889901908111 -0.097122059009585  0.000000000000000
  0.023848304134587 -0.262033339941740 -0.025333043824958  0.084661793542848
 -0.075114220089210 -0.031687796907064  0.000000000000000  0.006660182371875
   25 Orbital Energy    -0.373987 Occupation  1.000000 Symmetry Bu      
 -0.003266184740521  0.011469243624963 -0.101254660611530  0.056256439298670
  0.000000000000000  0.020136427824906 -0.063749610239412  0.273159565592422
 -0.106404479218038  0.000000000000000  0.028532142498325 -0.090871996524856
 -0.038955732793137 -0.339036467299538  0.000000000000000  0.003266184740521
 -0.011469243624963 -0.101254660611530  0.056256439298670  0.000000000000000
 -0.020136427824906  0.063749610239412  0.273159565592422 -0.106404479218038
  0.000000000000000  0.217086225575944  0.253677045120848 -0.217086225575944
  0.001833716941051 -0.004314853334590  0.056027198834019  0.037403827673871
  0.000000000000000 -0.004267076793261  0.017784879775726 -0.018301704447483
  0.074523563920765  0.000000000000000  0.054333268567161 -0.014861345876996
 -0.016530341040271 -0.001833716941051  0.004314853334590  0.056027198834019
  0.037403827673871  0.000000000000000  0.014861345876996  0.004267076793261
 -0.017784879775726 -0.018301704447483  0.074523563920765  0.000000000000000
 -0.054333268567161  0.016530341040271 -0.028532142498325  0.090871996524856
 -0.038955732793137 -0.339036467299538  0.000000000000000 -0.253677045120848
   26 Orbital Energy    -0.351154 Occupation  1.000000 Symmetry Bu      
  0.002985021623792 -0.011003958058133 -0.221782671765727  0.103350588231912
  0.000000000000000 -0.006608907101940  0.018501747663465 -0.161792391051111
 -0.129442515076526  0.000000000000000  0.017334747262884 -0.062735596477037
  0.245708401008650 -0.024184243165022  0.000000000000000 -0.002985021623792
  0.011003958058133 -0.221782671765727  0.103350588231912  0.000000000000000
  0.006608907101940 -0.018501747663465 -0.161792391051111 -0.129442515076526
  0.000000000000000 -0.047181388809985 -0.006642758687799  0.047181388809985
  0.001206768565613  0.011946963504166  0.240835783138139 -0.131318528620045
  0.000000000000000  0.020493441458889 -0.056526427721848 -0.270265782167742
  0.034140262977831  0.000000000000000  0.051094963677818  0.146016091126045
  0.157259134333779 -0.001206768565613 -0.011946963504166  0.240835783138139
 -0.131318528620045  0.000000000000000 -0.146016091126045 -0.020493441458889
  0.056526427721848 -0.270265782167742  0.034140262977831  0.000000000000000
 -0.051094963677818 -0.157259134333779 -0.017334747262884  0.062735596477037
  0.245708401008650 -0.024184243165022  0.000000000000000  0.006642758687799
   27 Orbital Energy    -0.347292 Occupation  1.000000 Symmetry Ag      
  0.025168588164079 -0.090582024326365 -0.026615625564570  0.083130135333396
  0.000000000000000 -0.007558023223631  0.025401952880174 -0.113839067052907
 -0.103861011327722  0.000000000000000  0.005291794318314 -0.026900281202688
  0.087250512331292  0.163926796128538  0.000000000000000  0.025168588164079
 -0.090582024326365  0.026615625564570 -0.083130135333396  0.000000000000000
 -0.007558023223631  0.025401952880174  0.113839067052907  0.103861011327722
  0.000000000000000  0.005868341683156 -0.155789177348834  0.005868341683156
 -0.017037042399144  0.071810937103170  0.149878538117694 -0.168837445966742
  0.000000000000000  0.010445482972831 -0.026792240474401 -0.048331694261774
  0.295644635420016  0.000000000000000  0.268110399583526  0.199902811464823
 -0.143719466387948 -0.017037042399144  0.071810937103170 -0.149878538117694
  0.168837445966742  0.000000000000000  0.199902811464823  0.010445482972831
 -0.026792240474401  0.048331694261774 -0.295644635420016  0.000000000000000
  0.268110399583526 -0.143719466387948  0.005291794318314 -0.026900281202688
 -0.087250512331292 -0.163926796128538  0.000000000000000 -0.155789177348834
   28 Orbital Energy    -0.324528 Occupation  1.000000 Symmetry Au      
  0.000000000000000  0.000000000000000  0.000000000000000  0.000000000000000
  0.337546392477980  0.000000000000000  0.000000000000000  0.000000000000000
  0.000000000000000  0.297235254577077  0.000000000000000  0.000000000000000
  0.000000000000000  0.000000000000000  0.297831661176201  0.000000000000000
  0.000000000000000  0.000000000000000  0.000000000000000  0.337546392477980
  0.000000000000000  0.000000000000000  0.000000000000000  0.000000000000000
  0.297235254577077  0.000000000000000  0.000000000000000  0.000000000000000
  0.000000000000000  0.000000000000000  0.000000000000000  0.000000000000000
  0.174048467824917  0.000000000000000  0.000000000000000  0.000000000000000
  0.000000000000000  0.092496419658222  0.000000000000000  0.000000000000000
  0.000000000000000  0.000000000000000  0.000000000000000  0.000000000000000
  0.000000000000000  0.174048467824917  0.000000000000000  0.000000000000000
  0.000000000000000  0.000000000000000  0.000000000000000  0.092496419658222
  0.000000000000000  0.000000000000000  0.000000000000000  0.000000000000000
  0.000000000000000  0.000000000000000  0.297831661176201  0.000000000000000
   29 Orbital Energy    -0.311247 Occupation  1.000000 Symmetry Bu      
  0.010602279419192 -0.046070515989422 -0.200425349508906 -0.164368667127444
  0.000000000000000 -0.013742339713494  0.047202454973670 -0.036863370709161
  0.138473662026294  0.000000000000000  0.007077211586866 -0.021926088129831
 -0.018146027747404 -0.075885702771141  0.000000000000000 -0.010602279419192
  0.046070515989422 -0.200425349508906 -0.164368667127444  0.000000000000000
  0.013742339713494 -0.047202454973670 -0.036863370709161  0.138473662026294
  0.000000000000000 -0.052606973618284  0.047555230153019  0.052606973618284
 -0.002552704227664  0.005956717160203  0.091511599940324  0.259780246340278
  0.000000000000000 -0.003428158373315  0.014191534230299 -0.066724099965359
 -0.232720961172831  0.000000000000000 -0.230597218132385 -0.258736950562171
  0.213033341896131  0.002552704227664 -0.005956717160203  0.091511599940324
  0.259780246340278  0.000000000000000  0.258736950562171  0.003428158373315
 -0.014191534230299 -0.066724099965359 -0.232720961172831  0.000000000000000
  0.230597218132385 -0.213033341896131 -0.007077211586866  0.021926088129831
 -0.018146027747404 -0.075885702771141  0.000000000000000 -0.047555230153019
   30 Orbital Energy    -0.292796 Occupation  1.000000 Symmetry Ag      
 -0.003576073483924  0.023443371233367  0.296045679587838 -0.032000893460535
  0.000000000000000 -0.008572368993600  0.023577630350335 -0.247789942766570
 -0.003369938428190  0.000000000000000  0.002258415613967 -0.007318963468282
  0.305282713628992 -0.032790650238295  0.000000000000000 -0.003576073483924
  0.023443371233367 -0.296045679587838  0.032000893460535  0.000000000000000
 -0.008572368993600  0.023577630350335  0.247789942766570  0.003369938428190
  0.000000000000000 -0.237585195766987  0.015986546611076 -0.237585195766987
 -0.019946820090095  0.082908697790028  0.221420193396851  0.124712220588321
  0.000000000000000  0.008281286387545 -0.021176649068228 -0.145901173071158
 -0.024309583154520  0.000000000000000 -0.055835823785235 -0.070820080137861
  0.137859196042908 -0.019946820090095  0.082908697790028 -0.221420193396851
 -0.124712220588321  0.000000000000000 -0.070820080137861  0.008281286387545
 -0.021176649068228  0.145901173071158  0.024309583154520  0.000000000000000
 -0.055835823785235  0.137859196042908  0.002258415613967 -0.007318963468282
 -0.305282713628992  0.032790650238295  0.000000000000000  0.015986546611076
   31 Orbital Energy    -0.287469 Occupation  1.000000 Symmetry Ag      
  0.007084010866901 -0.034119248737130  0.011014044794506 -0.311644836018671
  0.000000000000000 -0.007987390456145  0.023044099858454 -0.002385818136272
  0.296433772916863  0.000000000000000  0.011965898406096 -0.035392439222797
  0.030720642027870 -0.227506161173343  0.000000000000000  0.007084010866901
 -0.034119248737130 -0.011014044794506  0.311644836018671  0.000000000000000
 -0.007987390456145  0.023044099858454  0.002385818136272 -0.296433772916863
  0.000000000000000 -0.156381741497282  0.259114643010804 -0.156381741497282
  0.010707889261849 -0.036755660431090 -0.058621352015775 -0.162615031798037
  0.000000000000000  0.004809861363810 -0.018731957687296 -0.001799024899133
  0.114359391640416  0.000000000000000  0.113892283845967  0.180729273862624
 -0.086956391771346  0.010707889261849 -0.036755660431090  0.058621352015775
  0.162615031798037  0.000000000000000  0.180729273862624  0.004809861363810
 -0.018731957687296  0.001799024899133 -0.114359391640416  0.000000000000000
  0.113892283845967 -0.086956391771346  0.011965898406096 -0.035392439222797
 -0.030720642027870  0.227506161173343  0.000000000000000  0.259114643010804
   32 Orbital Energy    -0.263541 Occupation  1.000000 Symmetry Bg      
  0.000000000000000  0.000000000000000  0.000000000000000  0.000000000000000
  0.348867827729744  0.000000000000000  0.000000000000000  0.000000000000000
  0.000000000000000  0.132831760645979  0.000000000000000  0.000000000000000
  0.000000000000000  0.000000000000000 -0.130690254913558  0.000000000000000
  0.000000000000000  0.000000000000000  0.000000000000000 -0.348867827729744
  0.000000000000000  0.000000000000000  0.000000000000000  0.000000000000000
 -0.132831760645979  0.000000000000000  0.000000000000000  0.000000000000000
  0.000000000000000  0.000000000000000  0.000000000000000  0.000000000000000
 -0.376572728098807  0.000000000000000  0.000000000000000  0.000000000000000
  0.000000000000000 -0.271446142563810  0.000000000000000  0.000000000000000
  0.000000000000000  0.000000000000000  0.000000000000000  0.000000000000000
  0.000000000000000  0.376572728098807  0.000000000000000  0.000000000000000
  0.000000000000000  0.000000000000000  0.000000000000000  0.271446142563810
  0.000000000000000  0.000000000000000  0.000000000000000  0.000000000000000
  0.000000000000000  0.000000000000000  0.130690254913558  0.000000000000000
   33 Orbital Energy    -0.212438 Occupation  1.000000 Symmetry Au      
  0.000000000000000  0.000000000000000  0.000000000000000  0.000000000000000
  0.017991472214468  0.000000000000000  0.000000000000000  0.000000000000000
  0.000000000000000  0.176766610399927  0.000000000000000  0.000000000000000
  0.000000000000000  0.000000000000000  0.179193348314417  0.000000000000000
  0.000000000000000  0.000000000000000  0.000000000000000  0.017991472214468
  0.000000000000000  0.000000000000000  0.000000000000000  0.000000000000000
  0.176766610399927  0.000000000000000  0.000000000000000  0.000000000000000
  0.000000000000000  0.000000000000000  0.000000000000000  0.000000000000000
 -0.413779103016685  0.000000000000000  0.000000000000000  0.000000000000000
  0.000000000000000 -0.417881304050563  0.000000000000000  0.000000000000000
  0.000000000000000  0.000000000000000  0.000000000000000  0.000000000000000
  0.000000000000000 -0.413779103016685  0.000000000000000  0.000000000000000
  0.000000000000000  0.000000000000000  0.000000000000000 -0.417881304050563
  0.000000000000000  0.000000000000000  0.000000000000000  0.000000000000000
  0.000000000000000  0.000000000000000  0.179193348314417  0.000000000000000
   34 Orbital Energy    -0.195078 Occupation  1.000000 Symmetry Bg      
  0.000000000000000  0.000000000000000  0.000000000000000  0.000000000000000
 -0.004755615145186  0.000000000000000  0.000000000000000  0.000000000000000
  0.000000000000000  0.458222330319894  0.000000000000000  0.000000000000000
  0.000000000000000  0.000000000000000  0.463040775021218  0.000000000000000
  0.000000000000000  0.000000000000000  0.000000000000000  0.004755615145186
  0.000000000000000  0.000000000000000  0.000000000000000  0.000000000000000
 -0.458222330319894  0.000000000000000  0.000000000000000  0.000000000000000
  0.000000000000000  0.000000000000000  0.000000000000000  0.000000000000000
  0.002191370484680  0.000000000000000  0.000000000000000  0.000000000000000
  0.000000000000000 -0.007398109942752  0.000000000000000  0.000000000000000
  0.000000000000000  0.000000000000000  0.000000000000000  0.000000000000000
  0.000000000000000 -0.002191370484680  0.000000000000000  0.000000000000000
  0.000000000000000  0.000000000000000  0.000000000000000  0.007398109942752
  0.000000000000000  0.000000000000000  0.000000000000000  0.000000000000000
  0.000000000000000  0.000000000000000 -0.463040775021218  0.000000000000000
   35 Orbital Energy    -0.153085 Occupation  1.000000 Symmetry Bg      
  0.000000000000000  0.000000000000000  0.000000000000000  0.000000000000000
  0.387631330833197  0.000000000000000  0.000000000000000  0.000000000000000
  0.000000000000000  0.228670219067152  0.000000000000000  0.000000000000000
  0.000000000000000  0.000000000000000 -0.217130804084983  0.000000000000000
  0.000000000000000  0.000000000000000  0.000000000000000 -0.387631330833197
  0.000000000000000  0.000000000000000  0.000000000000000  0.000000000000000
 -0.228670219067152  0.000000000000000  0.000000000000000  0.000000000000000
  0.000000000000000  0.000000000000000  0.000000000000000  0.000000000000000
  0.223569035471548  0.000000000000000  0.000000000000000  0.000000000000000
  0.000000000000000  0.397376507705802  0.000000000000000  0.000000000000000
  0.000000000000000  0.000000000000000  0.000000000000000  0.000000000000000
  0.000000000000000 -0.223569035471548  0.000000000000000  0.000000000000000
  0.000000000000000  0.000000000000000  0.000000000000000 -0.397376507705802
  0.000000000000000  0.000000000000000  0.000000000000000  0.000000000000000
  0.000000000000000  0.000000000000000  0.217130804084983  0.000000000000000
   36 Orbital Energy     0.037421 Occupation  0.000000 Symmetry Au      
  0.000000000000000  0.000000000000000  0.000000000000000  0.000000000000000
  0.442500666599959  0.000000000000000  0.000000000000000  0.000000000000000
  0.000000000000000 -0.276447262650398  0.000000000000000  0.000000000000000
  0.000000000000000  0.000000000000000 -0.233077369077939  0.000000000000000
  0.000000000000000  0.000000000000000  0.000000000000000  0.442500666599959
  0.000000000000000  0.000000000000000  0.000000000000000  0.000000000000000
 -0.276447262650398  0.000000000000000  0.000000000000000  0.000000000000000
  0.000000000000000  0.000000000000000  0.000000000000000  0.000000000000000
  0.256303645794948  0.000000000000000  0.000000000000000  0.000000000000000
  0.000000000000000 -0.449898971080773  0.000000000000000  0.000000000000000
  0.000000000000000  0.000000000000000  0.000000000000000  0.000000000000000
  0.000000000000000  0.256303645794948  0.000000000000000  0.000000000000000
  0.000000000000000  0.000000000000000  0.000000000000000 -0.449898971080773
  0.000000000000000  0.000000000000000  0.000000000000000  0.000000000000000
  0.000000000000000  0.000000000000000 -0.233077369077939  0.000000000000000
   37 Orbital Energy     0.090336 Occupation  0.000000 Symmetry Au      
  0.000000000000000  0.000000000000000  0.000000000000000  0.000000000000000
 -0.031454528937391  0.000000000000000  0.000000000000000  0.000000000000000
  0.000000000000000 -0.553561603471542  0.000000000000000  0.000000000000000
  0.000000000000000  0.000000000000000  0.582561375040959  0.000000000000000
  0.000000000000000  0.000000000000000  0.000000000000000 -0.031454528937391
  0.000000000000000  0.000000000000000  0.000000000000000  0.000000000000000
 -0.553561603471542  0.000000000000000  0.000000000000000  0.000000000000000
  0.000000000000000  0.000000000000000  0.000000000000000  0.000000000000000
  0.004735761914075  0.000000000000000  0.000000000000000  0.000000000000000
  0.000000000000000  0.009576687512522  0.000000000000000  0.000000000000000
  0.000000000000000  0.000000000000000  0.000000000000000  0.000000000000000
  0.000000000000000  0.004735761914075  0.000000000000000  0.000000000000000
  0.000000000000000  0.000000000000000  0.000000000000000  0.009576687512522
  0.000000000000000  0.000000000000000  0.000000000000000  0.000000000000000
  0.000000000000000  0.000000000000000  0.582561375040959  0.000000000000000
   38 Orbital Energy     0.110621 Occupation  0.000000 Symmetry Bg      
  0.000000000000000  0.000000000000000  0.000000000000000  0.000000000000000
  0.023179539737822  0.000000000000000  0.000000000000000  0.000000000000000
  0.000000000000000 -0.232035834398521  0.000000000000000  0.000000000000000
  0.000000000000000  0.000000000000000  0.240600846554118  0.000000000000000
  0.000000000000000  0.000000000000000  0.000000000000000 -0.023179539737822
  0.000000000000000  0.000000000000000  0.000000000000000  0.000000000000000
  0.232035834398521  0.000000000000000  0.000000000000000  0.000000000000000
  0.000000000000000  0.000000000000000  0.000000000000000  0.000000000000000
 -0.522227172223770  0.000000000000000  0.000000000000000  0.000000000000000
  0.000000000000000  0.523172423158632  0.000000000000000  0.000000000000000
  0.000000000000000  0.000000000000000  0.000000000000000  0.000000000000000
  0.000000000000000  0.522227172223770  0.000000000000000  0.000000000000000
  0.000000000000000  0.000000000000000  0.000000000000000 -0.523172423158632
  0.000000000000000  0.000000000000000  0.000000000000000  0.000000000000000
  0.000000000000000  0.000000000000000 -0.240600846554118  0.000000000000000
   39 Orbital Energy     0.182207 Occupation  0.000000 Symmetry Au      
  0.000000000000000  0.000000000000000  0.000000000000000  0.000000000000000
 -0.497511531853115  0.000000000000000  0.000000000000000  0.000000000000000
  0.000000000000000  0.199874155539982  0.000000000000000  0.000000000000000
  0.000000000000000  0.000000000000000  0.166218713027446  0.000000000000000
  0.000000000000000  0.000000000000000  0.000000000000000 -0.497511531853115
  0.000000000000000  0.000000000000000  0.000000000000000  0.000000000000000
  0.199874155539982  0.000000000000000  0.000000000000000  0.000000000000000
  0.000000000000000  0.000000000000000  0.000000000000000  0.000000000000000
  0.529026588858153  0.000000000000000  0.000000000000000  0.000000000000000
  0.000000000000000 -0.379458284964727  0.000000000000000  0.000000000000000
  0.000000000000000  0.000000000000000  0.000000000000000  0.000000000000000
  0.000000000000000  0.529026588858153  0.000000000000000  0.000000000000000
  0.000000000000000  0.000000000000000  0.000000000000000 -0.379458284964727
  0.000000000000000  0.000000000000000  0.000000000000000  0.000000000000000
  0.000000000000000  0.000000000000000  0.166218713027446  0.000000000000000
   40 Orbital Energy     0.272512 Occupation  0.000000 Symmetry Bg      
  0.000000000000000  0.000000000000000  0.000000000000000  0.000000000000000
 -0.543540625365236  0.000000000000000  0.000000000000000  0.000000000000000
  0.000000000000000  0.467230170316049  0.000000000000000  0.000000000000000
  0.000000000000000  0.000000000000000 -0.464163042182661  0.000000000000000
  0.000000000000000  0.000000000000000  0.000000000000000  0.543540625365236
  0.000000000000000  0.000000000000000  0.000000000000000  0.000000000000000
 -0.467230170316049  0.000000000000000  0.000000000000000  0.000000000000000
  0.000000000000000  0.000000000000000  0.000000000000000  0.000000000000000
 -0.287599948627101  0.000000000000000  0.000000000000000  0.000000000000000
  0.000000000000000  0.155932535337533  0.000000000000000  0.000000000000000
  0.000000000000000  0.000000000000000  0.000000000000000  0.000000000000000
  0.000000000000000  0.287599948627101  0.000000000000000  0.000000000000000
  0.000000000000000  0.000000000000000  0.000000000000000 -0.155932535337533
  0.000000000000000  0.000000000000000  0.000000000000000  0.000000000000000
  0.000000000000000  0.000000000000000  0.464163042182661  0.000000000000000
   41 Orbital Energy     0.332225 Occupation  0.000000 Symmetry Ag      
  0.068268030139025 -0.401874675354105 -0.229579529027424 -0.171174683809416
  0.000000000000000  0.046372919717993 -0.280063398716491 -0.181618914688230
  0.152228386864102  0.000000000000000  0.028051879781360 -0.172737970705713
 -0.048253765433892  0.306051173675902  0.000000000000000  0.068268030139025
 -0.401874675354105  0.229579529027424  0.171174683809416  0.000000000000000
  0.046372919717993 -0.280063398716491  0.181618914688230 -0.152228386864102
  0.000000000000000  0.423010211687852  0.413430047915509  0.423010211687852
 -0.049190399411035  0.277317959973986  0.242046847884495  0.342553652565808
  0.000000000000000  0.039773587470138 -0.230235389410049  0.095157600364192
  0.181745378603889  0.000000000000000 -0.113641972465867  0.149112027794210
  0.356426175502998 -0.049190399411035  0.277317959973986 -0.242046847884495
 -0.342553652565808  0.000000000000000  0.149112027794210  0.039773587470138
 -0.230235389410049 -0.095157600364192 -0.181745378603889  0.000000000000000
 -0.113641972465867  0.356426175502998  0.028051879781360 -0.172737970705713
  0.048253765433892 -0.306051173675902  0.000000000000000  0.413430047915510
   42 Orbital Energy     0.340727 Occupation  0.000000 Symmetry Bu      
  0.034467693162119 -0.202380071833576 -0.038368369130324 -0.312928710128635
  0.000000000000000 -0.015862955307398  0.096309629551319  0.083464148651425
 -0.269879696123598  0.000000000000000  0.006296786246027 -0.030754535004597
  0.104445372248406 -0.339966444908320  0.000000000000000 -0.034467693162119
  0.202380071833576 -0.038368369130324 -0.312928710128635  0.000000000000000
  0.015862955307398 -0.096309629551319  0.083464148651425 -0.269879696123598
  0.000000000000000 -0.268318738481138 -0.319802041872288  0.268318738481138
 -0.007680788613980  0.047134523687747 -0.096924396611847 -0.397110098925498
  0.000000000000000 -0.002533749745802  0.019154979669801 -0.061896604808883
 -0.340755160926678  0.000000000000000  0.323968871231784 -0.434710091792960
 -0.285980194628244  0.007680788613980 -0.047134523687747 -0.096924396611847
 -0.397110098925498  0.000000000000000  0.434710091792960  0.002533749745802
 -0.019154979669801 -0.061896604808883 -0.340755160926678  0.000000000000000
 -0.323968871231784  0.285980194628244 -0.006296786246027  0.030754535004597
  0.104445372248406 -0.339966444908320  0.000000000000000  0.319802041872288
   43 Orbital Energy     0.379364 Occupation  0.000000 Symmetry Bu      
  0.057721510817805 -0.334899476395631 -0.467836230273522 -0.053642505088465
  0.000000000000000 -0.004374764748827  0.019065836752297 -0.392987052382768
  0.152430872475140  0.000000000000000  0.025013145152582 -0.152327731217843
 -0.261783323749280  0.053700073769990  0.000000000000000 -0.057721510817805
  0.334899476395631 -0.467836230273522 -0.053642505088465  0.000000000000000
  0.004374764748827 -0.019065836752297 -0.392987052382768  0.152430872475140
  0.000000000000000  0.411832022407074  0.118640529077533 -0.411832022407074
  0.092755933955213 -0.542045405343703 -0.296200085408838 -0.161840130861812
  0.000000000000000 -0.049704490933396  0.290344722403226 -0.100092331037573
 -0.141958730127371  0.000000000000000  0.014310712023080  0.157066279339378
 -0.346715666453469 -0.092755933955213  0.542045405343703 -0.296200085408838
 -0.161840130861812  0.000000000000000 -0.157066279339378  0.049704490933396
 -0.290344722403226 -0.100092331037573 -0.141958730127371  0.000000000000000
 -0.014310712023080  0.346715666453469 -0.025013145152582  0.152327731217843
 -0.261783323749281  0.053700073769990  0.000000000000000 -0.118640529077533
   44 Orbital Energy     0.381455 Occupation  0.000000 Symmetry Ag      
  0.023222623399332 -0.140028097168597  0.104301538141176 -0.071196643184062
  0.000000000000000 -0.021192098647241  0.135043820280778  0.254197329710875
 -0.099240348189955  0.000000000000000 -0.064493162924616  0.393872454782891
 -0.117951913151238 -0.043689565572863  0.000000000000000  0.023222623399332
 -0.140028097168597 -0.104301538141176  0.071196643184062  0.000000000000000
 -0.021192098647241  0.135043820280778 -0.254197329710875  0.099240348189955
  0.000000000000000 -0.300898514975052 -0.293792019242285 -0.300898514975052
  0.063519565733052 -0.381989538398717 -0.037680235691769  0.339561661185579
  0.000000000000000 -0.021087828649672  0.118039518027757  0.126726870159627
  0.364196200736375  0.000000000000000 -0.394539128893605  0.575654062817527
  0.248461813922123  0.063519565733052 -0.381989538398717  0.037680235691769
 -0.339561661185579  0.000000000000000  0.575654062817527 -0.021087828649672
  0.118039518027757 -0.126726870159627 -0.364196200736375  0.000000000000000
 -0.394539128893605  0.248461813922123 -0.064493162924616  0.393872454782891
  0.117951913151238  0.043689565572863  0.000000000000000 -0.293792019242284
   45 Orbital Energy     0.410970 Occupation  0.000000 Symmetry Ag      
 -0.051266032897464  0.309595062203928  0.230512904362636 -0.198924808831348
  0.000000000000000  0.101070165078585 -0.617690580744811  0.025955356894193
 -0.032922564639635  0.000000000000000 -0.073749590313875  0.451176759243442
  0.166967315075723  0.008143442233686  0.000000000000000 -0.051266032897464
  0.309595062203928 -0.230512904362636  0.198924808831348  0.000000000000000
  0.101070165078585 -0.617690580744811 -0.025955356894193  0.032922564639635
  0.000000000000000  0.220599449413060 -0.229471257185868  0.220599449413060
  0.024008538163100 -0.153011813341155 -0.266154878537074  0.060313306823171
  0.000000000000000  0.104080586501530 -0.651658169940656  0.149823690792678
 -0.195550807318385  0.000000000000000  0.511315473882922  0.171543111916782
  0.326028065053557  0.024008538163100 -0.153011813341155  0.266154878537074
 -0.060313306823171  0.000000000000000  0.171543111916782  0.104080586501530
 -0.651658169940656 -0.149823690792678  0.195550807318385  0.000000000000000
  0.511315473882922  0.326028065053557 -0.073749590313875  0.451176759243442
 -0.166967315075723 -0.008143442233686  0.000000000000000 -0.229471257185868
   46 Orbital Energy     0.411951 Occupation  0.000000 Symmetry Bu      
  0.081538765037651 -0.478713161430159 -0.050718903359325  0.107636229482480
  0.000000000000000 -0.101615529482434  0.614509324319829  0.129914569796452
  0.041273617668610  0.000000000000000  0.074589227265772 -0.443507307617963
 -0.050245710520946  0.093391780114945  0.000000000000000 -0.081538765037651
  0.478713161430159 -0.050718903359325  0.107636229482480  0.000000000000000
  0.101615529482434 -0.614509324319829  0.129914569796452  0.041273617668610
  0.000000000000000 -0.354976979206641  0.329715321700630  0.354976979206641
  0.039664654541025 -0.250379421381228 -0.215266549309045  0.095578694240397
  0.000000000000000  0.085596263256241 -0.538184432441122  0.205211397350159
 -0.194994788535941  0.000000000000000  0.448300329598080  0.206056861406581
  0.313027308639125 -0.039664654541025  0.250379421381228 -0.215266549309045
  0.095578694240397  0.000000000000000 -0.206056861406581 -0.085596263256241
  0.538184432441122  0.205211397350159 -0.194994788535941  0.000000000000000
 -0.448300329598080 -0.313027308639125 -0.074589227265772  0.443507307617963
 -0.050245710520946  0.093391780114945  0.000000000000000 -0.329715321700630
   47 Orbital Energy     0.426751 Occupation  0.000000 Symmetry Bu      
  0.019947243162277 -0.125301597928678  0.193979099136676  0.184600284427059
  0.000000000000000 -0.005477226578861  0.021697846026949  0.036926390989308
  0.233853054973033  0.000000000000000  0.057536131369527 -0.356929892320576
  0.195503999518713  0.402872021136015  0.000000000000000 -0.019947243162277
  0.125301597928678  0.193979099136676  0.184600284427059  0.000000000000000
  0.005477226578861 -0.021697846026949  0.036926390989308  0.233853054973033
  0.000000000000000  0.052358414917362  0.599087824379109 -0.052358414917362
 -0.072751207316743  0.456460849956441  0.122876881021423 -0.195665611663822
  0.000000000000000 -0.020165583474644  0.135196815127958 -0.267317683876722
 -0.141724200813546  0.000000000000000  0.048955186837040 -0.441180986895193
 -0.339187529002171  0.072751207316743 -0.456460849956441  0.122876881021423
 -0.195665611663822  0.000000000000000  0.441180986895193  0.020165583474644
 -0.135196815127958 -0.267317683876722 -0.141724200813546  0.000000000000000
 -0.048955186837040  0.339187529002171 -0.057536131369527  0.356929892320576
  0.195503999518713  0.402872021136014  0.000000000000000 -0.599087824379110
   48 Orbital Energy     0.439631 Occupation  0.000000 Symmetry Ag      
  0.129272916178599 -0.784478274569030  0.020118012179917  0.030633290386066
  0.000000000000000 -0.066823474807538  0.417386269613307  0.159544719499385
  0.301508997545956  0.000000000000000 -0.078536600845371  0.490312859321916
 -0.262005415715278 -0.103887754009214  0.000000000000000  0.129272916178599
 -0.784478274569030 -0.020118012179917 -0.030633290386066  0.000000000000000
 -0.066823474807538  0.417386269613307 -0.159544719499385 -0.301508997545956
  0.000000000000000 -0.197546470753193 -0.315005118186837 -0.197546470753193
 -0.093393862306772  0.564162067624303  0.120630869327227 -0.081658122622855
  0.000000000000000  0.067618800180259 -0.410666687852007  0.046672178176687
  0.017547911267901  0.000000000000000  0.211201789325569 -0.368233638832714
  0.259009734454209 -0.093393862306772  0.564162067624303 -0.120630869327227
  0.081658122622855  0.000000000000000 -0.368233638832714  0.067618800180259
 -0.410666687852007 -0.046672178176687 -0.017547911267901  0.000000000000000
  0.211201789325569  0.259009734454209 -0.078536600845371  0.490312859321916
  0.262005415715278  0.103887754009214  0.000000000000000 -0.315005118186837
   49 Orbital Energy     0.452763 Occupation  0.000000 Symmetry Bu      
 -0.061707270372188  0.366848757914267 -0.148349779547770  0.099119375092113
  0.000000000000000  0.066607770816015 -0.408292229840911 -0.187168861957436
  0.114435963413920  0.000000000000000 -0.058887002716249  0.356572214958393
 -0.168983309057107  0.094933365148225  0.000000000000000  0.061707270372188
 -0.366848757914267 -0.148349779547770  0.099119375092113  0.000000000000000
 -0.066607770816015  0.408292229840911 -0.187168861957436  0.114435963413920
  0.000000000000000  0.472393080710474 -0.083094216332525 -0.472393080710474
 -0.071151855683005  0.430447378466385 -0.090400399484116 -0.092272801662540
  0.000000000000000  0.113736653365093 -0.711956739914624  0.073288005169675
 -0.128414570158969  0.000000000000000  0.525355627907116 -0.296786811393919
  0.329742358685551  0.071151855683005 -0.430447378466385 -0.090400399484116
 -0.092272801662540  0.000000000000000  0.296786811393919 -0.113736653365093
  0.711956739914624  0.073288005169675 -0.128414570158969  0.000000000000000
 -0.525355627907116 -0.329742358685551  0.058887002716249 -0.356572214958393
 -0.168983309057107  0.094933365148225  0.000000000000000  0.083094216332525
   50 Orbital Energy     0.478253 Occupation  0.000000 Symmetry Ag      
 -0.037724042461779  0.235690183119849 -0.160945636702482  0.313747861944272
  0.000000000000000 -0.097014876179510  0.615244854604164 -0.127931263591997
 -0.189485537554566  0.000000000000000  0.112071121331992 -0.708321504454329
 -0.077614316417214 -0.126009585203133  0.000000000000000 -0.037724042461779
  0.235690183119849  0.160945636702482 -0.313747861944272  0.000000000000000
 -0.097014876179510  0.615244854604164  0.127931263591997  0.189485537554566
  0.000000000000000 -0.330722789708320  0.220234642382555 -0.330722789708320
  0.030948455791162 -0.216002088890537 -0.079530756936932  0.007852450238160
  0.000000000000000  0.064442571578390 -0.414145986976743  0.406081556327808
 -0.002997310302247  0.000000000000000  0.293906991204807  0.075283503369814
  0.475684903738122  0.030948455791162 -0.216002088890537  0.079530756936932
 -0.007852450238160  0.000000000000000  0.075283503369814  0.064442571578390
 -0.414145986976743 -0.406081556327808  0.002997310302247  0.000000000000000
  0.293906991204807  0.475684903738122  0.112071121331992 -0.708321504454329
  0.077614316417214  0.126009585203133  0.000000000000000  0.220234642382555
   51 Orbital Energy     0.526231 Occupation  0.000000 Symmetry Ag      
 -0.067339938355746  0.449386936099853 -0.529686814598568 -0.310081890245347
  0.000000000000000  0.049273831828752 -0.319337284778774  0.114099696370072
 -0.291340192540855  0.000000000000000  0.012078184027963 -0.079182943066392
  0.292483445754681 -0.389753483284410  0.000000000000000 -0.067339938355746
  0.449386936099853  0.529686814598568  0.310081890245347  0.000000000000000
  0.049273831828752 -0.319337284778774 -0.114099696370072  0.291340192540855
  0.000000000000000 -0.043452979962979 -0.261178878957572 -0.043452979962979
 -0.074332205898497  0.485911357515131  0.043295427127256 -0.148059773828274
  0.000000000000000  0.018800380267830 -0.116544669504251  0.011125130296153
  0.366085634332944  0.000000000000000 -0.235257498044099 -0.305231185929522
  0.248175826913857 -0.074332205898497  0.485911357515131 -0.043295427127256
  0.148059773828274  0.000000000000000 -0.305231185929522  0.018800380267830
 -0.116544669504251 -0.011125130296153 -0.366085634332944  0.000000000000000
 -0.235257498044099  0.248175826913857  0.012078184027963 -0.079182943066392
 -0.292483445754681  0.389753483284410  0.000000000000000 -0.261178878957572
   52 Orbital Energy     0.545816 Occupation  0.000000 Symmetry Bu      
 -0.003846850533520  0.015593720989261 -0.241230952507337  0.512494879036955
  0.000000000000000 -0.035659771147667  0.248742782097467  0.389550803204113
  0.332005616992285  0.000000000000000 -0.096964164957362  0.649868022166347
 -0.102459175751012 -0.054369040585573  0.000000000000000  0.003846850533520
 -0.015593720989261 -0.241230952507337  0.512494879036955  0.000000000000000
  0.035659771147667 -0.248742782097467  0.389550803204113  0.332005616992285
  0.000000000000000 -0.209458959545493 -0.307912970418840  0.209458959545493
 -0.026810361898593  0.193957113219424 -0.127506927088364  0.235854260252627
  0.000000000000000  0.008724061292707 -0.067780663079823 -0.450598043809981
 -0.174281173774231  0.000000000000000  0.097000759407986  0.147965999631201
 -0.355839031508888  0.026810361898593 -0.193957113219424 -0.127506927088364
  0.235854260252627  0.000000000000000 -0.147965999631201 -0.008724061292707
  0.067780663079823 -0.450598043809981 -0.174281173774231  0.000000000000000
 -0.097000759407986  0.355839031508888  0.096964164957362 -0.649868022166347
 -0.102459175751012 -0.054369040585573  0.000000000000000  0.307912970418840
   53 Orbital Energy     0.575997 Occupation  0.000000 Symmetry Ag      
  0.001951152187561 -0.019357751328387 -0.010770445129534  0.215097382751884
  0.000000000000000 -0.003434752363329  0.029657533475735 -0.546381165783070
  0.377744052810667  0.000000000000000  0.002481276524981 -0.022023479475698
 -0.025930233899680 -0.565239621442752  0.000000000000000  0.001951152187561
 -0.019357751328387  0.010770445129534 -0.215097382751884  0.000000000000000
 -0.003434752363329  0.029657533475735  0.546381165783070 -0.377744052810667
  0.000000000000000  0.518969920680416 -0.447720165341052  0.518969920680416
  0.052112581267814 -0.356158990668913  0.183088070782737 -0.061435252416701
  0.000000000000000 -0.042224358774062  0.287013418052883  0.278204341751660
 -0.000438718076846  0.000000000000000 -0.131384238910135  0.095918020211407
  0.061007116240422  0.052112581267814 -0.356158990668913 -0.183088070782737
  0.061435252416701  0.000000000000000  0.095918020211407 -0.042224358774062
  0.287013418052883 -0.278204341751660  0.000438718076846  0.000000000000000
 -0.131384238910135  0.061007116240422  0.002481276524981 -0.022023479475698
  0.025930233899680  0.565239621442752  0.000000000000000 -0.447720165341052
   54 Orbital Energy     0.599412 Occupation  0.000000 Symmetry Bu      
 -0.056978685734488  0.393961305622744 -0.074576812875784  0.236976935701319
  0.000000000000000 -0.087696061692003  0.602815978800784 -0.270373416844472
 -0.437304327594673  0.000000000000000  0.037329241670983 -0.253911092516279
 -0.750099119241352 -0.032949103121656  0.000000000000000  0.056978685734488
 -0.393961305622744 -0.074576812875784  0.236976935701319  0.000000000000000
  0.087696061692003 -0.602815978800784 -0.270373416844472 -0.437304327594673
  0.000000000000000 -0.259905277106880  0.076001430380384  0.259905277106880
 -0.060836739198713  0.418013259951306 -0.044986264388615 -0.091739630673810
  0.000000000000000  0.007379733713566 -0.046298888387311 -0.182201755738645
  0.225745981180992  0.000000000000000 -0.210701944479586 -0.245446167065837
  0.013774961690020  0.060836739198713 -0.418013259951306 -0.044986264388615
 -0.091739630673810  0.000000000000000  0.245446167065837 -0.007379733713566
  0.046298888387311 -0.182201755738645  0.225745981180992  0.000000000000000
  0.210701944479586 -0.013774961690020 -0.037329241670983  0.253911092516279
 -0.750099119241352 -0.032949103121656  0.000000000000000 -0.076001430380384
   55 Orbital Energy     0.624988 Occupation  0.000000 Symmetry Bu      
 -0.090568503391620  0.613553120705850  0.118389995076583 -0.179778802429494
  0.000000000000000  0.032951750564278 -0.217090623077515 -0.066161855194016
 -0.414785896324170  0.000000000000000  0.008362318903607 -0.070887142026094
 -0.177816059429440  0.204963604525148  0.000000000000000  0.090568503391620
 -0.613553120705850  0.118389995076583 -0.179778802429494  0.000000000000000
 -0.032951750564278  0.217090623077515 -0.066161855194016 -0.414785896324170
  0.000000000000000 -0.005261036218883  0.139608532906719  0.005261036218883
  0.022222722806168 -0.171824383035456  0.354228810468230  0.447793504547794
  0.000000000000000 -0.018423329357192  0.130790267348922 -0.058377526740250
 -0.573950211802467  0.000000000000000  0.359751372397416  0.347234162702547
 -0.339895581523294 -0.022222722806168  0.171824383035456  0.354228810468230
  0.447793504547794  0.000000000000000 -0.347234162702547  0.018423329357192
 -0.130790267348922 -0.058377526740250 -0.573950211802467  0.000000000000000
 -0.359751372397416  0.339895581523294 -0.008362318903607  0.070887142026094
 -0.177816059429440  0.204963604525148  0.000000000000000 -0.139608532906719
   56 Orbital Energy     0.639710 Occupation  0.000000 Symmetry Ag      
  0.015166104975806 -0.091140179864077 -0.308617228330099 -0.227803471217927
  0.000000000000000 -0.031835624188660  0.218729483323510 -0.231895538602444
 -0.259399799682704  0.000000000000000  0.027165620306155 -0.190653369397124
 -0.279293957019588 -0.362591092085656  0.000000000000000  0.015166104975806
 -0.091140179864077  0.308617228330099  0.227803471217927  0.000000000000000
 -0.031835624188660  0.218729483323510  0.231895538602444  0.259399799682704
  0.000000000000000 -0.058490996701731 -0.209434657158892 -0.058490996701731
 -0.040923827900978  0.283996106577637 -0.012989946654855  0.577692049789312
  0.000000000000000  0.031141643313842 -0.225876573055768 -0.451912898040427
 -0.333136204103747  0.000000000000000  0.288511686979620  0.317537108992970
 -0.331993446539993 -0.040923827900978  0.283996106577637  0.012989946654855
 -0.577692049789312  0.000000000000000  0.317537108992970  0.031141643313842
 -0.225876573055768  0.451912898040427  0.333136204103747  0.000000000000000
  0.288511686979620 -0.331993446539993  0.027165620306155 -0.190653369397124
  0.279293957019588  0.362591092085656  0.000000000000000 -0.209434657158892
   57 Orbital Energy     0.682798 Occupation  0.000000 Symmetry Ag      
  0.016101503461945 -0.102661172466056 -0.404939154394449  0.001590231776323
  0.000000000000000  0.017494558880564 -0.126557900298377  0.431923400381453
  0.122409502515975  0.000000000000000 -0.019176207022797  0.138260729308393
  0.410495817728512  0.019443274410981  0.000000000000000  0.016101503461945
 -0.102661172466056  0.404939154394449 -0.001590231776323  0.000000000000000
  0.017494558880564 -0.126557900298377 -0.431923400381453 -0.122409502515975
  0.000000000000000 -0.191441691962319 -0.041731991031208 -0.191441691962319
  0.041738182338066 -0.327292080659623  0.663782140930783  0.105237254501987
  0.000000000000000 -0.049162383282202  0.367717453135924  0.376064198306431
 -0.484780004381650  0.000000000000000  0.261682391291265  0.144793133933081
 -0.115712280737330  0.041738182338066 -0.327292080659623 -0.663782140930783
 -0.105237254501987  0.000000000000000  0.144793133933081 -0.049162383282202
  0.367717453135924 -0.376064198306431  0.484780004381650  0.000000000000000
  0.261682391291265 -0.115712280737330 -0.019176207022797  0.138260729308393
 -0.410495817728512 -0.019443274410981  0.000000000000000 -0.041731991031208
   58 Orbital Energy     0.717252 Occupation  0.000000 Symmetry Bu      
 -0.020679196358404  0.145794562101264 -0.279153193260011  0.382320279782553
  0.000000000000000 -0.020124985971389  0.150588663733879  0.191090081763210
  0.107227444738222  0.000000000000000 -0.046402389712898  0.335439969058980
 -0.184654547419903  0.148188961070568  0.000000000000000  0.020679196358404
 -0.145794562101264 -0.279153193260011  0.382320279782553  0.000000000000000
  0.020124985971389 -0.150588663733879  0.191090081763210  0.107227444738222
  0.000000000000000 -0.105809902203450 -0.018152948220106  0.105809902203450
  0.061408338241784 -0.465640652511303  0.633277648586933 -0.428924135323449
  0.000000000000000 -0.071040052717098  0.536160257265993  0.638141416806508
 -0.199759915590389  0.000000000000000  0.011322479956481 -0.173726792041325
  0.093639451408477 -0.061408338241784  0.465640652511303  0.633277648586933
 -0.428924135323449  0.000000000000000  0.173726792041325  0.071040052717098
 -0.536160257265993  0.638141416806508 -0.199759915590389  0.000000000000000
 -0.011322479956481 -0.093639451408477  0.046402389712898 -0.335439969058980
 -0.184654547419903  0.148188961070568  0.000000000000000  0.018152948220106
   59 Orbital Energy     0.779546 Occupation  0.000000 Symmetry Ag      
 -0.004982047536978  0.032964374301493 -0.270729277991341  0.649143430396038
  0.000000000000000 -0.007088172342875  0.048122618004595  0.251874033154565
  0.545786385591478  0.000000000000000  0.007087527411014 -0.049001328905512
  0.583723142063095 -0.053745546297940  0.000000000000000 -0.004982047536978
  0.032964374301493  0.270729277991341 -0.649143430396038  0.000000000000000
 -0.007088172342875  0.048122618004595 -0.251874033154565 -0.545786385591478
  0.000000000000000  0.041752155960395 -0.006603666659505  0.041752155960395
 -0.027077948953381  0.215453583430473 -0.440858068239443  0.303971045818696
  0.000000000000000  0.041493031811654 -0.324561901229149 -0.383788754711249
  0.139883395617856  0.000000000000000 -0.034013348027293  0.158363695101912
 -0.047188480912074 -0.027077948953381  0.215453583430473  0.440858068239443
 -0.303971045818696  0.000000000000000  0.158363695101912  0.041493031811654
 -0.324561901229149  0.383788754711249 -0.139883395617856  0.000000000000000
 -0.034013348027293 -0.047188480912074  0.007087527411014 -0.049001328905512
 -0.583723142063095  0.053745546297940  0.000000000000000 -0.006603666659505
   60 Orbital Energy     0.794561 Occupation  0.000000 Symmetry Bu      
 -0.044381116783148  0.330264033302235 -0.568597684371560 -0.372138522074102
  0.000000000000000  0.057273302938179 -0.418007063183030  0.528843115867605
 -0.350752419482759  0.000000000000000 -0.051353513168419  0.372305531497628
  0.047239226375227  0.613416736292076  0.000000000000000  0.044381116783148
 -0.330264033302235 -0.568597684371560 -0.372138522074102  0.000000000000000
 -0.057273302938179  0.418007063183030  0.528843115867605 -0.350752419482759
  0.000000000000000 -0.275595293951058  0.269634924381333  0.275595293951058
  0.012536444425351 -0.076791842195470 -0.338682986589622 -0.131986979107068
  0.000000000000000  0.010127743497340 -0.085976858480074 -0.075914464659662
  0.206999562669716  0.000000000000000 -0.135667830271139 -0.045492836029790
  0.064191073094845 -0.012536444425351  0.076791842195470 -0.338682986589622
 -0.131986979107068  0.000000000000000  0.045492836029790 -0.010127743497340
  0.085976858480074 -0.075914464659662  0.206999562669716  0.000000000000000
  0.135667830271139 -0.064191073094845  0.051353513168419 -0.372305531497628
  0.047239226375227  0.613416736292076  0.000000000000000 -0.269634924381333
&
&valid
version=1.0
geometry
atom_num=20
   6     1.2665285000     0.6759230000     0.0000000000
   6     1.1952730000    -0.7434430000     0.0000000000
   6    -0.0429675000    -1.4013580000     0.0000000000
   6    -1.2665285000    -0.6759230000     0.0000000000
   6    -1.1952730000     0.7434430000     0.0000000000
   1     2.1195675000    -1.3354300000     0.0000000000
   1    -0.0745205000    -2.4995670000     0.0000000000
   1    -2.1195675000     1.3354300000     0.0000000000
   6    -2.5613295000    -1.4284630000     0.0000000000
   6    -3.7965105000    -0.8980075000     0.0000000000
   1    -3.9756205000     0.1832480000     0.0000000000
   1    -2.4514365000    -2.5233690000     0.0000000000
   1    -4.6886295000    -1.5350630000     0.0000000000
   6     2.5613295000     1.4284630000     0.0000000000
   1     2.4514365000     2.5233690000     0.0000000000
   6     3.7965105000     0.8980075000     0.0000000000
   1     3.9756205000    -0.1832480000     0.0000000000
   1     4.6886295000     1.5350630000     0.0000000000
   6     0.0429675000     1.4013580000     0.0000000000
   1     0.0745205000     2.4995670000     0.0000000000
end
molecule
molchg=0
multip=1
qs_cuts=   0    0    0
end
basis
name=sto-3g                          
numd=5
atom_basis_num=0
end
&
