MAEFILE: dvb_scan_relaxed.01.mae
&gen 
basis=sto-3g 
igeopt=1 
dftname=b3lyp 
&
&zmat
 C1              0.2020439636            -1.4238801912            -0.2052659345
 C2              1.1921553572            -0.4025192487            -0.1826174329
 C3              0.8349153956             0.9507978200            -0.1128699909
 C4             -0.5297304765             1.3496943687            -0.0622751888
 C5             -1.5190596377             0.3294805334            -0.0869918100
 H6              2.2549103719            -0.6746064885            -0.2231876569
 H7              1.6244950384             1.7128979528            -0.1020287451
 H8             -2.5806496564             0.6114922736            -0.0533406943
 C9             -0.9578386776             2.7826345348             0.0170238519
 C10            -0.1530371252             3.8589942987             0.0507969449
 H11             0.9398787007             3.7814931449             0.0221499791
 H12            -2.0476982327             2.9310022074             0.0498199425
 H13            -0.5634565132             4.8737729958             0.1102654513
 C14             0.5354001733            -2.8821389986            -0.2792149859
 H15            -0.3403008539            -3.5483351556            -0.3031843378
 C16             1.7663189551            -3.4216596899            -0.3140130451
 H17             2.6785734428            -2.8148347656            -0.2902643719
 H18             1.9098467961            -4.5071663140            -0.3675094746
 C19            -1.1613182089            -1.0254946803            -0.1578075932
 H20            -1.9439272520            -1.7958833504            -0.1771192753
&
&zvar
  d = 0.0 to 360.0 by 30.0  
&
&coord
C10 C9 C4 C3 # d
&
&guess  basgss=sto-3g numd=5
    1 Orbital Energy   -10.020232 Occupation  1.000000
  0.362364329049645  0.016438387279331 -0.000217648557813  0.000540692194735
  0.000024834842100 -0.009940957735110 -0.004323287450806  0.001780581161237
  0.001379235669629  0.000020983674837  0.025643548346594  0.009809614814475
 -0.005585909700430  0.001417471326936  0.000196876816068 -0.920176753918125
 -0.041447587534518 -0.000101584649450  0.001090720492986  0.000045773178239
  0.024162667110289  0.009835242461971  0.004215364534741  0.004017926008219
  0.000089849611771  0.000219771209702 -0.000397863176096 -0.000387469434151
  0.036197192053667  0.008873861409724  0.001657678594357 -0.005106136392832
 -0.000284790349169 -0.000243576298416 -0.000623964146185 -0.000039700462014
  0.000371131261377  0.000018810867531  0.000191916513604 -0.000433100693969
  0.000037293409950 -0.014125018957684 -0.003459749606128  0.000417757399950
 -0.002050991773738 -0.000103291408227  0.000165048113355  0.000087936116254
  0.000244791254712 -0.000057075280725  0.000131697587642  0.000006329454240
 -0.000080184164369 -0.000015267562354 -0.009306172747267 -0.004329084814499
 -0.002256907632267  0.000318291265903  0.000063344349018  0.000213517196565
    2 Orbital Energy   -10.020162 Occupation  1.000000
  0.920165171747566  0.041344170277695 -0.000418516666533  0.000861039478116
  0.000036372711759 -0.025963780927348 -0.009385827441725  0.004026094757750
  0.004173315352298  0.000094317005198 -0.010386436382950 -0.003234820271222
  0.002161567871465 -0.000884951464130 -0.000092014919695  0.362365685977767
  0.016165214478510 -0.000013120957002 -0.000227977942877 -0.000007785667534
 -0.009777442693752 -0.003251078170466 -0.001460463371298 -0.001842616350862
 -0.000052446020268  0.000340003443937  0.000070493153480  0.000069533578361
 -0.014531093346837 -0.003545968926526 -0.000661578008608  0.002038466327162
  0.000113804080436  0.000106376540641  0.000248228145396  0.000015546011862
 -0.000151279024880 -0.000007674402593 -0.000069513614838  0.000178932784682
 -0.000014003966400 -0.036569398918306 -0.008916052689292  0.001076010992658
 -0.005280314208600 -0.000265824440064  0.000440436904021  0.000249750205158
  0.000627988129832 -0.000151544043710  0.000345625417469  0.000016551313414
 -0.000188266556635 -0.000037046182266 -0.024309044834858 -0.009413846188505
 -0.005618182180011  0.001633518233283  0.000196078598507  0.000331232183345
    3 Orbital Energy   -10.008141 Occupation  1.000000
 -0.039854379622703  0.005782278319021  0.001529661924565 -0.005699703311161
 -0.000289519412167  0.013716824304884  0.000657681040388 -0.000244322385385
 -0.000041462966550  0.000002286360502  0.001476195882313 -0.000021529687305
 -0.000043675983632  0.000037592083464  0.000002997335658  0.002605658763534
 -0.000440639905026  0.000102385645448 -0.000414955444338 -0.000022362378417
  0.000709563147622 -0.000054644000157  0.000019397649552  0.000048166867123
  0.000001506950221  0.000075672887577 -0.000012644482243  0.000009588020244
  0.068379913703334  0.003017654871906  0.000065115337334  0.000104435626536
  0.000003742292382 -0.000797244752646 -0.000744501897981  0.000265330846950
  0.000362253325981  0.000011466173139  0.000018409091842 -0.000628701157605
  0.000020960711512 -0.987289267467364 -0.043411994104705 -0.001580705064393
  0.000951425352396  0.000044520222848  0.009057363030321  0.011452566736277
  0.010737823798951 -0.005912597993459  0.002644266321062  0.000171128116347
 -0.000262812374061 -0.000304372345921  0.012463369493941  0.000694942111037
  0.000217180994226  0.000059166968967 -0.000000172175211 -0.000095018855852
    4 Orbital Energy   -10.008135 Occupation  1.000000
  0.002899153740208 -0.000360262017113 -0.000095723267983  0.000377045122331
  0.000018970971386 -0.003427234725856 -0.000071474516596  0.000053511053299
  0.000060144728317  0.000001742514770 -0.014014856892297 -0.000657020947811
  0.000239947365166  0.000079347947697 -0.000001961003540  0.039669414182085
 -0.005783241920804  0.001474649395419 -0.005710671492931 -0.000310575603583
 -0.013020317442208 -0.000707792853934 -0.000222785600113 -0.000060951400069
  0.000002617936774  0.000002555033457 -0.000075339963765  0.000097631990190
  0.987284909446316  0.043415486798325  0.000902920074030  0.001610133265351
  0.000060093558702 -0.011448067142534 -0.010738526576844  0.003839842194621
  0.005216542118001  0.000164672646471  0.000262921667597 -0.009060323065011
  0.000304787302001  0.068261005057004  0.002990859421011  0.000110497430921
 -0.000073199599748 -0.000003447277023 -0.000625042414425 -0.000787502100387
 -0.000741660492600  0.000408863087212 -0.000181693532389 -0.000011781476875
  0.000017959369583  0.000021191813019 -0.002379480018233 -0.000035007657367
 -0.000071693715993  0.000026485749551  0.000002841598664  0.000002829768473
    5 Orbital Energy   -10.007071 Occupation  1.000000
 -0.020902671870238  0.005795633174437  0.003064893723169  0.003228401336561
  0.000072468953134 -0.705501286703872 -0.037710978384370  0.001967215548578
 -0.004732396023877 -0.000250986788973  0.693767689196536  0.037309111325071
  0.000651397597620 -0.005142165688217 -0.000263955824010  0.020463643499825
 -0.005714430179521 -0.004186506862685  0.001276335692432  0.000158764849553
 -0.002133824208503  0.000014634580244  0.000114596227081 -0.000060798104116
 -0.000005355795400  0.006558510266287 -0.006457220622342 -0.000000510258857
  0.007187468677888  0.000398604352999  0.000105321985940  0.000059427369261
 -0.000000135615940 -0.000729524582190 -0.000196032690685 -0.000014733456032
  0.000086938016980  0.000003949658486  0.000194225158175 -0.000107201664165
 -0.000006897598169 -0.007406574277038 -0.000407260497793 -0.000122978201075
  0.000001639562044  0.000002643420894  0.000109888414650  0.000745908744044
  0.000200229989263 -0.000031509082054  0.000084943941116  0.000005310414065
 -0.000196086550140  0.000007173096095  0.002602744857975  0.000003443427253
 -0.000064890749596 -0.000110718214479 -0.000003650278762 -0.000001616906682
    6 Orbital Energy   -10.006383 Occupation  1.000000
 -0.020100797290509  0.004997526472606  0.003132628089423  0.002931040061458
  0.000058112915942 -0.690422382305110 -0.023814606332636 -0.000470484446630
  0.003789524898108  0.000189781700961 -0.701928133511568 -0.024419701071924
  0.001440303082169 -0.003461237397475 -0.000176821875645 -0.018231674191288
  0.004467236895940  0.004563438771774 -0.000675621117310 -0.000139274426870
  0.106898359994072  0.004482714387202  0.000293144947209  0.000139554443275
 -0.000001990250381  0.006170582172948  0.006279153066681 -0.000842330792140
 -0.009437476814142 -0.000395189428411 -0.000028437778937 -0.000110239025396
 -0.000004420904571  0.000974610126402  0.000209922919530  0.000016922816254
 -0.000118358034891 -0.000005556961043 -0.000154078119894  0.000132096175741
  0.000015626558464 -0.010110478723103 -0.000433482721628 -0.000074385826534
  0.000085951994779  0.000005221384880  0.000141771062886  0.001013056960233
  0.000221429881339 -0.000050419475229  0.000116828506242  0.000006576809777
 -0.000149719353217  0.000015898332614  0.031552122632902  0.000450482880695
  0.000388821488221 -0.000520435043476 -0.000033072312712 -0.000145315727529
    7 Orbital Energy   -10.006339 Occupation  1.000000
 -0.017605550204548  0.005354111183159 -0.004214300329188  0.001096313660103
  0.000141024632411  0.038290863640424  0.001136694536152  0.000169201032862
 -0.000303016598029 -0.000018336347022  0.042459253994350  0.001656023313722
 -0.000148883674828  0.000066758868251  0.000005463552422  0.021554682826650
 -0.006353734686000  0.002870236774741  0.003386738584733  0.000092529983059
  0.723660808043720  0.038273578899209  0.001959030225833 -0.004548888489408
 -0.000266219469519 -0.000324498372870 -0.000408203902946 -0.006695355210084
  0.008347081217303  0.000468276715474 -0.000042003810353  0.000025787527297
  0.000001607775239 -0.000566372227047 -0.000159507400043  0.000024884874204
  0.000099955437810  0.000004420033576  0.000006669909223 -0.000123638937902
 -0.000004339529985 -0.006106278383430 -0.000370994316324  0.000038063655296
  0.000022462742104 -0.000000026307299  0.000089691091408  0.000401751159709
  0.000115630804988 -0.000056017730227  0.000054462493743  0.000002594021420
  0.000011184606820  0.000002558768742 -0.672450935578484 -0.036514979040209
  0.000625536561534 -0.005188332929559 -0.000255157182091  0.006229953368083
    8 Orbital Energy   -10.005627 Occupation  1.000000
 -0.022743027132222  0.006078883288831 -0.003963416179611  0.001507121243308
  0.000153707840923 -0.066817462987767 -0.002264744655837 -0.000266728560756
  0.000352924553799  0.000022587998814 -0.067337106140532 -0.002279791894226
 -0.000065386034344 -0.000446357996717 -0.000017502486170 -0.021138684266376
  0.005589145403070 -0.002446451439330 -0.002998258544535 -0.000084500467995
 -0.667347428785330 -0.022572506756321  0.000562797719034 -0.003998532348169
 -0.000187279568312  0.000725479823232  0.000729065157487  0.005959388890691
 -0.010177220572797 -0.000448964798215 -0.000000645240393 -0.000146049796055
 -0.000006575325855  0.000649372470259  0.000202303904379 -0.000040276734047
 -0.000118479371192 -0.000004903664935 -0.000016508683199  0.000175544125369
  0.000002098114038 -0.010600762917021 -0.000476238467377 -0.000070187504844
  0.000128679216605  0.000006942689403  0.000181620565107  0.000689658874017
  0.000211968810937 -0.000097831653795  0.000088227174749  0.000004404613088
 -0.000015964449449  0.000002455123642 -0.726144446526563 -0.025728091993274
 -0.001435279850267  0.003338340132184  0.000184240623909  0.006509621967175
    9 Orbital Energy    -9.992327 Occupation  1.000000
  0.000256193147319  0.000223421839292  0.000057490908666 -0.000048933396678
 -0.000002924624802  0.001144920431123 -0.000035667609897 -0.000050326271145
  0.000127586091006  0.000007531818517  0.000193275234706 -0.000041087054258
 -0.000008707459553  0.000038535366672  0.000001906159110 -0.000001183783698
 -0.000002903744908 -0.000000877085759 -0.000001878073435 -0.000000050941175
  0.000041209913691 -0.000014303299363 -0.000002368263947  0.000012440207982
  0.000000472572985  0.000143138487206 -0.000004712813250  0.000000214096248
 -0.000105356158618  0.000082801152092  0.000032974995067  0.000043696121356
  0.000001369260354 -0.008404733180947 -0.000370357647251  0.000009578725465
  0.000012157139398  0.000000332241729  0.000076208755531 -0.000000756814400
  0.000076427696107  0.012744295265425 -0.009741480703740 -0.005937455610857
  0.002548543201353  0.000164871210508  0.000063084551019  0.990590491877218
  0.043641011308655 -0.001684551865240  0.000667801621731  0.000047425375392
 -0.008990290358454 -0.009014295830374  0.000623465080589 -0.000043777047412
 -0.000046244159259  0.000062799699147  0.000004732009188 -0.000020344343836
   10 Orbital Energy    -9.992324 Occupation  1.000000
 -0.000003126852229 -0.000000891426171  0.000000707749847 -0.000000374230579
 -0.000000038118299 -0.000212704179929  0.000041800913655 -0.000010600799510
  0.000035711010937  0.000001845569390 -0.001150584230813  0.000036389251317
 -0.000019380412997  0.000135462454473  0.000006457680626 -0.000252419135769
 -0.000223372560247 -0.000026648051000 -0.000071126106636 -0.000002892628047
 -0.000620797170865  0.000043968238337  0.000009146664933  0.000077132147283
  0.000003426644977  0.000002271435715 -0.000142398778927  0.000020141123420
 -0.012740745575555  0.009741749385570  0.003908791530929  0.005145108322958
  0.000160445297594 -0.990590634202623 -0.043639883492689  0.001138528146223
  0.001410500687249  0.000038021362869  0.008988068842647 -0.000062781959202
  0.009014966353226 -0.000110863373771  0.000082500317263  0.000050517481224
 -0.000021491936357 -0.000001396959227 -0.000000311386398 -0.008404218672380
 -0.000370160999524  0.000014268155060 -0.000005460411806 -0.000000391066445
  0.000076327722625  0.000076538327181 -0.000051865462043  0.000015002980904
 -0.000003276939395  0.000010892236702  0.000000568589506  0.000000137616642
   11 Orbital Energy    -0.809427 Occupation  1.000000
 -0.107841049327661  0.274680211167147 -0.011987718571496  0.039472450339750
  0.001944407733791 -0.097603752324957  0.246694039590129 -0.054424147945946
  0.009922912754007  0.001700979229081 -0.097620092912909  0.246718066545416
 -0.042399532737756 -0.035498098055955 -0.000676352059604 -0.107805547672582
  0.274606804386279  0.009114821615127 -0.040221744770814 -0.002041024763441
 -0.097847334504566  0.247039475603597  0.054581755169901 -0.009456921179856
 -0.001725923610231  0.045107930244970  0.045149344118136  0.044914536457622
 -0.049687252349454  0.127766040105697  0.015321364227682 -0.027161101492201
 -0.001658047263169 -0.024627038230488  0.062592124139132 -0.010533927327339
 -0.021318242670763 -0.000788714768714  0.014067470044114  0.025655976511957
  0.010580240089427 -0.049704693306409  0.127814554172691 -0.000056104102583
  0.031208129171380  0.001562209756526  0.025669486441328 -0.024637325942425
  0.062617112356929 -0.019678666740625  0.013363811045123  0.000779967283078
  0.014081780258147  0.010583794163242 -0.097904354138861  0.247145253972430
  0.042811464958415  0.035108970256243  0.000716392559619  0.045003673624542
   12 Orbital Energy    -0.753924 Occupation  1.000000
  0.103625554554127 -0.273961977687250 -0.008171795837199  0.032049293777577
  0.001698963437995  0.041290837360362 -0.108648088900191  0.021374034022330
  0.061814964038438  0.002297465186906 -0.041407834931117  0.108945138481692
 -0.049070961251243  0.043189433005002  0.003094662725913 -0.103654374507561
  0.274056125272978 -0.008533409341850  0.031958718702855  0.001785146375592
 -0.040447304495010  0.105788341217812  0.022031037967023  0.060236499367307
  0.002256755089918 -0.029613883584105  0.029713065880034  0.027675433562159
 -0.113897382405788  0.297419334923432  0.034532379509764 -0.005542880229588
 -0.001042282228818 -0.080664781344392  0.209191672101481 -0.032745047173314
 -0.052894064056172 -0.001801011140756  0.048427734140626  0.067248937662262
  0.043719516413754  0.113848085380831 -0.297299904889164 -0.027302288584474
 -0.021886221646677 -0.000964319834836 -0.067216191152278  0.080632216408336
 -0.209108974096352  0.054528576752186 -0.029877954367320 -0.001830104817987
 -0.048430541141288 -0.043696294575352  0.040537700973019 -0.106013339809329
 -0.048847256889905  0.041546859913106  0.002961028445305 -0.027802599641162
   13 Orbital Energy    -0.718136 Occupation  1.000000
  0.004460990906090 -0.014600463791075 -0.041175478111598  0.087787352892415
  0.004797347324470 -0.028600945196313  0.073766884123845 -0.020712461854812
  0.033439514638311  0.001942613391025 -0.028616684216345  0.073811103267004
 -0.001533950791852 -0.039300586123981 -0.001806436471236  0.004413659630202
 -0.014475298903808  0.007432894221197 -0.096683485072096 -0.004790621697000
 -0.058521738006231  0.154177371907311  0.019641276350969 -0.043038575276247
 -0.002499214831245  0.007763460467748  0.007774101812821  0.031840249033340
  0.118043439835083 -0.311603201443529 -0.041103942070696 -0.061397597782706
 -0.002052115577515  0.116974108693696 -0.308413357816733  0.043474452909434
  0.056772016855476  0.001732311626401 -0.074197802422066 -0.074996426273284
 -0.074451709103197  0.118065028931896 -0.311670889831956 -0.066062144335805
  0.033082020356582  0.002007420996555 -0.074971947873727  0.117005503274799
 -0.308501176127322  0.065800686514926 -0.027993403854317 -0.001828588629355
 -0.074252605809031 -0.074460114500898 -0.058498217319251  0.154100163093180
 -0.004192730408563  0.047150673652751  0.002259112520459  0.031828258988008
   14 Orbital Energy    -0.699168 Occupation  1.000000
 -0.003060062629575  0.008537635088860 -0.117347177792325 -0.048847882127769
  0.000445484472469  0.133423048016008 -0.359566227051082  0.000806003544139
 -0.074708366826569 -0.003308363352201  0.133428765658475 -0.359568636185562
 -0.036227684204359  0.065317646605350  0.003997123985893 -0.003070825641505
  0.008574186020999 -0.126078658671175 -0.015436569531361  0.002239525760618
 -0.118989651195406  0.321698156057257 -0.004045713698812 -0.057744387896388
 -0.002689278324820 -0.097808318441776 -0.097873172994569  0.090166559147420
 -0.019434004457834  0.052308417505163 -0.014090952682714 -0.001804449596224
  0.000252865631963 -0.009107049010638  0.024946786064099 -0.010498710279442
 -0.002851213165167  0.000109256734216  0.000620565413012  0.022823851417166
  0.007479059535585 -0.019298880982630  0.051941950545820 -0.013274776603828
 -0.005296805928921  0.000070547971367  0.022746424424462 -0.008929223544840
  0.024474937486198 -0.010452107211407 -0.002728312467793  0.000002563953653
  0.000499616247963  0.007354229653588 -0.119046812046325  0.321804126264018
 -0.032038052323616  0.048080655173285  0.002968375793421  0.090301156390822
   15 Orbital Energy    -0.668263 Occupation  1.000000
 -0.100014600470695  0.274899200350440 -0.032096613304029  0.051198432579775
  0.002782081167672 -0.050913010960934  0.140866933911415 -0.031781350774966
 -0.070906587139327 -0.002543333495619  0.050782475207041 -0.140502525203858
  0.062682542583623 -0.046082268286871 -0.003493781027221  0.100046896200695
 -0.275003566533671  0.002752950132458  0.060365988912509  0.002804145203985
  0.063200644241317 -0.173933396828699 -0.027599258068457 -0.088468953729178
 -0.003374063568699  0.034081041278440 -0.033994577106349 -0.051149711656750
 -0.050435332763865  0.133434595444015  0.032193399984225  0.133589258254511
  0.005752230781331 -0.111370174979558  0.302194092719706 -0.031511351421194
 -0.020376824438704 -0.000233253637911  0.079450251549430  0.034033500486574
  0.090176943561868  0.050462483379511 -0.133511826777064 -0.093891165292540
  0.100307400400945  0.005536624090747 -0.033992918300147  0.111408826945019
 -0.302306439247301  0.037448749637005 -0.002216985403616 -0.000393125055620
 -0.079503551013839 -0.090195264493050 -0.063078199177376  0.173582648459256
  0.067663730267689 -0.063481680020600 -0.004405555342458  0.051157330047016
   16 Orbital Energy    -0.582836 Occupation  1.000000
  0.084785518811710 -0.247347143822241 -0.013127718970366  0.098320015094736
  0.005001520788828 -0.036311467539817  0.102469883238399  0.045132988986203
  0.103570736605240  0.003603268399661 -0.036022962811081  0.101636964075434
  0.090503046879847 -0.068104973706186 -0.005379362389365  0.084852148760793
 -0.247549080104721  0.036383893715573 -0.092121787829016 -0.005303375599846
 -0.055090600685401  0.158287639696685 -0.043536964767795 -0.146546693102537
 -0.005943739800336  0.051401923879629  0.051057668251967  0.056521313067448
  0.052895424309238 -0.160184748448871  0.047405243685254  0.153395479916221
  0.006340299000502 -0.093896846319722  0.272802877252853  0.025171204242760
  0.057221366911042  0.002240373146075  0.108171182052410 -0.066161318780689
  0.118009134130553  0.052980235059861 -0.160444755617066  0.117040439086835
 -0.109959545858855 -0.006280887375592 -0.066426753755821 -0.093915547689199
  0.272856014416412  0.050222859517322 -0.037288015395606 -0.002171982685413
  0.108285585986922  0.117997900836869 -0.054836410761834  0.157544552838589
 -0.110191544003730  0.106267761002430  0.007314789420065  0.056069573196103
   17 Orbital Energy    -0.568794 Occupation  1.000000
 -0.013549389348039  0.039662265384930  0.189327847152360  0.102651271648445
  0.000473848681398 -0.105417848636429  0.309268536188945  0.033261442076702
 -0.137667317265038 -0.007070295655682  0.105571377304257 -0.309702730640821
  0.038371492050918 -0.136069596416572 -0.006761910477526  0.013202200458398
 -0.038616397919010 -0.215279910110180 -0.004165558588714  0.004926638819869
 -0.070362385575855  0.205654367384233 -0.043712947352217  0.094787365259370
  0.005252709685723  0.150076856081810 -0.150493322886138  0.113055721263879
 -0.041929115287433  0.125243433726391 -0.091097364586434 -0.016994631745968
  0.001331360232711  0.021271274279309 -0.061967282493237 -0.050527749101275
 -0.004979610842742  0.000932444503902 -0.057963346531827  0.095025802956835
 -0.015790581530135  0.041790899157005 -0.124815865041892  0.087376558525911
  0.030429566482911  0.000121714190951 -0.094897570654198 -0.021046150587554
  0.061296527478316  0.046248786626066  0.020712800158444  0.000454466021500
  0.057688030453502  0.015489378233063  0.070490261752516 -0.206004170178704
 -0.008198378867810  0.104083628411340  0.004980429232825 -0.113552603508367
   18 Orbital Energy    -0.522734 Occupation  1.000000
 -0.008246449973395  0.022426993486552 -0.116340542427399  0.113503474586946
  0.008005520158138  0.002769398203554 -0.008660279883526 -0.020235537560946
  0.009475696473181  0.001044869778731 -0.002872351019829  0.008981087627487
  0.013501241245835  0.018198811564721  0.000567982837956  0.008432639619373
 -0.023004885816940  0.045117020793262  0.156449706513108  0.006489375918377
  0.079622114915846 -0.243999187926657  0.020062799029303 -0.094318689936253
 -0.004505937665843 -0.009727751879345  0.010064493041745 -0.115108484203926
 -0.091691644660826  0.281954445652926 -0.064365690035087 -0.048786038122254
 -0.000871705799235  0.079719342292798 -0.249244062025510 -0.100767506241146
 -0.126273364132268 -0.003880107338751 -0.149240957880303  0.135106496969429
 -0.142111843685334  0.091641381599789 -0.281826112090735  0.079895509761356
 -0.010851392652414 -0.000892449298436 -0.134911647696549 -0.079646450747574
  0.249010771941778  0.149839596202681 -0.060156627071688 -0.003861473344889
  0.149121486053833  0.142022668507178 -0.079699788371002  0.244227748206093
  0.028547795126563 -0.092219002675645 -0.004768713946235  0.115616881208867
   19 Orbital Energy    -0.513764 Occupation  1.000000
  0.061905359538760 -0.184621930374713  0.005384918428810 -0.126560771628926
 -0.006188472144155 -0.038519823345208  0.122307328942752  0.182197409709017
  0.123446281372866  0.000853598972327 -0.038380788954654  0.121872356476538
  0.219374542236875 -0.017420720820426 -0.006436288196334  0.061855229207566
 -0.184469477800278 -0.058158194933319  0.112343452533971  0.006471521008766
 -0.026021588974791  0.083897000490033 -0.183896425377390 -0.056756339494129
  0.001233050053367  0.129254214259779  0.129069186226560  0.134958875559922
 -0.059494538062046  0.181659249394398 -0.096444031053994  0.007657387494697
  0.002552979204126  0.046480210801904 -0.146515681985899 -0.082737462672746
 -0.065821426088858 -0.001356623032561 -0.098895940051338  0.133945405496819
 -0.075127922871184 -0.059669309927086  0.182208135750187 -0.080201144385338
 -0.054162695864341 -0.001899809928060  0.134165929904345  0.046605950495656
 -0.146906976256057 -0.104719271138047  0.016610742215943  0.001481890929477
 -0.099134021140045 -0.075403031528724 -0.025708950227266  0.082908983743498
 -0.188071721263559 -0.041225358506431  0.002019793788756  0.134552310262716
   20 Orbital Energy    -0.462641 Occupation  1.000000
 -0.027478564551609  0.091473361635625  0.095884002131765 -0.126818965021723
 -0.007573725284032  0.009526091652957 -0.022211060116514  0.151611346976473
 -0.166176187277166 -0.011149888412570  0.009629235001127 -0.022559666271622
  0.049894451022394  0.219361981847603  0.008463653885372 -0.027480009097457
  0.091470914399987  0.020688771597012  0.157681993708185  0.006713005241747
 -0.006934796477603  0.029639719414321 -0.140397214642558  0.018984575180892
  0.003792688042882  0.128356613386346  0.128210415033163  0.099083620151847
  0.028932265423806 -0.093017860302298  0.164457117195975 -0.152288811823100
 -0.011343960254767 -0.007063850912911  0.027914199130286  0.188803942197789
 -0.045493866799852 -0.006621816422213  0.152290740321190 -0.159528422549636
 -0.064787905849600  0.028961109912483 -0.093126246835178  0.068045882207423
  0.213519589844605  0.009489273515800 -0.159452142847584 -0.007016175621791
  0.027734029753444  0.141734494019299  0.132815353012837  0.005269143856655
  0.152250342178146 -0.064892496482731 -0.006879747910461  0.029447737706365
 -0.112721654767513 -0.085876365047668 -0.001477891363987  0.098968890753424
   21 Orbital Energy    -0.424178 Occupation  1.000000
  0.042842051354530 -0.145871807271801 -0.018015557739581  0.124092247393966
  0.004877187190519 -0.065225024912714  0.219173632424659  0.109093203547750
 -0.046623893406976 -0.005344902710826  0.065097315771118 -0.218650079699672
 -0.067256846671729 -0.096843961972309 -0.002174799854787 -0.043617452669460
  0.148360218901382 -0.052869267047698  0.115861454998799  0.007147225835411
  0.028452937947229 -0.095268362260220  0.076090592454273 -0.007084468073168
 -0.001811020104576  0.175603087117677 -0.174128327309731 -0.109243574981359
 -0.002332546549156  0.008857920710523  0.195729688480253 -0.162050482737464
 -0.012312207291819 -0.007315946684324  0.027219040636366  0.192653178553118
 -0.122613363933992 -0.010374362623845  0.147901744029058 -0.166311109385199
 -0.129376610300872  0.003640638855052 -0.012788070085447 -0.098201709231622
 -0.236421392314146 -0.011076960618842  0.168819065530339  0.006750547224182
 -0.024730907886578 -0.099665589134419 -0.208377872124604 -0.009713286504201
 -0.144929992092920  0.136148849921067 -0.028027800700174  0.094028340949871
 -0.058401441380685 -0.053329073939203 -0.001599814285263  0.111631844771998
   22 Orbital Energy    -0.423038 Occupation  1.000000
  0.021795398666870 -0.070541661359473  0.187507340586825  0.082914236985485
  0.000346570151346  0.001071499121730 -0.005778671909057 -0.081732243118864
 -0.115291010439856 -0.002781202633970  0.003418851640569 -0.013663673561031
 -0.130020989732907  0.056562270200717  0.006090403427968  0.020450450844116
 -0.065972308798226  0.202273863438411  0.025388312095375 -0.003249351263733
 -0.009983478825825  0.028263662066994  0.020556829458951 -0.276787675362378
 -0.013047154827017 -0.040406332969800 -0.046315411470989 -0.058818895108923
 -0.035037224898943  0.105780141561601  0.167847483522265  0.126284629738705
  0.002263509007308  0.013446398867376 -0.060385304933679 -0.085699724846729
 -0.249742729895356 -0.010250263506946 -0.078688817909527 -0.069561183137680
 -0.177067478610563 -0.034860616898650  0.105184449961792  0.204404544351674
 -0.036237268729656 -0.004110909935192 -0.063153870800102  0.013682149886480
 -0.061249130790022 -0.201630175017834  0.166483835208253  0.009135668182113
 -0.084534515246540 -0.171388372890192 -0.011018659603602  0.031743587100737
 -0.120167988809630  0.249316526088190  0.014433839709243 -0.055550584907104
   23 Orbital Energy    -0.406031 Occupation  1.000000
  0.063067173222801 -0.213682090945015  0.025553918263689 -0.117171449039350
 -0.005254184978414 -0.017858738495194  0.064671219145764  0.196128450553290
  0.009310698421268 -0.004039830831592  0.017791722599253 -0.064435225306679
 -0.175798240440716 -0.088935161566954  0.000920217780048 -0.062944564779762
  0.213266849069517  0.036498285136916 -0.114523624452156 -0.005695707963785
  0.037249809340779 -0.131336554466361  0.215669689017756 -0.009372018414189
 -0.004629803860960  0.194225945785477 -0.194563204965400 -0.230604206011275
  0.014826139398439 -0.043703157160113 -0.084191595611812  0.001105831015393
  0.002281484594858 -0.006527371662775  0.025866047309409 -0.108413762943549
  0.184643310245586  0.011673266143462 -0.099958579860216  0.029353508378867
  0.180521511072425 -0.014902798059161  0.043901620355575  0.073628211069375
  0.042255071666660  0.001656748792941 -0.029642371250967  0.006551321561856
 -0.026020838398132  0.002465231379195  0.214931012163972  0.010302082363901
  0.099735214734551 -0.181267820863161 -0.037245674280619  0.131278675778917
 -0.183515046660692 -0.114179725247108 -0.001073422862953  0.230677297627228
   24 Orbital Energy    -0.378086 Occupation  1.000000
  0.014161721556475 -0.048660300657681 -0.200785264007858 -0.045624428394142
  0.003029972652476  0.022010236070541 -0.073825080075039  0.242166661765091
  0.076969705584992 -0.002664607177774  0.022085354131139 -0.074081452951062
  0.248620995541559  0.052802577510731 -0.004194254009439  0.014111446259016
 -0.048496421937606 -0.197353180652197 -0.059226791088523  0.002049494042978
 -0.024386551323430  0.076499434964333  0.318015438745425 -0.053639400177545
 -0.008659139497601  0.164138396332867  0.164115369744274 -0.240359098194234
 -0.013777391471858  0.045781675843927  0.007531166704588  0.008352814133421
  0.000315713307840  0.001312279464274 -0.006033721425818  0.077215077304973
 -0.112820259914833 -0.007301025497293  0.081997607543679  0.005003438457362
 -0.119510808778716 -0.013787070884669  0.045760630406514  0.011361752799948
 -0.003959872637317  0.000475538100478  0.004707756890974  0.001292704824996
 -0.006019130925347  0.010733210226619  0.136276400484768  0.006766809162633
  0.081464767225801 -0.119605328192318 -0.024569140589020  0.077163437390873
  0.249774260352939  0.203587676407421  0.004759123156897 -0.239703252086225
   25 Orbital Energy    -0.375831 Occupation  1.000000
 -0.000752920241819  0.003057318561751  0.008743943528197  0.175938463668432
  0.009711893093475 -0.000589649729689 -0.002923569955691 -0.110579676229318
 -0.018391528325136  0.002763617473460  0.000549122159712  0.003037889327068
  0.104789071891062  0.038364748672412 -0.000484047860047  0.000713673301564
 -0.002924175566926 -0.094026598575154  0.149021258494168  0.009733897229125
  0.032282152284260 -0.112956188017874  0.000898103160073 -0.019019880629292
 -0.000050852417410 -0.098906525042002  0.098426013083366 -0.052109608871242
  0.004361929666730  0.003153946137195 -0.221386945809560 -0.258711953796717
 -0.007254343087747  0.012951863137256 -0.023811412163170  0.223162773626171
  0.233335364179002  0.006366450826860  0.173102379240306  0.156631682192452
  0.100904869719824 -0.004343356862863 -0.003228781756772  0.320283764760946
 -0.115881978581815 -0.007637036770578 -0.156914127422085 -0.012959143554703
  0.023840332641416 -0.309422501287619  0.092496673010781  0.006755416619360
 -0.173450959946230 -0.100569759595808 -0.032254695325519  0.112875652929031
  0.008014443297329 -0.017492374496063  0.000034172996219  0.052654114919841
   26 Orbital Energy    -0.366704 Occupation  1.000000
 -0.018647433938520  0.064739238543200  0.112554740711742  0.030889383017108
 -0.004070333780692  0.010754294584124 -0.028441341626985  0.167934861078271
 -0.325988894268661 -0.021300849415601  0.010757705659997 -0.028475174731602
 -0.014980510096617  0.366690012161724  0.014583230545510 -0.018642668802733
  0.064696226964204  0.113203340422125  0.028933119505527 -0.003054194527591
 -0.007153509290764  0.022653997926759  0.071403363448864 -0.143453653619821
 -0.009347896873196  0.183559300233242  0.183393975980862 -0.082983924561902
  0.013939607450566 -0.044211736277457 -0.089026715756307 -0.009412403472379
  0.000897745609849  0.010952353547006 -0.034516943992902 -0.144017936610977
  0.204824703439258  0.012998263534493 -0.135577755253142  0.047793286875570
  0.202444973219518  0.013904670470624 -0.044088375137944 -0.081948548657727
 -0.035518082431887 -0.003522180901098  0.047654904449206  0.010934823855953
 -0.034458313321142 -0.024371606106762 -0.248987500427795 -0.013218542780791
 -0.135537113868095  0.202268314344639 -0.007230165686650  0.022944119346186
 -0.008776249176619  0.160060595157007  0.006055877835619 -0.082851831778131
   27 Orbital Energy    -0.334528 Occupation  1.000000
  0.018653191735902 -0.068258155595755  0.139669936321911  0.008810852694439
 -0.006133967562718 -0.007593443593118  0.025271557988893 -0.108881317947733
 -0.023981199750811  0.000106991189310 -0.007573968977035  0.025208497588216
 -0.106380304884558 -0.032791705542177  0.000353528591730  0.018620598136975
 -0.068149164713935  0.125802759946001  0.062457474665445 -0.000818834801965
  0.006411940525302 -0.028240642876537  0.000005251062887 -0.257682327410917
 -0.013047155254670 -0.062235773762431 -0.062187506578148 -0.060810576078805
 -0.012711167383262  0.060966490456628 -0.245029180267840 -0.128127955228049
 -0.000887777415211  0.018080667823343 -0.052288831799199  0.269073404245559
  0.074700483564562 -0.002696871270663  0.227653251541652  0.247497901436598
 -0.062865386501271 -0.012713621203432  0.060970352258072 -0.276371403173325
 -0.009942492043862 -0.000587261641913  0.248028222322717  0.018056187933677
 -0.052225030734249  0.270905483325547  0.068582520959607  0.000563921788309
  0.228114862026326 -0.063569497437164  0.006318365076810 -0.027896607671463
 -0.126753428737320  0.224300106709979  0.010982614767224 -0.061059723170031
   28 Orbital Energy    -0.324438 Occupation  1.000000
  0.000204669416481 -0.000845737182284 -0.008250820520012  0.017314889428032
 -0.336954132630302  0.000159619127810 -0.000714697166723 -0.008785421818132
  0.013829184518972 -0.296521828841893  0.000151775997628 -0.000575436213822
 -0.006433497679499  0.012514996229596 -0.296697118213156 -0.000030343271429
  0.000016260134856 -0.010117288854036  0.013059476576762 -0.337164630574826
  0.000262694063182 -0.000971127652704 -0.005296672677160  0.017799771063356
 -0.297515725689131 -0.001111104268401  0.000909509503732 -0.000065590070125
  0.000035645107663 -0.000228082151194 -0.003694496749996  0.010631077881628
 -0.173711458068960 -0.000202330053525  0.000618828442965 -0.001945562685328
  0.002026317302796 -0.092489297452039  0.000709264822527 -0.000193423313822
 -0.002126579658275  0.000053373578567 -0.000416785379486  0.001918854457271
  0.006921186481636 -0.173881990470447 -0.001838541959101 -0.000430475832262
  0.001391245633889 -0.002871126302043  0.007703598377806 -0.092186724001226
  0.000245856952671 -0.002833169784463 -0.000174913242182  0.000732020502687
 -0.005919370999088  0.009927423491208 -0.297909314177818  0.002794816947301
   29 Orbital Energy    -0.315882 Occupation  1.000000
  0.010385621455495 -0.044510450277144 -0.174489568814406  0.228718142291319
  0.013428912404184 -0.011819228198912  0.042837940669528 -0.015421833304767
  0.012610542342133  0.000467068020424  0.011862604335844 -0.042995490093419
  0.007850163615017  0.018241983754840  0.000310036334271 -0.010429188756131
  0.044683730164524  0.038337737571221  0.285190582021925  0.011790421708204
  0.012409264924166 -0.038117842906871 -0.185971435174344 -0.046929195440871
  0.001023636942249  0.037087039080588 -0.037029300753936  0.138889171220925
 -0.001884488208009  0.007827031964592  0.176370780580196 -0.180638377884687
 -0.013476949027641  0.002267416139526 -0.003622302501626 -0.167908868181111
  0.167913455488941  0.011794132115127 -0.203016422290414 -0.196233397861332
  0.230449141502252  0.001863830695277 -0.007794347947671 -0.063713405060846
 -0.243813987989652 -0.010737036251421  0.195325314466489 -0.002328760572238
  0.003831263328179  0.062499313288663  0.228519337048883  0.011037506222311
  0.202229062860294 -0.230021206520443 -0.012450679277283  0.038282424635763
  0.185299609453584  0.050931864091670 -0.002405735039921 -0.138976533764137
   30 Orbital Energy    -0.291270 Occupation  1.000000
  0.007121175107706 -0.039210460987736 -0.061113532031485  0.274341466815649
  0.016319085372866  0.002996913295032 -0.007519013159087  0.020466882751188
 -0.266180706449114 -0.010428492501469  0.003129248067385 -0.007913028724525
 -0.110310386628744  0.241966700984467  0.015119994436862  0.007081396524683
 -0.038998738645515  0.078735914367896 -0.268653943044897 -0.012516546144411
  0.004315260930848 -0.012457260820733 -0.034603737377026  0.249456003231297
  0.014185151357328  0.117609943817523  0.120248379782922  0.120258324572282
  0.022328036208138 -0.088479521974706 -0.140596628120948  0.254048649703121
  0.017136101775859 -0.003983918286329  0.006567388726200  0.054625359344549
 -0.135457535403264 -0.007009774400302  0.111439176664173  0.160663100826356
 -0.162954922129449  0.022351512349718 -0.088519123881806  0.001933522166189
 -0.291763756848417 -0.012211697225593  0.162442766093318 -0.003944491576123
  0.006437493002883 -0.018216670682636  0.145482577447917  0.008169785774361
  0.112654008381108 -0.163765642241506  0.004437298662209 -0.012866352356415
  0.090961961260379 -0.234327937742990 -0.010657686880459  0.122236142355367
   31 Orbital Energy    -0.287746 Occupation  1.000000
  0.003299487193371 -0.015141090095111  0.289465542041246  0.137845533492774
 -0.000900168355477 -0.012240230849293  0.035915328602526 -0.277957100478294
 -0.102584659525856  0.003268644152946  0.012223008717095 -0.035915784750538
  0.293359553567155  0.045918718847622 -0.004045038039317 -0.003374228971838
  0.015551227776298 -0.320296790992095 -0.020449856998314  0.009316111851089
 -0.010289024860153  0.030233523115990  0.226483071412080  0.095352678727094
  0.001821715769290 -0.248648574888711  0.247340645168433 -0.221303641355418
 -0.002361992588131  0.002487405772110  0.121592925131165 -0.010443973715796
 -0.001336153798801 -0.007106945370848  0.024024481801931 -0.120861371381884
 -0.019707565269839  0.003009123863903 -0.100169526177037 -0.155942612396636
  0.046807970353733  0.002147685378284 -0.001633192743822 -0.100524203260444
 -0.065847984039185 -0.004615552280839  0.154182568012150  0.007136015274199
 -0.024050663070679  0.114844309480629  0.041061532044573  0.000180196867551
  0.098821815430853 -0.045044886003028  0.010223211105955 -0.030043269731771
 -0.244976133595594 -0.026474529233279  0.004519346269721  0.219984541744872
   32 Orbital Energy    -0.263511 Occupation  1.000000
  0.000005081297738 -0.000011586674918  0.010160315651094 -0.015351021601566
  0.348412545537058 -0.000438262198594  0.001702901916595  0.001936751244637
 -0.007397534782623  0.131190044599549  0.000290110429304 -0.001090642842691
 -0.002604937518572  0.006261884464189 -0.131265088078952 -0.000137412927454
  0.000556673679535 -0.009141167853781  0.016527958288377 -0.348376444985406
 -0.000032899291053  0.000037524170165 -0.001398622804811  0.005292884631571
 -0.131908870685022 -0.000804948152427  0.000796113125225 -0.001685198098639
 -0.000069751124388  0.000290524837200 -0.008655697665810  0.017940686907269
 -0.376080494013377 -0.000021766709261  0.000107923441606 -0.006331141458048
  0.013364655477489 -0.271060355702788 -0.000104488121338 -0.000276699881720
  0.000130598184625  0.000072766781468 -0.000168096771112  0.001272843293181
 -0.018479198898678  0.376062225154700  0.002360529180224  0.000324581323178
 -0.001224124856966  0.003325691545837 -0.014118041413292  0.271033091398620
  0.000454590176032  0.000755681632448  0.000246736936523 -0.000922210951109
  0.000345962226938 -0.005031660973549  0.132171138970514  0.000985205895089
   33 Orbital Energy    -0.212412 Occupation  1.000000
 -0.000013689936849  0.000065748742286  0.000593241972067  0.000691253852089
 -0.017957080298644 -0.000227556889754  0.000912979412997 -0.004670043809938
  0.006893699919845 -0.169011344411496  0.000170074391695 -0.000670506168574
 -0.004025419730742  0.007751978739152 -0.168984701116012 -0.000029532280335
  0.000115139379301 -0.000585389869131  0.001008599174573 -0.017930325876267
  0.000006165789243 -0.000063917474338 -0.003636641374119  0.007830144524975
 -0.186472241160663 -0.000277011272062  0.000302357946801 -0.000543649538614
 -0.000067396848500  0.000272642381206  0.009770627291866 -0.020449857093513
  0.413008446207045  0.000050483555715 -0.000207793833605  0.009620775047925
 -0.020314221400908  0.417171033333520 -0.000066692429827 -0.000128928581849
  0.000143298633293  0.000061677756208 -0.000276570001671  0.003401171474591
 -0.019570551226314  0.413266785101115 -0.000076015163018  0.000015179402473
 -0.000092229613045  0.002796234200292 -0.020400578037823  0.417401267894134
 -0.000239564679804  0.000251466896532  0.000190223912382 -0.000781764728510
 -0.005274419912082  0.009481952268290 -0.186342032690893  0.000168802891115
   34 Orbital Energy    -0.194987 Occupation  1.000000
  0.000035262348328 -0.000164398074853  0.000011506179028 -0.000004789442282
  0.001070157743481 -0.000021985653440  0.000006846260593 -0.012285603964581
  0.021411486791582 -0.465176930557584  0.000104711135252 -0.000523481719593
 -0.012464316388127  0.019828213056778 -0.465210779298711 -0.000006945072268
  0.000026693529162  0.000410794105669  0.000125324622025  0.001153703537055
 -0.000043457986839  0.000227066570201  0.008883144591783 -0.021117028924279
  0.454800241265566 -0.000022134364487 -0.000327246985545  0.000245933152436
 -0.000025116544089  0.000107935387771  0.000449247186613 -0.000771905028680
  0.011611860911353 -0.000033628004318  0.000141070378714  0.000212438826966
 -0.000207108509512  0.003420328405151 -0.000015842999502 -0.000144170965962
 -0.000045608922800 -0.000043489554515  0.000233489736006 -0.000052588875077
 -0.000540588160908  0.011518449087019  0.000039489986832 -0.000041820163385
  0.000169462024642  0.000442731512507  0.000098027567926  0.003306143711925
  0.000215874092894 -0.000274636993556  0.000138518604305 -0.000536789500410
  0.009240158638813 -0.021309342269585  0.454744403699630  0.000182243248744
   35 Orbital Energy    -0.153077 Occupation  1.000000
 -0.000012734665216  0.000055125330546  0.008313195641200 -0.017464637538783
  0.387113316160119  0.000008170127042 -0.000030718789007  0.005502477187145
 -0.009290241175587  0.219278079104623  0.000101793727347 -0.000449511830153
 -0.005484519948821  0.009202617303679 -0.219280796780596 -0.000094539987547
  0.000416199017662 -0.009063209159961  0.018477356791917 -0.387094944859857
  0.000176261553922 -0.000755670084693 -0.004965194524262  0.010264524158340
 -0.225987735891290  0.000154922824580 -0.000383061847512  0.000052284199679
 -0.000061822897878  0.000265610735143  0.005334827580487 -0.011109372001634
  0.223178166778389  0.000015187088401 -0.000072044154152  0.009244807866186
 -0.019445095531474  0.396950051464900  0.000004095474201 -0.000121532162782
  0.000015626944599 -0.000047396438258  0.000302288980534 -0.002430079607391
  0.010452014002477 -0.223214272066118  0.001414021036043  0.000212366558100
 -0.000861917443422 -0.001874758865483  0.018779938195675 -0.396993328055101
  0.000301751580295  0.000315670243228 -0.000118888947958  0.000510428425431
  0.005187013079402 -0.010451061696035  0.225917287037791 -0.000079950600248
   36 Orbital Energy     0.037491 Occupation  0.000000
  0.000070813825188 -0.000306842609386 -0.009760002324625  0.019955114358927
 -0.442604980876053 -0.000062188287098  0.000330975808043  0.007015466550925
 -0.011092522382117  0.249935092000366 -0.000167422210811  0.000859419943213
  0.006549270301713 -0.010759281331044  0.249791965436032 -0.000076277252497
  0.000417503445397 -0.010389511547075  0.021212077195030 -0.442563314467851
 -0.000103316886411  0.000526487057733  0.005428258455416 -0.011567300754903
  0.259738868984485 -0.000806143358338 -0.001077629055818 -0.000530923527402
  0.000101159365602 -0.000493200007145 -0.006143670722590  0.013048393742638
 -0.255682616326588  0.000007786930761 -0.000067738543480  0.010266588033140
 -0.022138235844350  0.449503244041829  0.000201885388112  0.000080317151828
 -0.000098095156118 -0.000065060546328  0.000242645593142 -0.002264782217206
  0.012051026487341 -0.255730548589378 -0.001830676041560 -0.000166970362149
  0.000804113956294  0.002128537024049 -0.021586383088668  0.449532802806133
  0.000202217600647 -0.000487677430915 -0.000220048265786  0.001047157865910
  0.006119267198347 -0.012433490688571  0.259198967476309 -0.000421774912290
   37 Orbital Energy     0.089966 Occupation  0.000000
  0.000063250909848 -0.000276360909426 -0.000213497804512 -0.000602359120302
  0.003530949765943 -0.000157639253591  0.000826674290349  0.015450339245018
 -0.026495191377984  0.592948416937023  0.000273787059948 -0.001458506016701
 -0.015743537733060  0.025743044031057 -0.593072405940779 -0.000024286657220
  0.000107997003117  0.000639332807889  0.000177900848089 -0.003292409476253
 -0.000100306961918  0.000596204245450  0.010624163254343 -0.024681829230297
  0.532046020609880 -0.000284332084791  0.000724668496549 -0.000163371413311
 -0.000022488693335  0.000119593734203  0.001808519469346 -0.003747139259855
  0.073173328284922 -0.000035406670046  0.000180204716605 -0.001448767031001
  0.003343554809352 -0.068212870601697 -0.000133019408574 -0.000029359297722
 -0.000060058230991  0.000030051852956 -0.000242057280900 -0.000506642641207
  0.003653577290770 -0.072970328986200 -0.000022857877166  0.000074759842823
 -0.000360946995952 -0.000124909919215 -0.003410339598162  0.067964220666789
  0.000189239901429  0.000355450014072 -0.000083294083280  0.000424076143717
 -0.010709269031314  0.024344739819391 -0.532168306864276 -0.000374380057552
   38 Orbital Energy     0.110923 Occupation  0.000000
  0.000038294030416 -0.000129324362877 -0.000049572746726  0.001309237128550
 -0.023792108982846  0.000127662693090 -0.000653833216370  0.005098426576732
 -0.006379748057477  0.155969376259997  0.000060368699249 -0.000334678843449
 -0.003761544435132  0.006403623883540 -0.156043685877232 -0.000092846693841
  0.000445406239096  0.000741224611720 -0.001405092812501  0.023817161998638
  0.000287200513352 -0.001466598443738 -0.006695605537856  0.014543517303275
 -0.312097000985769 -0.000353033372301  0.000025736580480  0.000850252420461
 -0.000015294247003  0.000083721502998  0.012113897131399 -0.025384433710096
  0.516142638007855 -0.000065703333601  0.000352802362391 -0.011804500110078
  0.025400643725865 -0.517745211127754 -0.000254530527326  0.000065952751853
 -0.000125628972255 -0.000154381611866  0.000824097995987 -0.004270113701360
  0.024494201475604 -0.516667900860154 -0.000716448723805  0.000098270452044
 -0.000503785846872  0.003404270465743 -0.025398601879379  0.518191640320164
  0.000560241212126 -0.000059303534761 -0.000336772341585  0.001669324460362
  0.007642000162323 -0.014850024139793  0.312089512584529 -0.000189692094373
   39 Orbital Energy     0.182083 Occupation  0.000000
  0.000051808076980 -0.000336403395983 -0.012238272837078  0.021461988217296
 -0.497266941778938 -0.000523914748706  0.002823216344157  0.003565054421611
 -0.009606430301861  0.185443061563011 -0.000057602801020  0.000389073326799
  0.004879183129675 -0.007233192678389  0.185456469765291 -0.000131725381422
  0.000759492686233 -0.012145690256600  0.024256705339988 -0.497107960567936
 -0.000322287190114  0.001761115930644  0.003142293892456 -0.008869095976782
  0.180320468331131 -0.001180612018838 -0.000883641576626 -0.002017903443925
  0.000179143985376 -0.000945051898750  0.011894940193167 -0.025004603045426
  0.528489203029731 -0.000104443116286  0.000551411235172 -0.008931773472566
  0.018515927271720 -0.378895788920613  0.000025624470073  0.000102275764990
 -0.000496318697281  0.000158124262205 -0.000974562245093  0.003177207729446
 -0.025781184995972  0.528321447429999 -0.001798492632469 -0.000421829467353
  0.002276475960701 -0.003705855849423  0.018770108621375 -0.378729349284720
 -0.000403616388950 -0.001018486613918  0.000205249217571 -0.001080506958938
  0.002435132688588 -0.008427478458752  0.180599700206000 -0.001008879956075
   40 Orbital Energy     0.272455 Occupation  0.000000
  0.000350584620172 -0.001992340080928 -0.014084847247090  0.022139456680632
 -0.542845583687156 -0.000609031645221  0.003377500439594  0.010142271935834
 -0.023703624272217  0.469359931167717  0.000770002645853 -0.004408068662430
 -0.013655661073165  0.018466178524929 -0.469465292175225  0.000164458973385
 -0.001021299421176  0.013251431227323 -0.028851558093151  0.542507336967546
  0.000269898631691 -0.001600511232844 -0.008470879174717  0.018711805029228
 -0.460748045808475 -0.000740112254899  0.005659360332266  0.002746027881894
 -0.000597983578281  0.003320761916839 -0.005651878175308  0.011602775759622
 -0.287375170181878  0.000305651561300 -0.001683307252670  0.003986253683642
 -0.007750846539193  0.155749978027485 -0.000051062558226 -0.000566599459860
  0.001626326290929 -0.000052999938912  0.000157948887341 -0.000454314860571
 -0.015074985315257  0.287158275322226 -0.004395380195610 -0.000438627720664
  0.002563746023361 -0.003180504862015  0.006981410188907 -0.155715172278145
  0.000738773677351 -0.002003075189573  0.000230329172202 -0.001393946623798
  0.009011850876787 -0.022681266506391  0.460606781775345 -0.000947088375627
   41 Orbital Energy     0.328754 Occupation  0.000000
  0.063398304402205 -0.373380400984246  0.076626876446964  0.281836895219978
  0.009190897138606  0.029386790617906 -0.176557048900510 -0.071711187524935
  0.061292332386280  0.005207967914707  0.029388954508861 -0.176567160348135
 -0.031796614412853 -0.089368713518194 -0.001640557956631  0.063360189455680
 -0.373143863163428  0.205305448420258 -0.207843924258119 -0.017116308115975
  0.030946967790802 -0.189853071023439  0.395002492113309  0.031994230212613
 -0.005340018788150  0.201733937017643  0.201989036693721  0.502120529387821
 -0.032616487114243  0.182655617775692  0.326035009199944 -0.291379301750078
 -0.020537500719792  0.029326375381300 -0.170862469566706  0.213292251547480
 -0.135041177707922 -0.012140070703508 -0.187693055508623  0.256512041795827
  0.345031486546527 -0.032341681910135  0.181022990290102  0.140685809836276
  0.414458650036890  0.020190141878039  0.257681341460540  0.029221582982746
 -0.170280299634694  0.118695592209510  0.223207368103298  0.009714939033252
 -0.188141778289609  0.345143021053276  0.030830402891596 -0.189270220401940
  0.359168847583295  0.166506221425734  0.000565620829991  0.501106819416503
   42 Orbital Energy     0.352752 Occupation  0.000000
  0.020080979161739 -0.117379894185539 -0.277841028344292  0.072497079155002
  0.011723737573975  0.042689794266279 -0.265280662456147 -0.495807633185195
 -0.000433675728882  0.010968366895784  0.042252504992010 -0.262757179567789
 -0.430578372514998 -0.244348009481704  0.003431861052223  0.019910438890109
 -0.116402448627146 -0.207492397921035 -0.198928302561579 -0.007674349328493
  0.026276491536779 -0.157307202023743 -0.138902109600250 -0.122075960354232
 -0.000541804969823  0.631221223530582  0.629233084885874 -0.005362886133597
 -0.067220642244739  0.389354541923639 -0.163062078837599 -0.106305805309541
  0.000031351375843  0.037784989205669 -0.215535026402495 -0.195616282077004
  0.030938228342215  0.005420618916268  0.262793147443585 -0.392008898734093
  0.027016812092758 -0.067492196459181  0.390922168416584 -0.193750674564988
  0.013591504621968  0.000690625775711 -0.391357792944313  0.038060829070016
 -0.217187933478173 -0.154256333007995 -0.122607646000176 -0.003807046971600
  0.262498760001557  0.028805052854788  0.025992881884261 -0.155619874577057
 -0.181173255493971  0.038298505599547  0.003784011810634 -0.005544379695628
   43 Orbital Energy     0.358744 Occupation  0.000000
  0.059137484074750 -0.346011052189262 -0.013024979977606  0.361554864123169
  0.013230611842794 -0.002594993226314  0.013080834567688 -0.019674903377806
  0.132865598940935  0.009056281471036  0.002446086249588 -0.012150965416775
 -0.047373611025049  0.126322564567535  0.004366422346368 -0.059233286932850
  0.346580303638698 -0.166457437769768  0.321266699123555  0.021816249817057
  0.034371397085016 -0.200749693625870 -0.179767075358124  0.123130152617615
  0.007438533459877  0.075063058680218 -0.076895998264517 -0.073927297350512
  0.029252065557583 -0.163770736544749 -0.390460595642018  0.323442266835440
  0.023792962108708 -0.025924271071160  0.154781926650382 -0.343972334858382
  0.221326926742654  0.019274391159171  0.316168984757708 -0.361735149328498
 -0.453843946494249 -0.028869370268042  0.161487817581993  0.181153628002420
  0.474144510848332  0.022974325409852  0.363581262209575  0.025698627758789
 -0.153477636039861  0.190167009656930  0.363010323224456  0.015835030192177
 -0.317289277635943  0.453728548798584 -0.034459318766328  0.201262029949846
  0.095767159591613  0.195574237639795  0.009442589717928  0.073576953800971
   44 Orbital Energy     0.400523 Occupation  0.000000
  0.059227192853790 -0.342103596111160 -0.311964491582461  0.221913932265352
  0.019220162691241 -0.105280322096200  0.635368576531741 -0.140296199433843
  0.210190727344088  0.012171667195998  0.104757148258177 -0.632228198787217
  0.014583841839885  0.253318363225382  0.011217698374308 -0.057942398559197
  0.334432602216953  0.160807820467452  0.345903772298980  0.013230258540487
 -0.027440902123600  0.170945987309328  0.019199697821583  0.127422054280041
  0.005112487540153 -0.123452263971948  0.123840364003228 -0.134985905828383
  0.101928942572963 -0.618717327752615  0.240204401431093  0.273166881966018
  0.007459159477475  0.040134474755109 -0.263465014143661 -0.087893782343602
 -0.158440425513804 -0.005693415536415  0.174324606961458  0.522436544670868
  0.224633856747645 -0.102313263330210  0.620846637835250 -0.342876569540210
  0.122742627844785  0.007442279720880 -0.520834585199645 -0.039761273756167
  0.261235411288110  0.155781884736777 -0.090583365047864 -0.005041836457341
 -0.176501611214538 -0.219715009590510  0.026492214811490 -0.165094601592411
 -0.080994572481366  0.097129480228835  0.005431256552773  0.128393853464775
   45 Orbital Energy     0.403246 Occupation  0.000000
 -0.027082199811486  0.163105389208402  0.003376557913349  0.263218075389496
  0.009615470319174  0.080982657426316 -0.488076382338882 -0.206378488410745
  0.157577923398169  0.014596976404573 -0.081741926887575  0.492733342064998
  0.095778881054798  0.240685612946970  0.005334218714292  0.028845129066501
 -0.173684869996416 -0.134731611454704  0.226707309125602  0.016112136508105
 -0.021121923520576  0.122928533926175 -0.068021791015086  0.235670863636243
  0.010473651115188  0.447977813708610 -0.446908457208471 -0.222397709128255
  0.067121320023690 -0.397576754486126  0.057686550044996 -0.011517841355905
 -0.002908562601990 -0.100576659909206  0.612938625865533  0.247187363136165
  0.005908611441796 -0.004836417126478 -0.516608716718687  0.285204518999489
 -0.237636284425803 -0.066892595470741  0.395955000435269 -0.041799931067416
 -0.033141807947323  0.000520243318029 -0.278468324765100  0.100732857682048
 -0.613938289337877 -0.215467760541538 -0.108521020885481 -0.004513964443121
  0.510213785506022  0.245934532408596  0.019307388805608 -0.111647172263237
 -0.060639372225513  0.230314666873746  0.013429243502778  0.208817437080283
&
&hess
   1
   1  1.074052E+00
   2  1.995709E-02  9.615587E-01
   3  2.431156E-02 -3.439877E-02  7.176751E-01
   4 -3.862842E-01 -3.839988E-02  4.951502E-02  9.395272E-01
   5 -4.004195E-02 -3.434188E-01  2.788989E-02 -9.138355E-02  1.069321E+00
   6  4.822513E-03  1.170266E-01 -3.859227E-01 -9.930543E-02 -3.687376E-02
   7  5.748434E-02 -4.606507E-02 -1.839825E-02 -9.813662E-02  1.245336E-01
   8  1.152828E-02  3.141867E-02 -7.398336E-02  2.777815E-02 -4.332134E-01
   9  3.918071E-02 -1.585800E-02 -1.036012E-01 -6.155658E-03  1.062515E-01
  10 -8.210183E-02  8.316026E-03 -1.769879E-02 -2.284250E-02  6.066409E-02
  11 -2.174978E-02 -5.362416E-02  2.895374E-02 -4.094141E-03  6.915705E-02
  12 -2.466108E-02  9.730217E-02 -9.288377E-02 -4.059995E-02 -2.799808E-01
  13  4.432378E-02  3.587309E-02 -1.774920E-02 -3.354648E-02 -6.574911E-02
  14 -1.791835E-02  4.438438E-03  3.873006E-02  3.763585E-02 -8.596078E-02
  15  2.417294E-02 -7.875884E-02  4.041842E-02 -9.092524E-03  1.448009E-01
  16 -3.979405E-03 -3.177684E-02 -6.640418E-02 -4.305229E-01  5.541706E-02
  17 -1.883211E-02  8.394632E-03 -5.163891E-03  4.606150E-02 -2.492591E-01
  18 -2.201403E-02 -2.998621E-02  5.096212E-02  9.397007E-03  1.252614E-02
  19 -4.374551E-03 -2.423773E-02  4.469877E-02  1.091389E-02  1.463480E-02
  20 -5.925380E-02 -3.055071E-02  7.347347E-02  7.780818E-02  5.592924E-02
  21  3.040093E-02 -2.780830E-02  1.242824E-01  1.300282E-03 -2.800453E-02
  22  7.727949E-03  3.740070E-02  3.580975E-04 -3.946276E-02 -1.760098E-02
  23  7.163804E-02  3.504461E-02 -4.850578E-02 -3.987517E-02 -4.819687E-02
  24 -3.724679E-02  7.306160E-02  2.867286E-02 -3.305922E-02 -5.050910E-02
  25 -7.840221E-02 -2.696812E-02  6.307668E-03  1.012928E-01  1.264393E-02
  26  5.964071E-03 -1.050864E-02 -2.558686E-02 -1.501991E-02  3.333268E-03
  27 -6.266378E-02 -6.451747E-02  1.821762E-02  1.555058E-01  1.232837E-01
  28  4.814490E-03 -1.130181E-02  3.339525E-02 -1.363519E-02  3.143947E-02
  29  4.878298E-03  6.488106E-03  9.923141E-03  6.854643E-03  3.842356E-04
  30  4.808411E-02  2.066224E-02 -3.031806E-02 -9.111349E-02 -4.185150E-02
  31 -6.912146E-03  1.386059E-03 -1.676413E-02  1.120398E-02  4.042559E-04
  32  5.085029E-03  5.768490E-03  6.363549E-03 -4.177026E-03 -1.978245E-03
  33 -1.980452E-02 -1.137851E-02  5.736745E-03  3.806163E-02  1.109512E-02
  34  3.666285E-02 -4.015006E-05  9.745619E-03 -4.445589E-02  4.955529E-03
  35 -2.592207E-03 -1.106761E-03 -4.199786E-03  1.200755E-02 -2.297337E-03
  36  9.430340E-03 -7.287019E-03  1.070198E-02 -1.991494E-02  7.295864E-03
  37  9.449097E-03 -4.515110E-03  7.286443E-03  3.638663E-03  2.199021E-02
  38 -1.357654E-02 -2.874178E-03 -7.108527E-03 -9.802372E-03 -1.537754E-03
  39 -1.032594E-02  2.811287E-03  2.181596E-02  1.784838E-02  2.078467E-02
  40 -3.885424E-02  7.036752E-02  2.812196E-02 -2.519704E-02 -4.190752E-02
  41 -3.547554E-02 -1.999860E-01 -7.735819E-02  1.107052E-01 -1.286512E-01
  42  9.779023E-02 -2.765252E-02 -3.601106E-03 -8.615859E-02 -7.597670E-02
  43 -6.090414E-02 -2.870559E-02 -4.848681E-03 -2.587258E-02 -7.716753E-03
  44 -4.515279E-03  8.474769E-03 -8.921714E-03 -4.259628E-02  2.258068E-02
  45 -1.178185E-02 -7.204953E-03 -6.482457E-02  2.168879E-02  3.919932E-02
  46 -7.879871E-02  8.836831E-03 -4.088047E-02  6.129013E-02 -2.076326E-02
  47  1.010648E-01 -1.485466E-01  1.244593E-01 -1.115171E-01  9.990035E-02
  48 -6.890702E-02  3.365424E-02 -6.345746E-02  4.396176E-02  4.249467E-02
  49  1.031423E-02  2.183227E-02 -6.150318E-03 -4.343179E-03 -3.439894E-04
  50 -2.734714E-02 -7.559932E-03 -6.090708E-03  6.630249E-02  1.370762E-02
  51 -1.063174E-02 -5.938114E-03  8.526616E-03  2.574190E-02 -1.059286E-02
  52 -3.359407E-02 -1.719072E-02  6.381502E-04  2.179964E-02  8.536609E-04
  53 -7.172455E-03  1.507543E-02 -2.903699E-02 -5.334763E-03 -1.073038E-02
  54 -1.445463E-02 -4.417067E-03 -1.435511E-02  5.550141E-03  8.975443E-03
  55 -4.809985E-01  3.348288E-03 -1.192745E-02 -1.342786E-01 -6.465225E-02
  56 -5.469377E-03 -2.963485E-01  2.814092E-02  3.534826E-02  9.147391E-03
  57 -2.745607E-02 -4.432524E-02 -2.527199E-01 -2.864543E-02  2.135517E-02
  58  1.037484E-02  2.188315E-02 -3.557071E-03  1.089117E-01  2.262277E-02
  59  3.382888E-02  1.786239E-02 -1.757951E-02 -5.830162E-02 -3.821647E-02
  60  3.175414E-02  1.501289E-02 -1.532586E-02  4.547453E-02 -4.216315E-02
   6
   6  9.764477E-01
   7 -1.344838E-02  1.025255E+00
   8  1.405165E-02 -6.338410E-03  1.035129E+00
   9 -1.164479E-01  1.956233E-01 -9.752227E-03  9.733616E-01
  10  5.024942E-02 -3.715738E-01  1.986972E-02  1.134570E-01  9.122432E-01
  11 -3.517877E-02  4.929434E-03 -2.586503E-01 -3.061449E-03  6.053608E-02
  12  6.424548E-02 -2.137067E-01  7.539709E-02 -6.029896E-01 -1.052239E-01
  13 -3.770144E-02 -8.232233E-02  5.158260E-02 -9.766769E-02 -2.609446E-01
  14 -1.088872E-01 -2.676772E-02  8.184009E-02 -1.177897E-01 -1.745062E-01
  15 -9.917701E-02 -6.844993E-02 -3.061840E-02 -1.182910E-01 -3.028349E-02
  16  5.493172E-02 -1.676421E-02 -1.457613E-03 -2.443187E-03  1.499594E-02
  17 -3.612714E-02  3.315420E-02 -3.616284E-06  7.528595E-03  1.677583E-02
  18 -4.661242E-01 -5.642403E-03  1.715992E-02  3.709169E-02  2.548949E-02
  19  1.738197E-02 -3.612050E-01 -1.208836E-01 -8.082608E-02 -9.986665E-02
  20 -2.751287E-02 -4.438448E-02 -3.688824E-01  8.558423E-02 -2.769752E-02
  21 -2.219000E-02 -3.511451E-02  6.783647E-03 -2.938736E-01 -7.361197E-02
  22 -2.585620E-02 -6.916575E-02 -4.162689E-02 -1.164779E-01 -3.062326E-02
  23  1.125625E-01 -3.468579E-02  3.948785E-03  3.339626E-02  8.658948E-02
  24  4.922481E-02 -1.162080E-02  3.054767E-02  2.202444E-03  8.344165E-02
  25  1.437017E-02 -1.653218E-02 -1.721640E-02  1.872728E-03 -1.552184E-01
  26  5.802446E-02  5.383456E-02 -6.652116E-02  4.710116E-02 -1.876274E-02
  27 -5.664080E-03  1.743313E-01 -8.644700E-02  1.641098E-01 -2.029951E-02
  28 -4.104212E-02  3.163432E-02 -2.425290E-03  2.590064E-02  1.861458E-02
  29 -1.118255E-02 -1.581536E-02  6.082572E-03 -3.262908E-02 -6.961226E-03
  30 -1.695490E-02 -4.866787E-02  7.748664E-02 -3.660159E-02 -1.175014E-02
  31  1.806406E-03 -7.161800E-03  7.772323E-03  3.436930E-04 -3.231888E-03
  32 -4.233663E-04 -6.888416E-03 -1.508213E-03 -1.718456E-02  5.174900E-03
  33  1.393762E-02  1.438349E-02 -2.986901E-02  1.077210E-02  4.208818E-03
  34 -1.811679E-03  1.494679E-02  3.218389E-02  4.356622E-02  2.007403E-02
  35 -3.245502E-03  7.861972E-03  2.086975E-03  1.084540E-02  3.674545E-02
  36 -1.826673E-02 -1.354184E-02  3.717770E-03  1.688793E-02  8.423780E-03
  37 -6.074724E-03  1.529198E-02 -1.163130E-02  1.749283E-02  1.060968E-03
  38 -6.806477E-03  6.419719E-03  1.452341E-02  2.073701E-02 -8.307707E-04
  39 -1.118686E-02  2.075356E-02 -2.046373E-02  1.364724E-02  3.708924E-03
  40 -3.264558E-02 -4.149634E-02  1.336106E-01 -8.512065E-02 -7.465247E-02
  41  9.642229E-02  2.495082E-03  5.421799E-02 -9.335218E-02 -4.024667E-02
  42 -2.937326E-02 -1.362342E-01 -4.821862E-03  1.217440E-01  3.544099E-02
  43  1.846851E-02  5.461388E-02 -3.947927E-02  4.452639E-02 -7.426878E-02
  44  2.481288E-02 -3.309682E-03  2.969963E-02 -5.877597E-02 -5.278582E-02
  45  4.489061E-02  1.132473E-01  6.305200E-03  2.593110E-02 -6.608416E-02
  46  7.572920E-02 -3.446181E-02 -8.300809E-02  7.417978E-04  6.880670E-02
  47 -1.553086E-01  1.511959E-02 -8.751578E-02  1.395394E-01  4.792021E-02
  48  3.899708E-02  5.759691E-02  9.480084E-03 -2.129714E-02 -4.044200E-02
  49 -2.629270E-02 -1.615538E-02  1.472461E-02 -7.401939E-03  4.269654E-02
  50  4.642985E-03 -3.617108E-02 -1.608565E-02 -1.237353E-04  5.966198E-02
  51 -2.234617E-02 -5.219027E-02 -1.073537E-02 -1.560755E-01  6.261411E-02
  52  2.928458E-02 -2.200715E-02  4.509299E-03 -2.236842E-02  1.182038E-02
  53  3.775715E-02 -9.633482E-04  1.119789E-02 -9.340648E-03 -9.202194E-03
  54  2.540364E-02  2.418318E-02  4.400535E-03  2.199235E-02 -2.682961E-02
  55 -6.647215E-02 -7.656390E-02  1.966446E-02 -1.010203E-01  3.261016E-02
  56 -1.506123E-01 -1.142482E-02  2.766801E-02 -5.856930E-02 -6.618876E-02
  57 -5.715496E-02 -7.418115E-02  3.323270E-02 -8.865705E-02 -3.880367E-02
  58  8.360590E-02  1.431963E-02  8.429180E-04  3.677648E-02  5.240169E-02
  59  1.068581E-01 -1.553396E-02 -6.543283E-02 -3.454664E-02 -5.071854E-03
  60  3.766185E-02  9.107715E-02 -1.187194E-02  1.500943E-01  4.399307E-02
  11
  11  8.820727E-01
  12 -1.419593E-01  1.035227E+00
  13 -6.406064E-02  2.178537E-01  9.308384E-01
  14 -3.132061E-01  1.930703E-01  7.056150E-02  9.646246E-01
  15  1.412674E-01 -3.060929E-01 -1.133487E-01  2.192930E-02  7.992918E-01
  16  4.539507E-02  1.139455E-02  3.404500E-02 -2.195170E-02  1.449697E-02
  17  3.086549E-02 -5.365029E-03  7.836777E-04 -4.775661E-02 -3.110385E-02
  18  5.354661E-03  1.527286E-02  6.628235E-02  6.536596E-02  2.284636E-02
  19 -7.305663E-04  7.217732E-02 -6.011375E-03  1.015361E-02  2.888977E-02
  20 -3.926367E-03 -1.415421E-01 -1.142233E-01 -3.811643E-02  1.310802E-02
  21  2.419650E-02  9.101111E-02  1.556421E-02  4.303792E-02  6.092383E-02
  22 -4.815421E-02  4.091998E-02 -3.898986E-01  6.564158E-02  1.450848E-01
  23 -6.074878E-03  1.593248E-02 -6.819259E-03 -2.260265E-01 -1.206600E-01
  24 -9.338744E-02  1.317123E-01  7.298500E-02 -2.774135E-02 -3.780887E-01
  25  2.495863E-02 -5.133070E-02 -5.617177E-02  2.373653E-02  1.241951E-02
  26 -2.804358E-01 -1.280545E-02 -2.047923E-02 -4.390164E-02 -4.965307E-02
  27  5.696866E-02 -4.208938E-01 -1.422754E-01 -9.419042E-02  7.042869E-02
  28  3.764811E-02 -5.153222E-02  6.646840E-03 -2.812765E-02  7.788591E-03
  29 -1.155757E-02 -7.875325E-04 -5.733735E-03  1.048251E-02  2.576631E-02
  30 -5.496205E-02  1.498706E-01  8.112970E-02  2.695703E-02 -4.524579E-02
  31  2.880199E-02 -1.061199E-02 -1.635121E-02  3.471702E-03  3.231504E-02
  32  3.270961E-03  1.350949E-02  8.520621E-03  5.052062E-04  4.540439E-03
  33  2.202019E-02 -6.752161E-02 -3.207225E-02 -1.194258E-02  1.316897E-02
  34 -2.458235E-02 -4.554752E-02  2.103008E-03 -2.411005E-02  1.079788E-03
  35  1.197706E-02 -1.087145E-02 -5.447041E-04 -8.714356E-03 -6.225423E-03
  36  2.098411E-02 -5.200570E-02  8.740784E-03 -1.835096E-03  2.035801E-02
  37  1.155827E-02 -4.439722E-02 -9.116367E-03 -8.140840E-03  1.254011E-02
  38  4.317164E-03 -1.155527E-02 -2.345599E-03  1.824762E-03  5.511089E-03
  39  1.060204E-02 -1.652590E-02 -1.924756E-02 -2.634291E-03  2.168960E-02
  40 -7.276422E-02  1.361551E-01  1.059442E-01 -4.910203E-02 -5.084679E-02
  41 -1.439111E-01  2.422064E-01  1.335310E-02  3.502599E-02 -1.074651E-01
  42  6.734186E-02 -1.794019E-02  4.059018E-02 -4.832909E-02 -9.353764E-02
  43  5.797717E-03 -1.515243E-02 -1.957949E-02  2.388137E-02  2.528659E-03
  44 -2.489450E-02  6.834929E-02  4.463346E-02 -4.014690E-03  9.311156E-03
  45 -3.912680E-02 -3.648334E-04  8.557011E-03  6.250145E-03 -3.845168E-02
  46  6.065921E-02 -3.320993E-02 -3.171015E-02  5.316866E-02 -3.502315E-02
  47  1.646444E-01 -3.182076E-01 -3.171836E-02  1.971492E-03  9.945665E-02
  48 -3.249028E-02 -8.810517E-02 -8.429328E-02  2.810296E-02  4.528400E-02
  49 -3.247495E-02 -9.314834E-03 -4.771171E-02 -3.343003E-02  8.860209E-02
  50  3.137732E-03  6.854525E-03 -1.654899E-02 -7.164809E-03  3.670617E-03
  51  1.170075E-03  1.553516E-01  5.428794E-02 -1.310587E-03  4.365167E-02
  52 -6.704553E-03  3.811657E-02 -6.999049E-03  1.905462E-02 -4.621482E-02
  53 -9.572045E-03  3.234585E-02 -9.276793E-03 -1.916499E-02 -1.660704E-02
  54 -2.223916E-03 -2.331730E-02 -1.226962E-02 -1.625006E-02  5.249900E-03
  55 -1.303357E-02  1.638339E-01 -1.972889E-01  2.497695E-02 -6.522218E-02
  56 -1.008581E-01  1.687957E-01  1.087834E-01 -2.977278E-01 -1.145718E-01
  57  3.700145E-02  1.076306E-01 -3.637366E-02 -5.668419E-03 -4.608631E-02
  58  8.064459E-03 -3.516267E-02  3.375086E-02  5.177221E-02  4.856327E-02
  59  3.726845E-02  9.311225E-03  3.408319E-03 -8.958365E-03  8.630163E-02
  60 -1.347067E-02 -6.168075E-02  2.700797E-02  1.313517E-02 -1.834024E-02
  16
  16  4.759013E-01
  17 -2.803215E-02  2.530040E-01
  18  1.975941E-02  3.013138E-02  4.187501E-01
  19 -2.935043E-02 -3.156016E-02 -5.469651E-02  4.219688E-01
  20 -2.328723E-02 -1.644729E-02 -1.891474E-02  1.350256E-01  4.213829E-01
  21  2.325137E-04  9.128099E-03 -4.404254E-02  4.444985E-02 -2.512889E-02
  22  1.558786E-03 -1.264936E-02 -5.205775E-03  1.146472E-02  6.148508E-02
  23 -4.940466E-03  4.257285E-02 -4.777051E-02 -3.481459E-02 -2.333164E-02
  24 -1.195850E-03 -1.054786E-02  2.384629E-02 -3.895157E-02 -1.342254E-02
  25 -3.658568E-02  2.491324E-03 -7.933864E-03  5.328026E-02  2.707141E-02
  26  1.623464E-03 -3.176211E-03 -3.678135E-02  1.713036E-02  4.187160E-02
  27 -4.178597E-02  2.542106E-02 -5.286757E-02 -2.515106E-02  1.199021E-01
  28  1.069019E-03 -3.119434E-03  1.876949E-02 -1.210680E-02  4.515555E-03
  29 -8.457741E-03  3.711669E-03  1.229503E-02 -9.680346E-03 -8.367187E-03
  30  4.015898E-03 -1.032114E-02  2.928875E-02  1.032913E-02 -5.518863E-02
  31 -3.789442E-03  2.815264E-03  5.672946E-03  6.605172E-03 -8.792575E-03
  32 -2.255806E-03 -4.652023E-03  1.448286E-03 -3.663478E-03  1.115223E-03
  33 -7.374067E-04  7.375769E-03 -1.671089E-02 -3.415828E-04  1.734957E-02
  34  1.028051E-02 -1.533502E-03 -3.279582E-03 -1.825766E-02  3.991581E-03
  35 -3.663835E-03  9.660593E-04  2.225158E-03 -1.555919E-03 -5.902182E-04
  36  1.793192E-02  5.940238E-03  2.251071E-02  1.177612E-03 -1.573634E-02
  37 -2.223750E-03 -1.759365E-03  6.964210E-03 -1.086074E-02  8.461674E-03
  38  1.714324E-03  3.225686E-03 -1.108087E-03  5.639054E-03 -1.101856E-02
  39 -3.246595E-03 -4.637810E-03  3.488224E-03 -1.108602E-02  2.287206E-02
  40  3.380561E-02  3.026884E-02  4.065715E-03  3.314997E-02 -5.795581E-02
  41 -3.796433E-02  7.062166E-02 -5.158662E-02 -1.240273E-02  2.694792E-02
  42 -9.669384E-03  4.929537E-02  3.514307E-02  1.187786E-01 -3.608845E-02
  43  4.781475E-02 -3.504028E-03  2.038948E-02  4.731487E-02  1.857954E-02
  44  5.146392E-02 -3.682895E-02 -6.182751E-03  1.605064E-02  6.675587E-03
  45  5.345012E-02 -1.860896E-02  3.105186E-02 -1.502955E-02  1.731361E-02
  46 -5.155449E-02 -3.072546E-02 -3.879237E-02  5.283842E-03  2.523870E-02
  47  1.892052E-02 -3.487086E-02  7.114814E-02  9.501550E-03 -3.635859E-02
  48  1.571354E-02  3.437160E-03 -5.222024E-02 -3.826084E-02  3.551727E-02
  49 -2.718651E-02  2.267893E-02 -1.734465E-02 -4.468084E-02 -1.668326E-03
  50 -5.256375E-02 -2.683216E-02 -7.810275E-03  2.778182E-03 -1.809419E-03
  51 -6.526171E-02 -3.991282E-02 -3.222365E-02 -3.720987E-02 -2.285550E-02
  52 -7.473170E-03 -2.016500E-02 -6.693550E-03  2.289925E-02 -1.282367E-02
  53  1.181149E-02  5.542345E-03 -8.355055E-03 -2.398816E-03  5.023847E-03
  54  8.255372E-03  9.319505E-03 -2.623145E-02  6.209349E-03  6.073884E-03
  55  7.076345E-02  2.580781E-02  4.151414E-02  8.387347E-03  4.864516E-03
  56  2.664414E-02 -2.482485E-02  7.393562E-02  2.849696E-02 -5.737329E-02
  57  5.400947E-02 -1.834786E-02 -8.477447E-04  5.129688E-02 -3.844069E-02
  58 -8.080434E-02 -2.895679E-02 -5.670151E-02 -3.455409E-02 -1.695512E-02
  59  3.361476E-03  2.574730E-02 -8.309470E-02  2.517173E-03  3.782571E-02
  60 -6.344721E-02  3.255919E-02  1.016228E-03 -9.383615E-02  3.636522E-03
  21
  21  1.959062E-01
  22  3.033545E-02  4.902448E-01
  23 -3.289510E-02 -2.329372E-02  2.335942E-01
  24 -5.049584E-02 -6.993689E-02  9.971075E-02  3.361087E-01
  25  2.320306E-02  2.519736E-02 -1.241053E-02  4.253911E-03  8.425379E-01
  26 -2.092340E-02  1.823907E-03  3.703096E-02  3.812396E-02  1.081911E-01
  27 -2.281991E-02 -1.862701E-02 -1.111780E-02 -8.178315E-02  1.732001E-03
  28 -3.673595E-03 -9.711546E-03 -2.006866E-03 -1.062358E-03 -3.651367E-01
  29  1.147410E-02  4.783626E-03 -1.760332E-02 -2.059797E-02 -1.678043E-01
  30 -1.148546E-02  1.774894E-02  1.649920E-02  3.241233E-02 -2.503445E-02
  31  5.819991E-03  7.043620E-03 -1.440948E-02 -3.175185E-02 -1.602194E-02
  32  2.030486E-03  5.611712E-03  3.660138E-04  1.826192E-03 -3.022055E-02
  33  5.253048E-03 -7.913714E-03 -2.288012E-03 -1.129207E-02  1.134490E-02
  34 -2.223467E-02 -2.648553E-02  1.120831E-03 -1.045813E-02 -3.544765E-01
  35 -2.848582E-04 -4.518999E-03  1.829231E-03 -2.059428E-03  5.183937E-02
  36  1.537827E-03 -6.015019E-03 -8.535598E-04 -2.142877E-03  2.536346E-02
  37 -1.857568E-03 -1.870910E-03 -1.288284E-03 -8.307087E-03  4.338058E-02
  38 -5.508037E-03 -4.579764E-03 -5.504289E-03 -5.683270E-03 -9.401640E-03
  39  1.780612E-03 -2.003026E-03 -1.369029E-02 -1.090729E-02 -3.184882E-04
  40  5.432164E-02 -7.951110E-02  8.992136E-03 -2.869602E-03 -1.165173E-02
  41 -8.422297E-03  3.301111E-02  3.246141E-03  5.926465E-02 -3.272131E-02
  42 -1.466222E-02 -4.842173E-02  1.030226E-02  3.513430E-02  4.011000E-04
  43  2.465022E-03 -1.838012E-02 -6.060250E-03 -2.329263E-02  7.319408E-02
  44 -1.429144E-03 -3.383074E-02 -1.518360E-02 -1.272912E-04  8.379999E-03
  45  2.666645E-02 -6.685795E-02 -7.459240E-03 -6.280391E-02  2.735337E-02
  46 -1.726068E-02  1.915279E-02 -3.374746E-02  6.019653E-02  2.184196E-02
  47  1.991618E-02 -2.309814E-02 -1.738552E-02 -3.881296E-02  5.109641E-02
  48  1.696728E-02  7.894333E-02 -2.469486E-02  2.131473E-02  6.191108E-03
  49 -2.753768E-02  7.823602E-02  5.927665E-02 -3.620494E-02 -6.684703E-02
  50  6.263151E-03  1.303046E-02  2.958315E-02 -3.434920E-02 -1.851651E-02
  51 -2.165890E-02  1.136334E-02  3.633651E-02  2.288826E-02 -2.503341E-02
  52  3.801688E-04 -2.005552E-03 -5.197395E-03  3.043184E-02  1.255561E-02
  53 -1.164601E-02  1.597212E-02  7.085657E-03  2.009923E-02  8.646553E-05
  54 -6.902616E-03  5.757156E-03  1.450319E-03 -4.930163E-03  1.307965E-03
  55  4.767255E-03  8.252557E-02  2.868787E-02  8.343817E-02 -1.748980E-02
  56  2.156606E-02 -5.212200E-02 -3.714909E-02  1.553076E-02  2.630543E-02
  57 -3.321586E-03  5.315378E-02 -3.416358E-02 -5.922237E-02  3.263360E-03
  58 -3.194971E-02 -5.603650E-02 -3.675575E-02 -2.878938E-02  1.253469E-03
  59  1.765441E-02  2.271451E-02  2.154093E-03 -4.092641E-02 -2.154117E-02
  60 -3.287605E-02 -1.634969E-02  1.790840E-02 -2.185066E-02 -2.973341E-02
  26
  26  8.863352E-01
  27  2.371050E-02  3.718219E-01
  28 -1.962324E-01  2.856388E-02  9.499444E-01
  29 -4.622264E-01 -1.994078E-03  1.061555E-01  9.882775E-01
  30 -7.247931E-03 -1.605390E-01 -1.142255E-02  1.037728E-02  2.374759E-01
  31 -2.334255E-02  2.178808E-03 -4.144547E-01  3.037702E-02  1.567218E-02
  32  2.373769E-02 -3.295393E-03  1.207661E-02 -1.311011E-01 -1.872346E-03
  33 -3.776823E-03  7.762493E-02  7.420277E-03  3.052322E-03 -9.848546E-02
  34  9.858382E-02  4.452677E-02 -1.427450E-03 -2.030304E-02 -8.007344E-03
  35 -1.303723E-01  3.263607E-03 -2.970554E-02  2.608265E-02 -8.004698E-04
  36 -1.264760E-02 -1.816852E-03 -9.334142E-04  2.977588E-03 -1.919321E-02
  37 -2.716920E-02  2.221109E-02 -1.733209E-01  9.293078E-02 -7.731042E-03
  38 -1.082032E-02 -1.298427E-03  9.951700E-02 -3.901565E-01  7.138612E-03
  39  4.162131E-05  8.323106E-03  8.615528E-03 -4.030979E-03 -4.984142E-02
  40  1.613060E-02 -6.019714E-02 -4.199178E-03 -1.800447E-02  2.654394E-03
  41 -3.171905E-03 -7.933968E-02 -2.482713E-02 -1.448237E-02  6.463533E-02
  42  7.359564E-03 -1.155537E-01 -9.111236E-03 -1.528736E-02  6.427721E-02
  43  1.301317E-02 -1.231051E-02 -2.266957E-03 -7.425332E-03  1.505111E-02
  44  1.365385E-02 -2.513880E-02 -9.623189E-03 -8.153070E-03 -3.776628E-03
  45  9.088216E-03  6.820035E-02 -5.174320E-03  3.161023E-03 -3.588511E-02
  46 -2.824689E-02  4.442150E-02 -1.068790E-03  2.534289E-02 -2.685677E-02
  47 -1.415701E-03  1.060237E-01  3.849286E-02  3.229870E-02 -6.096112E-02
  48 -2.074303E-02  1.314229E-01  3.200183E-02  2.495588E-02 -4.260766E-02
  49  1.076471E-02 -9.214912E-03 -8.892046E-04 -9.763749E-03  2.749627E-02
  50 -1.139821E-02  1.439030E-03  1.344122E-03 -1.852254E-03 -2.123048E-03
  51  8.250821E-03 -8.510206E-02 -2.234455E-02 -1.434410E-02  1.979902E-02
  52  1.248160E-02 -1.591190E-02 -2.957040E-03 -7.322660E-03  4.508599E-03
  53  2.886668E-03 -2.043980E-02 -9.782686E-03 -1.008630E-05  1.048580E-02
  54  5.756675E-03  3.328662E-02  6.164070E-04 -1.268770E-03 -8.283733E-04
  55 -4.042970E-03 -6.630646E-02 -8.700096E-03  7.380187E-03  2.535782E-02
  56  1.290986E-02 -2.064442E-04 -4.488024E-03 -2.557654E-02  3.491875E-03
  57  1.894818E-03  2.666006E-03 -2.935013E-02  3.573806E-04  1.541108E-02
  58 -6.245502E-03  1.272530E-03 -2.849069E-03 -1.430981E-03 -2.146450E-02
  59  2.189200E-03 -7.202705E-02 -9.549262E-03 -2.721581E-03  1.370855E-03
  60 -9.186289E-03  9.381541E-04  1.257459E-02 -2.217647E-03 -5.488196E-04
  31
  31  4.120578E-01
  32 -2.368771E-02  8.856572E-02
  33 -1.356870E-02  2.794420E-03  4.783572E-02
  34  1.482937E-02 -8.593682E-03  3.161719E-04  3.696602E-01
  35 -3.214021E-03 -3.149953E-03  2.511676E-03 -5.930528E-02  9.981952E-02
  36 -3.848828E-03  1.520047E-04  1.503796E-02 -1.617686E-02  6.418229E-03
  37  1.770967E-02  4.164039E-02  6.105611E-03 -4.707353E-03  3.389363E-03
  38 -3.863286E-03  1.681968E-02 -7.184721E-03  1.570115E-02  2.809348E-04
  39  7.027880E-04 -9.586636E-04  6.218275E-03  6.357512E-03 -2.610075E-03
  40 -2.782951E-02  5.749403E-03 -4.937871E-03 -1.232413E-02  7.480919E-04
  41 -3.479526E-03  4.135070E-03 -3.057808E-02 -3.577154E-02 -1.408231E-03
  42  4.774891E-03 -8.887268E-03 -2.081227E-02 -9.202443E-03  1.579308E-03
  43  1.457315E-02 -5.828248E-03 -4.937833E-03 -1.723720E-02  4.117403E-04
  44 -6.982795E-03 -1.121654E-03  6.143782E-03  7.090124E-05  2.549860E-04
  45  1.093951E-02 -1.606059E-03  1.156572E-02 -2.561239E-03  1.076972E-02
  46  1.819217E-02 -3.556580E-03  1.396414E-02 -2.801097E-03  2.397034E-03
  47  1.390989E-02 -7.890378E-03  2.604432E-02  2.828224E-02 -3.623928E-03
  48 -5.609269E-03  6.295618E-03  1.266626E-02  8.806250E-03 -1.142432E-02
  49 -1.089744E-02  3.239920E-03 -9.390066E-03  1.961165E-02 -7.455470E-03
  50 -1.208914E-03  2.552628E-03  4.207577E-04  2.180728E-03  4.506569E-03
  51 -1.396118E-02  2.711106E-03 -1.695213E-03 -7.959499E-03  1.710446E-03
  52 -4.197543E-04  6.007766E-04 -3.697348E-04 -2.514432E-03  2.463445E-03
  53  2.761766E-03 -3.151069E-04 -5.765709E-03  8.926819E-04 -1.178413E-03
  54  2.531994E-03  8.269363E-05 -1.381099E-04  4.141061E-03  3.672428E-04
  55  7.177725E-03  2.795598E-03 -1.136702E-02  3.398696E-03 -8.194346E-03
  56 -7.655849E-03  4.066060E-03  6.317719E-03 -1.466333E-02  6.558000E-03
  57  1.521811E-02 -7.381365E-03 -1.923138E-03  5.488883E-03 -1.713301E-03
  58 -2.322812E-03 -1.623467E-03  9.635649E-03 -6.879840E-03  2.886311E-03
  59  4.936438E-03  8.139257E-04 -2.342202E-03  9.395792E-04 -1.920466E-03
  60 -1.860415E-03 -1.452642E-04 -1.238596E-03  3.210694E-03  3.743827E-03
  36
  36  3.479654E-02
  37  2.413527E-03  1.383340E-01
  38 -2.545107E-03 -1.075840E-01  3.815864E-01
  39 -1.098129E-02 -5.890934E-05  7.084735E-03  4.146412E-02
  40 -9.693647E-03 -1.512570E-02  4.630992E-03  9.378127E-03  1.417623E+00
  41 -3.276751E-02 -2.913956E-02  1.062690E-02 -3.927490E-03  1.230492E-01
  42  7.180823E-03 -8.382927E-04  1.095870E-02 -2.739282E-02 -1.945072E-02
  43  7.316921E-04 -2.704953E-03  8.152338E-03 -7.204390E-03 -4.794823E-01
  44  1.279226E-03 -3.985572E-03  2.489474E-03 -8.823070E-03 -4.164412E-02
  45 -5.272438E-03  8.506897E-03 -6.912185E-03  1.380775E-02 -2.635890E-03
  46  9.819372E-03  1.295344E-02 -2.994698E-03 -7.218461E-04 -7.709793E-01
  47  3.713255E-02  3.048875E-02 -1.573330E-02  9.061027E-03 -1.314292E-01
  48 -4.325314E-03  4.816775E-03 -6.195314E-03  2.085036E-02 -1.158475E-02
  49 -7.442430E-03 -8.483177E-03 -2.601257E-03 -9.720501E-03  1.231539E-02
  50 -4.258246E-03  4.286237E-03 -9.419403E-04  1.492353E-03 -5.856059E-03
  51 -1.323882E-03 -1.259757E-02 -9.026037E-05 -1.718882E-02  1.834464E-02
  52  3.471506E-04 -1.807788E-03  1.988799E-03 -4.283662E-03 -1.217085E-02
  53 -4.770964E-03 -3.187680E-03  3.964362E-03  1.177127E-03 -2.187621E-03
  54 -3.859646E-03  1.548816E-03  2.477411E-03  1.100200E-03 -8.064313E-03
  55 -5.341562E-03 -1.661589E-02  2.442400E-02 -1.419297E-03 -4.466349E-02
  56 -9.213401E-03 -1.068002E-02 -5.426210E-03 -1.795785E-02  4.426014E-02
  57 -1.198776E-02 -8.766296E-03  3.773660E-03 -1.326987E-02 -1.593912E-02
  58 -1.471105E-03  5.019169E-03 -1.060744E-02  2.271418E-03  3.529882E-02
  59  6.017268E-03 -5.664731E-03  4.354289E-03  3.807320E-03 -1.695655E-02
  60  2.163903E-03  7.423902E-04  4.314456E-03  3.108825E-03  5.094452E-02
  41
  41  1.353047E+00
  42 -8.286496E-02  9.473277E-01
  43 -2.020297E-01  1.971704E-02  5.701674E-01
  44 -2.278681E-01  2.219865E-02  1.131713E-01  2.857719E-01
  45 -1.095512E-02 -3.159350E-01  9.099066E-02  4.214283E-03  4.030336E-01
  46  4.363838E-02 -3.474452E-02 -7.801278E-02 -1.224809E-03 -1.091024E-02
  47 -8.020964E-01  5.528257E-02  1.111045E-01 -6.166459E-02  1.230950E-02
  48  1.386464E-01 -5.653584E-01 -4.438787E-02 -4.745561E-02 -3.010200E-02
  49  1.025051E-01 -1.058191E-02  1.142841E-02 -5.015892E-02 -7.604152E-02
  50 -8.195845E-02  9.777239E-03 -1.636895E-02  1.005295E-02  1.180834E-02
  51 -6.213443E-02  6.108344E-02 -5.242305E-02  2.966538E-02 -3.711160E-02
  52 -2.376845E-02  3.773400E-02  7.513255E-03  6.862858E-03 -4.259124E-04
  53  7.466651E-02 -6.321881E-03  2.369618E-03  8.764839E-04 -1.020217E-02
  54  2.669810E-02 -1.797691E-02 -9.665713E-03 -2.850515E-03  7.989676E-04
  55 -2.424559E-02 -5.627669E-02  3.300791E-03  3.851052E-02 -2.722359E-02
  56  2.673189E-02  5.925702E-03  2.047412E-02 -7.374756E-03  1.700105E-02
  57  3.629166E-02 -1.437344E-01 -1.286818E-02  4.374867E-02  4.373362E-02
  58  7.331502E-02  6.546274E-02 -5.121127E-02 -2.848634E-02 -5.000745E-02
  59 -5.573330E-02  6.620886E-02  1.627955E-04  6.573661E-03 -3.534491E-02
  60 -2.341318E-02  9.398722E-02 -2.777728E-02 -4.624183E-02 -7.892894E-02
  46
  46  1.499438E+00
  47  4.190354E-02  1.539612E+00
  48  9.926326E-02 -7.149646E-02  1.065511E+00
  49 -6.026940E-01 -2.295282E-01 -2.095592E-02  6.304161E-01
  50 -1.107087E-01 -1.790957E-01 -6.155972E-02  1.394353E-01  3.039666E-01
  51 -6.651107E-02  9.284893E-03 -4.701580E-01  1.109341E-01  5.308199E-02
  52 -7.071686E-02  9.418022E-02 -3.224140E-02 -4.134680E-02 -1.466258E-02
  53  4.643930E-02 -4.793740E-01  3.685469E-02  2.061712E-02 -4.396070E-02
  54  3.923236E-02 -1.661794E-02 -4.238136E-02 -1.811235E-02 -1.770436E-02
  55  4.539127E-02 -3.045399E-02  6.352515E-03  2.370071E-02  1.030113E-02
  56  2.203871E-02  3.253588E-02  7.293797E-03 -4.823634E-02 -3.511297E-02
  57  2.152499E-02 -8.683964E-02  9.823850E-02  4.171891E-02 -7.876143E-03
  58 -2.955254E-02 -4.424013E-02 -6.964927E-03  4.251620E-02  6.319849E-04
  59 -1.468734E-02  4.608458E-03 -9.067318E-02  2.058667E-02  4.626487E-02
  60 -5.998212E-02  3.858611E-02 -7.123919E-02  2.295531E-02  4.244445E-02
  51
  51  4.936741E-01
  52  5.692466E-03  1.271400E-01
  53 -2.566163E-02 -5.555549E-02  4.465821E-01
  54 -2.554199E-02 -2.542269E-03  9.449388E-03  8.364904E-02
  55  9.080081E-02  1.721332E-02  4.713959E-03 -3.440002E-03  1.087024E+00
  56 -1.512843E-02  1.814840E-02  4.075668E-03 -1.242037E-03  1.182296E-03
  57  1.859002E-02 -1.280648E-03  1.667226E-02  2.011679E-02 -1.556478E-02
  58 -1.365538E-02 -1.692898E-02 -6.026716E-04 -3.955297E-03 -4.048937E-01
  59  6.649288E-02  2.246832E-03 -1.267122E-02 -1.247653E-02 -5.203487E-02
  60  4.686107E-02 -1.480120E-02 -1.669360E-02 -2.513449E-02  1.551684E-02
  56
  56  1.177976E+00
  57 -4.626744E-03  7.044249E-01
  58 -1.107533E-01  4.355474E-02  3.821868E-01
  59 -4.138971E-01  5.505522E-02  1.046387E-01  4.138890E-01
  60  2.412914E-02 -3.318864E-01 -3.746373E-02 -3.006659E-02  3.232184E-01
&
&valid
version=1.0
geometry
atom_num=20
   6     0.2020439636    -1.4238801912    -0.2052659345
   6     1.1921553572    -0.4025192487    -0.1826174329
   6     0.8349153956     0.9507978200    -0.1128699909
   6    -0.5297304765     1.3496943687    -0.0622751888
   6    -1.5190596377     0.3294805334    -0.0869918100
   1     2.2549103719    -0.6746064885    -0.2231876569
   1     1.6244950384     1.7128979528    -0.1020287451
   1    -2.5806496564     0.6114922736    -0.0533406943
   6    -0.9578386776     2.7826345348     0.0170238519
   6    -0.1530371252     3.8589942987     0.0507969449
   1     0.9398787007     3.7814931449     0.0221499791
   1    -2.0476982327     2.9310022074     0.0498199425
   1    -0.5634565132     4.8737729958     0.1102654513
   6     0.5354001733    -2.8821389986    -0.2792149859
   1    -0.3403008539    -3.5483351556    -0.3031843378
   6     1.7663189551    -3.4216596899    -0.3140130451
   1     2.6785734428    -2.8148347656    -0.2902643719
   1     1.9098467961    -4.5071663140    -0.3675094746
   6    -1.1613182089    -1.0254946803    -0.1578075932
   1    -1.9439272520    -1.7958833504    -0.1771192753
end
molecule
molchg=0
multip=1
qs_cuts=   0    0    0
end
basis
name=sto-3g                          
numd=5
atom_basis_num=0
end
&
