MAEFILE: MoOCl4-sp.01.mae
&gen 
basis=lav2d 
ip1=2 
molchg=-2 
multip=1 
&
&zmat
 Mo1             0.0000000000             0.0000000000            -0.2858792650
 O2              0.0000000000             0.0000000000            -1.9755732650
 Cl3             1.7113652500             1.7113652500             0.4260094850
 Cl4            -1.7113652500             1.7113652500             0.4260094850
 Cl5            -1.7113652500            -1.7113652500             0.4260094850
 Cl6             1.7113652500            -1.7113652500             0.4260094850
&
&guess  basgss=lav2d numd=5
    1 Orbital Energy   -20.295862 Occupation  1.000000 Symmetry A1      
  0.000004965696921 -0.000049300224230 -0.000000000000000 -0.000000000000000
  0.000817548184745  0.000000000000000  0.000000000000000 -0.000085047652203
 -0.000050558046664 -0.000050558046664  0.000101116093328 -0.000000000000000
 -0.000000000000000 -0.000000000000000  0.000239724346948  0.000239724346948
 -0.000479448693896  0.000000000000000  0.000000000000000  0.000000000000000
  0.999800945433716 -0.000583923666070  0.002406577094451 -0.000000000000000
 -0.000000000000000  0.000977678916050  0.000000000000000  0.000000000000000
 -0.000342284524693  0.000022911644944 -0.000164383986160 -0.000007537681799
 -0.000007537681799  0.000021144886091  0.000072501755652  0.000072501755652
 -0.000031931576598  0.000022911644944 -0.000164383986160  0.000007537681799
 -0.000007537681799  0.000021144886091 -0.000072501755652  0.000072501755652
 -0.000031931576598  0.000022911644944 -0.000164383986160  0.000007537681799
  0.000007537681799  0.000021144886091 -0.000072501755652 -0.000072501755652
 -0.000031931576598  0.000022911644944 -0.000164383986160 -0.000007537681799
  0.000007537681799  0.000021144886091  0.000072501755652 -0.000072501755652
 -0.000031931576598
    2 Orbital Energy    -0.969336 Occupation  1.000000 Symmetry A1      
  0.035623461883000  0.005095126968392  0.000000000000000  0.000000000000000
 -0.003642167570827  0.000000000000000  0.000000000000000 -0.002115213505913
 -0.075954088182786 -0.075954088182786  0.151908176365573 -0.000000000000000
 -0.000000000000000 -0.000000000000000  0.000344335008732  0.000344335008732
 -0.000688670017463  0.000000000000000  0.000000000000000  0.000000000000000
 -0.242195130872973  0.533655334620714  0.486326958736384 -0.000000000000000
 -0.000000000000000  0.091723611705121  0.000000000000000  0.000000000000000
 -0.003810212962354  0.002037335487682 -0.000660361489862  0.000275775573714
  0.000275775573714  0.000503443743903 -0.000520694748144 -0.000520694748144
  0.000983625755459  0.002037335487682 -0.000660361489862 -0.000275775573714
  0.000275775573714  0.000503443743903  0.000520694748144 -0.000520694748144
  0.000983625755459  0.002037335487682 -0.000660361489862 -0.000275775573714
 -0.000275775573714  0.000503443743903  0.000520694748144  0.000520694748144
  0.000983625755459  0.002037335487682 -0.000660361489862  0.000275775573714
 -0.000275775573714  0.000503443743903 -0.000520694748144  0.000520694748144
  0.000983625755459
    3 Orbital Energy    -0.720547 Occupation  1.000000 Symmetry A1      
 -0.036832521554762 -0.044486841120552  0.000000000000000  0.000000000000000
 -0.040358600212094 -0.000000000000000 -0.000000000000000  0.004368352648307
 -0.017354549479833 -0.017354549479833  0.034709098959666 -0.000000000000000
 -0.000000000000000 -0.000000000000000 -0.015841579938447 -0.015841579938447
  0.031683159876895 -0.000000000000000 -0.000000000000000 -0.000000000000000
 -0.002878113573739  0.010413955685930 -0.014949855914507 -0.000000000000000
 -0.000000000000000  0.001838243554694 -0.000000000000000 -0.000000000000000
  0.002905171048291 -0.287840695327784 -0.195327063249416  0.013821885448328
  0.013821885448328  0.004309651802497  0.001959903444984  0.001959903444984
 -0.000335646147212 -0.287840695327784 -0.195327063249416 -0.013821885448328
  0.013821885448328  0.004309651802497 -0.001959903444984  0.001959903444984
 -0.000335646147212 -0.287840695327784 -0.195327063249416 -0.013821885448328
 -0.013821885448328  0.004309651802497 -0.001959903444984 -0.001959903444984
 -0.000335646147212 -0.287840695327784 -0.195327063249416  0.013821885448328
 -0.013821885448328  0.004309651802497  0.001959903444984 -0.001959903444984
 -0.000335646147212
    4 Orbital Energy    -0.706207 Occupation  1.000000 Symmetry E/Ap    
  0.000000000000000  0.000000000000000 -0.036543184943757  0.036543184943757
 -0.000000000000000 -0.002593048530862  0.002593048530862 -0.000000000000000
  0.000000000000000 -0.000000000000000 -0.000000000000000  0.000000000000000
 -0.021770396805196  0.021770396805196  0.000000000000000 -0.000000000000000
 -0.000000000000000  0.000000000000000 -0.016988201789574  0.016988201789574
  0.000000000000000  0.000000000000000  0.000000000000000  0.001104570458029
 -0.001104570458029  0.000000000000000  0.001798338558649 -0.001798338558649
  0.000000000000000  0.000000000000000  0.000000000000000 -0.004855501785896
  0.004855501785896 -0.000000000000000  0.003433334751079 -0.003433334751079
  0.000000000000000  0.415525894473513  0.289144538249821  0.014368644054336
 -0.014368644054336 -0.003545486414964  0.001461793392575 -0.001461793392575
 -0.001870243716322  0.000000000000000  0.000000000000000 -0.004855501785896
  0.004855501785896 -0.000000000000000  0.003433334751079 -0.003433334751079
  0.000000000000000 -0.415525894473513 -0.289144538249821  0.014368644054336
 -0.014368644054336  0.003545486414964  0.001461793392575 -0.001461793392575
  0.001870243716322
    5 Orbital Energy    -0.706207 Occupation  1.000000 Symmetry E/App   
  0.000000000000000  0.000000000000000 -0.036543184943760 -0.036543184943760
  0.000000000000000 -0.002593048530860 -0.002593048530860  0.000000000000000
  0.000000000000000  0.000000000000000  0.000000000000000  0.000000000000000
 -0.021770396805195 -0.021770396805195  0.000000000000000  0.000000000000000
  0.000000000000000  0.000000000000000 -0.016988201789574 -0.016988201789574
  0.000000000000000  0.000000000000000  0.000000000000000  0.001104570458029
  0.001104570458029 -0.000000000000000  0.001798338558649  0.001798338558649
 -0.000000000000000 -0.415525894473512 -0.289144538249820  0.014368644054336
  0.014368644054336  0.003545486414965  0.001461793392574  0.001461793392574
  0.001870243716322  0.000000000000000  0.000000000000000 -0.004855501785896
 -0.004855501785896  0.000000000000000  0.003433334751079  0.003433334751079
 -0.000000000000000  0.415525894473512  0.289144538249820  0.014368644054336
  0.014368644054336 -0.003545486414965  0.001461793392574  0.001461793392574
 -0.001870243716322  0.000000000000000  0.000000000000000 -0.004855501785896
 -0.004855501785896  0.000000000000000  0.003433334751079  0.003433334751079
 -0.000000000000000
    6 Orbital Energy    -0.703133 Occupation  1.000000 Symmetry B2      
  0.000000000000000  0.000000000000000  0.000000000000000  0.000000000000000
  0.000000000000000  0.000000000000000  0.000000000000000  0.000000000000000
  0.000000000000000  0.000000000000000  0.000000000000000  0.063791930599740
 -0.000000000000000 -0.000000000000000  0.000000000000000  0.000000000000000
  0.000000000000000  0.051329273939116 -0.000000000000000 -0.000000000000000
  0.000000000000000  0.000000000000000  0.000000000000000  0.000000000000000
  0.000000000000000  0.000000000000000  0.000000000000000  0.000000000000000
  0.000000000000000  0.295058933541536  0.206049062322928 -0.009365148539143
 -0.009365148539143 -0.005659450390444 -0.000996650610275 -0.000996650610275
  0.003596788375071 -0.295058933541536 -0.206049062322928 -0.009365148539143
  0.009365148539143  0.005659450390444 -0.000996650610275  0.000996650610275
 -0.003596788375071  0.295058933541536  0.206049062322928  0.009365148539143
  0.009365148539143 -0.005659450390444  0.000996650610275  0.000996650610275
  0.003596788375071 -0.295058933541536 -0.206049062322928  0.009365148539143
 -0.009365148539143  0.005659450390444  0.000996650610275 -0.000996650610275
 -0.003596788375071
    7 Orbital Energy    -0.274067 Occupation  1.000000 Symmetry A1      
 -0.044337143001043  0.050089018014646  0.000000000000000  0.000000000000000
 -0.061950129553473  0.000000000000000  0.000000000000000 -0.026956055816864
  0.230279943032753  0.230279943032753 -0.460559886065506  0.000000000000000
  0.000000000000000  0.000000000000000  0.003456114319024  0.003456114319024
 -0.006912228638048  0.000000000000000  0.000000000000000  0.000000000000000
 -0.043561658006983  0.086818515545254  0.163219005102026  0.000000000000000
  0.000000000000000 -0.617322373905944  0.000000000000000  0.000000000000000
 -0.234232091654191 -0.011452226282603 -0.008502698988035 -0.018399176729304
 -0.018399176729304 -0.035251987405575 -0.021727117529021 -0.021727117529021
 -0.030800180984729 -0.011452226282603 -0.008502698988035  0.018399176729304
 -0.018399176729304 -0.035251987405575  0.021727117529021 -0.021727117529021
 -0.030800180984729 -0.011452226282603 -0.008502698988035  0.018399176729304
  0.018399176729304 -0.035251987405575  0.021727117529021  0.021727117529021
 -0.030800180984729 -0.011452226282603 -0.008502698988035 -0.018399176729304
  0.018399176729304 -0.035251987405575 -0.021727117529021  0.021727117529021
 -0.030800180984729
    8 Orbital Energy    -0.243031 Occupation  1.000000 Symmetry E/App   
  0.000000000000000  0.000000000000000  0.015876230726106  0.015876230726106
 -0.000000000000000  0.010048541627849  0.010048541627849 -0.000000000000000
  0.000000000000000  0.000000000000000  0.000000000000000  0.000000000000000
 -0.238739243406997 -0.238739243406997  0.000000000000000  0.000000000000000
  0.000000000000000  0.000000000000000 -0.063318772248387 -0.063318772248387
  0.000000000000000  0.000000000000000  0.000000000000000  0.419426112833158
  0.419426112833158 -0.000000000000000  0.212024543023608  0.212024543023608
 -0.000000000000000  0.013464707940231  0.014739872265247  0.047651683088430
  0.047651683088430 -0.058225693529430  0.049247083260010  0.049247083260010
 -0.054259231879660  0.000000000000000  0.000000000000000 -0.011453610134727
 -0.011453610134727  0.000000000000000 -0.012230466719897 -0.012230466719897
  0.000000000000000 -0.013464707940231 -0.014739872265247  0.047651683088430
  0.047651683088430  0.058225693529430  0.049247083260010  0.049247083260010
  0.054259231879660  0.000000000000000  0.000000000000000 -0.011453610134727
 -0.011453610134727  0.000000000000000 -0.012230466719897 -0.012230466719897
  0.000000000000000
    9 Orbital Energy    -0.243031 Occupation  1.000000 Symmetry E/Ap    
  0.000000000000000  0.000000000000000  0.015876230726106 -0.015876230726106
  0.000000000000000  0.010048541627849 -0.010048541627849  0.000000000000000
  0.000000000000000 -0.000000000000000 -0.000000000000000  0.000000000000000
 -0.238739243406997  0.238739243406997  0.000000000000000 -0.000000000000000
 -0.000000000000000  0.000000000000000 -0.063318772248388  0.063318772248388
  0.000000000000000  0.000000000000000  0.000000000000000  0.419426112833158
 -0.419426112833157  0.000000000000000  0.212024543023607 -0.212024543023607
  0.000000000000000  0.000000000000000  0.000000000000000 -0.011453610134727
  0.011453610134727 -0.000000000000000 -0.012230466719897  0.012230466719897
 -0.000000000000000 -0.013464707940231 -0.014739872265247  0.047651683088431
 -0.047651683088431  0.058225693529431  0.049247083260010 -0.049247083260010
  0.054259231879661  0.000000000000000  0.000000000000000 -0.011453610134727
  0.011453610134727 -0.000000000000000 -0.012230466719897  0.012230466719897
 -0.000000000000000  0.013464707940231  0.014739872265247  0.047651683088431
 -0.047651683088431 -0.058225693529431  0.049247083260010 -0.049247083260010
 -0.054259231879661
   10 Orbital Energy    -0.205289 Occupation  1.000000 Symmetry B1      
  0.000000000000000  0.000000000000000  0.000000000000000  0.000000000000000
  0.000000000000000  0.000000000000000  0.000000000000000  0.000000000000000
  0.474532312890274 -0.474532312890274  0.000000000000000  0.000000000000000
 -0.000000000000000  0.000000000000000  0.107587746102443 -0.107587746102443
  0.000000000000000  0.000000000000000 -0.000000000000000  0.000000000000000
  0.000000000000000  0.000000000000000  0.000000000000000  0.000000000000000
  0.000000000000000  0.000000000000000  0.000000000000000  0.000000000000000
  0.000000000000000  0.000000000000000  0.000000000000000  0.126207773939466
 -0.126207773939466  0.000000000000000  0.134408174445536 -0.134408174445535
  0.000000000000000  0.000000000000000  0.000000000000000 -0.126207773939466
 -0.126207773939466  0.000000000000000 -0.134408174445536 -0.134408174445535
  0.000000000000000  0.000000000000000  0.000000000000000 -0.126207773939466
  0.126207773939466 -0.000000000000000 -0.134408174445536  0.134408174445535
 -0.000000000000000  0.000000000000000  0.000000000000000  0.126207773939466
  0.126207773939466 -0.000000000000000  0.134408174445536  0.134408174445535
 -0.000000000000000
   11 Orbital Energy    -0.189682 Occupation  1.000000 Symmetry A1      
 -0.104874157271132 -0.047209492256665  0.000000000000000  0.000000000000000
 -0.080342831481133 -0.000000000000000 -0.000000000000000  0.022410575378682
 -0.019301041063251 -0.019301041063251  0.038602082126503 -0.000000000000000
 -0.000000000000000 -0.000000000000000 -0.008607464207101 -0.008607464207101
  0.017214928414202 -0.000000000000000 -0.000000000000000 -0.000000000000000
 -0.009365526276812  0.029133449715375  0.005888037742920  0.000000000000000
  0.000000000000000 -0.114565284846435  0.000000000000000  0.000000000000000
 -0.061917663777543  0.047532003708613  0.057081770617472  0.153725822651872
  0.153725822651872  0.037458988679754  0.177362841890239  0.177362841890239
  0.045856203969124  0.047532003708613  0.057081770617472 -0.153725822651872
  0.153725822651872  0.037458988679754 -0.177362841890239  0.177362841890239
  0.045856203969124  0.047532003708613  0.057081770617472 -0.153725822651872
 -0.153725822651872  0.037458988679754 -0.177362841890239 -0.177362841890239
  0.045856203969124  0.047532003708613  0.057081770617472  0.153725822651872
 -0.153725822651872  0.037458988679754  0.177362841890239 -0.177362841890239
  0.045856203969124
   12 Orbital Energy    -0.170396 Occupation  1.000000 Symmetry B2      
  0.000000000000000  0.000000000000000  0.000000000000000  0.000000000000000
  0.000000000000000  0.000000000000000  0.000000000000000  0.000000000000000
  0.000000000000000  0.000000000000000  0.000000000000000  0.285147161680560
 -0.000000000000000 -0.000000000000000  0.000000000000000  0.000000000000000
  0.000000000000000  0.099977273733619 -0.000000000000000 -0.000000000000000
  0.000000000000000  0.000000000000000  0.000000000000000  0.000000000000000
  0.000000000000000  0.000000000000000  0.000000000000000  0.000000000000000
  0.000000000000000 -0.028304946400583 -0.049462054052045 -0.140033199905219
 -0.140033199905219 -0.112443717152612 -0.158056491399649 -0.158056491399649
 -0.119984465707637  0.028304946400583  0.049462054052045 -0.140033199905219
  0.140033199905219  0.112443717152612 -0.158056491399649  0.158056491399649
  0.119984465707637 -0.028304946400583 -0.049462054052045  0.140033199905219
  0.140033199905219 -0.112443717152612  0.158056491399649  0.158056491399649
 -0.119984465707637  0.028304946400583  0.049462054052045  0.140033199905219
 -0.140033199905219  0.112443717152612  0.158056491399649 -0.158056491399649
  0.119984465707637
   13 Orbital Energy    -0.160629 Occupation  1.000000 Symmetry E/Ap    
  0.000000000000000  0.000000000000000 -0.096209162777526  0.096209162777526
 -0.000000000000000  0.025230096002965 -0.025230096002965  0.000000000000000
  0.000000000000000 -0.000000000000000 -0.000000000000000  0.000000000000000
 -0.040583863179780  0.040583863179780  0.000000000000000 -0.000000000000000
 -0.000000000000000  0.000000000000000 -0.031846560779794  0.031846560779794
  0.000000000000000  0.000000000000000  0.000000000000000 -0.116000689638741
  0.116000689638741 -0.000000000000000 -0.068296226608239  0.068296226608239
 -0.000000000000000  0.000000000000000  0.000000000000000 -0.133643212221266
  0.133643212221266 -0.000000000000000 -0.144510880006552  0.144510880006552
 -0.000000000000000 -0.040727238391004 -0.069118716223976  0.190428930609393
 -0.190428930609393 -0.024183383327405  0.204837400528563 -0.204837400528563
 -0.023027042606976  0.000000000000000  0.000000000000000 -0.133643212221266
  0.133643212221266 -0.000000000000000 -0.144510880006552  0.144510880006552
 -0.000000000000000  0.040727238391004  0.069118716223976  0.190428930609393
 -0.190428930609393  0.024183383327405  0.204837400528563 -0.204837400528563
  0.023027042606976
   14 Orbital Energy    -0.160629 Occupation  1.000000 Symmetry E/App   
  0.000000000000000  0.000000000000000 -0.096209162777526 -0.096209162777526
  0.000000000000000  0.025230096002965  0.025230096002965 -0.000000000000000
  0.000000000000000  0.000000000000000  0.000000000000000  0.000000000000000
 -0.040583863179780 -0.040583863179780  0.000000000000000  0.000000000000000
  0.000000000000000  0.000000000000000 -0.031846560779794 -0.031846560779794
  0.000000000000000  0.000000000000000  0.000000000000000 -0.116000689638740
 -0.116000689638740  0.000000000000000 -0.068296226608238 -0.068296226608238
  0.000000000000000  0.040727238391004  0.069118716223977  0.190428930609391
  0.190428930609391  0.024183383327406  0.204837400528561  0.204837400528561
  0.023027042606977  0.000000000000000  0.000000000000000 -0.133643212221268
 -0.133643212221268  0.000000000000000 -0.144510880006553 -0.144510880006553
  0.000000000000000 -0.040727238391004 -0.069118716223977  0.190428930609391
  0.190428930609391 -0.024183383327406  0.204837400528561  0.204837400528561
 -0.023027042606977  0.000000000000000  0.000000000000000 -0.133643212221268
 -0.133643212221268  0.000000000000000 -0.144510880006553 -0.144510880006553
  0.000000000000000
   15 Orbital Energy    -0.144451 Occupation  1.000000 Symmetry A1      
 -0.024087641656300  0.007987287327842 -0.000000000000000 -0.000000000000000
  0.055535929319714 -0.000000000000000 -0.000000000000000  0.048330434774338
  0.003020780585860  0.003020780585860 -0.006041561171720  0.000000000000000
  0.000000000000000  0.000000000000000 -0.029313457201841 -0.029313457201841
  0.058626914403682 -0.000000000000000 -0.000000000000000 -0.000000000000000
 -0.007418244145439  0.011012075024221  0.029746729101825  0.000000000000000
  0.000000000000000 -0.129163488864664  0.000000000000000  0.000000000000000
 -0.062498899540727 -0.001412351093234 -0.000605535653414 -0.033086372050588
 -0.033086372050588  0.233131411167952 -0.040947935318083 -0.040947935318083
  0.263914944909645 -0.001412351093234 -0.000605535653414  0.033086372050588
 -0.033086372050588  0.233131411167952  0.040947935318083 -0.040947935318083
  0.263914944909645 -0.001412351093234 -0.000605535653414  0.033086372050588
  0.033086372050588  0.233131411167952  0.040947935318083  0.040947935318083
  0.263914944909645 -0.001412351093234 -0.000605535653414 -0.033086372050588
  0.033086372050588  0.233131411167952 -0.040947935318083  0.040947935318083
  0.263914944909645
   16 Orbital Energy    -0.124020 Occupation  1.000000 Symmetry E/App   
  0.000000000000000  0.000000000000000 -0.011177111845249 -0.011177111845249
  0.000000000000000  0.008906657796780  0.008906657796780 -0.000000000000000
  0.000000000000000  0.000000000000000  0.000000000000000  0.000000000000000
 -0.032950923580210 -0.032950923580210 -0.000000000000000 -0.000000000000000
 -0.000000000000000 -0.000000000000000  0.033774744155733  0.033774744155733
  0.000000000000000  0.000000000000000  0.000000000000000  0.106108925816502
  0.106108925816502 -0.000000000000000  0.076221040482785  0.076221040482785
 -0.000000000000000  0.002128393073955 -0.005519413968732  0.009361179597542
  0.009361179597542  0.344300819843530  0.017000639799466  0.017000639799466
  0.408356343636628  0.000000000000000  0.000000000000000  0.025821008355634
  0.025821008355634 -0.000000000000000  0.029657813834596  0.029657813834596
 -0.000000000000000 -0.002128393073955  0.005519413968732  0.009361179597542
  0.009361179597542 -0.344300819843530  0.017000639799466  0.017000639799466
 -0.408356343636628  0.000000000000000  0.000000000000000  0.025821008355634
  0.025821008355634 -0.000000000000000  0.029657813834596  0.029657813834596
 -0.000000000000000
   17 Orbital Energy    -0.124020 Occupation  1.000000 Symmetry E/Ap    
  0.000000000000000  0.000000000000000 -0.011177111845250  0.011177111845250
 -0.000000000000000  0.008906657796781 -0.008906657796781  0.000000000000000
  0.000000000000000 -0.000000000000000 -0.000000000000000  0.000000000000000
 -0.032950923580210  0.032950923580210 -0.000000000000000  0.000000000000000
  0.000000000000000 -0.000000000000000  0.033774744155733 -0.033774744155733
  0.000000000000000  0.000000000000000  0.000000000000000  0.106108925816501
 -0.106108925816501  0.000000000000000  0.076221040482785 -0.076221040482785
  0.000000000000000  0.000000000000000  0.000000000000000  0.025821008355637
 -0.025821008355637  0.000000000000000  0.029657813834600 -0.029657813834600
  0.000000000000000 -0.002128393073955  0.005519413968732  0.009361179597544
 -0.009361179597544 -0.344300819843529  0.017000639799469 -0.017000639799469
 -0.408356343636627  0.000000000000000  0.000000000000000  0.025821008355637
 -0.025821008355637  0.000000000000000  0.029657813834600 -0.029657813834600
  0.000000000000000  0.002128393073955 -0.005519413968732  0.009361179597544
 -0.009361179597544  0.344300819843529  0.017000639799469 -0.017000639799469
  0.408356343636627
   18 Orbital Energy    -0.114026 Occupation  1.000000 Symmetry B2      
  0.000000000000000  0.000000000000000  0.000000000000000  0.000000000000000
  0.000000000000000  0.000000000000000  0.000000000000000  0.000000000000000
  0.000000000000000  0.000000000000000  0.000000000000000  0.042587465822120
 -0.000000000000000 -0.000000000000000 -0.000000000000000 -0.000000000000000
 -0.000000000000000 -0.026969802217758  0.000000000000000  0.000000000000000
  0.000000000000000  0.000000000000000  0.000000000000000  0.000000000000000
  0.000000000000000  0.000000000000000  0.000000000000000  0.000000000000000
  0.000000000000000  0.001547917311967  0.010016106383189 -0.085157550570887
 -0.085157550570887  0.222940002399120 -0.110736780441269 -0.110736780441269
  0.263323173416313 -0.001547917311967 -0.010016106383189 -0.085157550570887
  0.085157550570887 -0.222940002399120 -0.110736780441269  0.110736780441269
 -0.263323173416313  0.001547917311967  0.010016106383189  0.085157550570887
  0.085157550570887  0.222940002399120  0.110736780441269  0.110736780441269
  0.263323173416313 -0.001547917311967 -0.010016106383189  0.085157550570887
 -0.085157550570887 -0.222940002399120  0.110736780441269 -0.110736780441269
 -0.263323173416313
   19 Orbital Energy    -0.111780 Occupation  1.000000 Symmetry E/Ap    
  0.000000000000000  0.000000000000000 -0.033090670447399  0.033090670447399
 -0.000000000000000  0.059063788791466 -0.059063788791466  0.000000000000000
  0.000000000000000 -0.000000000000000 -0.000000000000000  0.000000000000000
 -0.027457409395208  0.027457409395208  0.000000000000000 -0.000000000000000
 -0.000000000000000  0.000000000000000 -0.015500957958380  0.015500957958380
  0.000000000000000  0.000000000000000  0.000000000000000 -0.063521845221522
  0.063521845221522 -0.000000000000000 -0.044429093425130  0.044429093425130
 -0.000000000000000  0.000000000000000  0.000000000000000  0.212722878422574
 -0.212722878422574  0.000000000000000  0.250541829335135 -0.250541829335135
  0.000000000000000  0.006907841279004  0.008132946187899  0.137839924943702
 -0.137839924943702  0.031097794232231  0.156848919587974 -0.156848919587974
  0.034671247799742  0.000000000000000  0.000000000000000  0.212722878422574
 -0.212722878422574  0.000000000000000  0.250541829335135 -0.250541829335135
  0.000000000000000 -0.006907841279004 -0.008132946187899  0.137839924943702
 -0.137839924943702 -0.031097794232231  0.156848919587974 -0.156848919587974
 -0.034671247799742
   20 Orbital Energy    -0.111780 Occupation  1.000000 Symmetry E/App   
  0.000000000000000  0.000000000000000 -0.033090670447400 -0.033090670447400
  0.000000000000000  0.059063788791467  0.059063788791467 -0.000000000000000
  0.000000000000000  0.000000000000000  0.000000000000000  0.000000000000000
 -0.027457409395208 -0.027457409395208  0.000000000000000  0.000000000000000
  0.000000000000000  0.000000000000000 -0.015500957958380 -0.015500957958380
  0.000000000000000  0.000000000000000  0.000000000000000 -0.063521845221521
 -0.063521845221521  0.000000000000000 -0.044429093425129 -0.044429093425129
  0.000000000000000 -0.006907841279003 -0.008132946187899  0.137839924943704
  0.137839924943704 -0.031097794232225  0.156848919587976  0.156848919587976
 -0.034671247799735  0.000000000000000  0.000000000000000  0.212722878422574
  0.212722878422574 -0.000000000000000  0.250541829335135  0.250541829335135
 -0.000000000000000  0.006907841279003  0.008132946187899  0.137839924943704
  0.137839924943704  0.031097794232225  0.156848919587976  0.156848919587976
  0.034671247799735  0.000000000000000  0.000000000000000  0.212722878422574
  0.212722878422574 -0.000000000000000  0.250541829335135  0.250541829335135
 -0.000000000000000
   21 Orbital Energy    -0.095476 Occupation  1.000000 Symmetry A2      
  0.000000000000000  0.000000000000000  0.000000000000000  0.000000000000000
  0.000000000000000  0.000000000000000  0.000000000000000  0.000000000000000
  0.000000000000000  0.000000000000000  0.000000000000000  0.000000000000000
  0.000000000000000  0.000000000000000  0.000000000000000  0.000000000000000
  0.000000000000000  0.000000000000000  0.000000000000000  0.000000000000000
  0.000000000000000  0.000000000000000  0.000000000000000  0.000000000000000
  0.000000000000000  0.000000000000000  0.000000000000000  0.000000000000000
  0.000000000000000  0.000000000000000  0.000000000000000 -0.188046253117876
  0.188046253117876 -0.000000000000000 -0.217308201458560  0.217308201458560
 -0.000000000000000  0.000000000000000  0.000000000000000 -0.188046253117876
 -0.188046253117876  0.000000000000000 -0.217308201458560 -0.217308201458560
  0.000000000000000  0.000000000000000  0.000000000000000  0.188046253117876
 -0.188046253117876  0.000000000000000  0.217308201458560 -0.217308201458560
  0.000000000000000  0.000000000000000  0.000000000000000  0.188046253117876
  0.188046253117876 -0.000000000000000  0.217308201458560  0.217308201458560
 -0.000000000000000
   22 Orbital Energy    -0.075059 Occupation  1.000000 Symmetry B1      
  0.000000000000000  0.000000000000000  0.000000000000000  0.000000000000000
  0.000000000000000  0.000000000000000  0.000000000000000  0.000000000000000
 -0.655125128387244  0.655125128387243 -0.000000000000000 -0.000000000000000
  0.000000000000000 -0.000000000000000 -0.104961051130051  0.104961051130051
 -0.000000000000000 -0.000000000000000  0.000000000000000 -0.000000000000000
  0.000000000000000  0.000000000000000  0.000000000000000  0.000000000000000
  0.000000000000000  0.000000000000000  0.000000000000000  0.000000000000000
  0.000000000000000  0.000000000000000  0.000000000000000  0.118204225906165
 -0.118204225906165  0.000000000000000  0.154609521716800 -0.154609521716800
  0.000000000000000  0.000000000000000  0.000000000000000 -0.118204225906165
 -0.118204225906165  0.000000000000000 -0.154609521716800 -0.154609521716800
  0.000000000000000  0.000000000000000  0.000000000000000 -0.118204225906165
  0.118204225906165 -0.000000000000000 -0.154609521716800  0.154609521716800
 -0.000000000000000  0.000000000000000  0.000000000000000  0.118204225906165
  0.118204225906165 -0.000000000000000  0.154609521716800  0.154609521716800
 -0.000000000000000
   23 Orbital Energy     0.318637 Occupation  0.000000 Symmetry A1      
  0.007662622252212  0.012875166526741 -0.000000000000000 -0.000000000000000
  0.637871104056943  0.000000000000000  0.000000000000000 -1.367968131013042
 -0.066829244167060 -0.066829244167060  0.133658488334119 -0.000000000000000
 -0.000000000000000 -0.000000000000000  0.029188361774614  0.029188361774614
 -0.058376723549227  0.000000000000000  0.000000000000000  0.000000000000000
  0.018364562157507 -0.047011033474879 -0.001788129504091 -0.000000000000000
 -0.000000000000000  0.006397077886485 -0.000000000000000 -0.000000000000000
  0.042720157318342  0.018296564840857  0.037566605905347 -0.008958293736188
 -0.008958293736188  0.030081071504637  0.021377006034998  0.021377006034998
  0.105262037081315  0.018296564840857  0.037566605905347  0.008958293736188
 -0.008958293736188  0.030081071504637 -0.021377006034998  0.021377006034998
  0.105262037081315  0.018296564840857  0.037566605905347  0.008958293736188
  0.008958293736188  0.030081071504637 -0.021377006034998 -0.021377006034998
  0.105262037081315  0.018296564840857  0.037566605905347 -0.008958293736188
  0.008958293736188  0.030081071504637  0.021377006034998 -0.021377006034998
  0.105262037081315
   24 Orbital Energy     0.336003 Occupation  0.000000 Symmetry E/Ap    
  0.000000000000000  0.000000000000000  0.377958081079353 -0.377958081079353
  0.000000000000000 -0.984065611482785  0.984065611482785 -0.000000000000000
  0.000000000000000 -0.000000000000000 -0.000000000000000  0.000000000000000
 -0.181612421004118  0.181612421004118  0.000000000000000 -0.000000000000000
 -0.000000000000000  0.000000000000000 -0.052171778282151  0.052171778282151
  0.000000000000000  0.000000000000000  0.000000000000000 -0.035729581426307
  0.035729581426307 -0.000000000000000 -0.056303864893924  0.056303864893924
 -0.000000000000000  0.000000000000000  0.000000000000000  0.033662603837655
 -0.033662603837655  0.000000000000000  0.085478884549019 -0.085478884549019
  0.000000000000000 -0.077748991236479 -0.221873421685369 -0.002159757709665
  0.002159757709665 -0.001144242652240  0.086848515918812 -0.086848515918812
 -0.033857136186954  0.000000000000000  0.000000000000000  0.033662603837655
 -0.033662603837655  0.000000000000000  0.085478884549019 -0.085478884549019
  0.000000000000000  0.077748991236479  0.221873421685369 -0.002159757709665
  0.002159757709665  0.001144242652240  0.086848515918812 -0.086848515918812
  0.033857136186954
   25 Orbital Energy     0.336003 Occupation  0.000000 Symmetry E/App   
  0.000000000000000  0.000000000000000  0.377958081079354  0.377958081079354
 -0.000000000000000 -0.984065611482785 -0.984065611482785  0.000000000000000
  0.000000000000000  0.000000000000000  0.000000000000000  0.000000000000000
 -0.181612421004119 -0.181612421004119  0.000000000000000  0.000000000000000
  0.000000000000000  0.000000000000000 -0.052171778282152 -0.052171778282152
  0.000000000000000  0.000000000000000  0.000000000000000 -0.035729581426307
 -0.035729581426307  0.000000000000000 -0.056303864893925 -0.056303864893925
  0.000000000000000  0.077748991236479  0.221873421685370 -0.002159757709665
 -0.002159757709665  0.001144242652241  0.086848515918812  0.086848515918812
  0.033857136186953  0.000000000000000  0.000000000000000  0.033662603837655
  0.033662603837655 -0.000000000000000  0.085478884549019  0.085478884549019
 -0.000000000000000 -0.077748991236479 -0.221873421685370 -0.002159757709665
 -0.002159757709665 -0.001144242652241  0.086848515918812  0.086848515918812
 -0.033857136186953  0.000000000000000  0.000000000000000  0.033662603837655
  0.033662603837655 -0.000000000000000  0.085478884549019  0.085478884549019
 -0.000000000000000
   26 Orbital Energy     0.371697 Occupation  0.000000 Symmetry E/App   
  0.000000000000000  0.000000000000000  0.195020305908959  0.195020305908959
 -0.000000000000000 -0.311537306399079 -0.311537306399079  0.000000000000000
 -0.000000000000000 -0.000000000000000 -0.000000000000000 -0.000000000000000
  0.562700900667239  0.562700900667239 -0.000000000000000 -0.000000000000000
 -0.000000000000000 -0.000000000000000  0.255452395370121  0.255452395370121
  0.000000000000000  0.000000000000000  0.000000000000000  0.232910596854671
  0.232910596854671 -0.000000000000000  0.248941277685981  0.248941277685981
 -0.000000000000000 -0.019414349778729 -0.056640803400963  0.066765273885313
  0.066765273885313 -0.038365991223804  0.181241918532320  0.181241918532320
 -0.061722035541191  0.000000000000000  0.000000000000000  0.004228982894027
  0.004228982894027 -0.000000000000000 -0.008707461462803 -0.008707461462803
  0.000000000000000  0.019414349778729  0.056640803400963  0.066765273885313
  0.066765273885313  0.038365991223804  0.181241918532320  0.181241918532320
  0.061722035541191  0.000000000000000  0.000000000000000  0.004228982894027
  0.004228982894027 -0.000000000000000 -0.008707461462803 -0.008707461462803
  0.000000000000000
   27 Orbital Energy     0.371697 Occupation  0.000000 Symmetry E/Ap    
  0.000000000000000  0.000000000000000  0.195020305908959 -0.195020305908959
  0.000000000000000 -0.311537306399077  0.311537306399076 -0.000000000000000
 -0.000000000000000  0.000000000000000  0.000000000000000 -0.000000000000000
  0.562700900667240 -0.562700900667240 -0.000000000000000  0.000000000000000
  0.000000000000000 -0.000000000000000  0.255452395370122 -0.255452395370122
  0.000000000000000  0.000000000000000  0.000000000000000  0.232910596854671
 -0.232910596854671  0.000000000000000  0.248941277685981 -0.248941277685981
  0.000000000000000  0.000000000000000  0.000000000000000  0.004228982894027
 -0.004228982894027  0.000000000000000 -0.008707461462803  0.008707461462803
 -0.000000000000000  0.019414349778729  0.056640803400965  0.066765273885313
 -0.066765273885313  0.038365991223804  0.181241918532320 -0.181241918532320
  0.061722035541191  0.000000000000000  0.000000000000000  0.004228982894027
 -0.004228982894027  0.000000000000000 -0.008707461462803  0.008707461462803
 -0.000000000000000 -0.019414349778729 -0.056640803400965  0.066765273885313
 -0.066765273885313 -0.038365991223804  0.181241918532320 -0.181241918532320
 -0.061722035541191
   28 Orbital Energy     0.393527 Occupation  0.000000 Symmetry A1      
  0.039346262743138 -0.214357809632689  0.000000000000000  0.000000000000000
 -0.452339831799421  0.000000000000000  0.000000000000000 -0.046449006936831
  0.293844920672300  0.293844920672299 -0.587689841344599  0.000000000000000
  0.000000000000000  0.000000000000000  0.195651833448795  0.195651833448794
 -0.391303666897589  0.000000000000000  0.000000000000000  0.000000000000000
 -0.021028370356287  0.052077007284901  0.173713263237555 -0.000000000000000
 -0.000000000000000  0.329183248278586 -0.000000000000000 -0.000000000000000
  0.256785388679459  0.001996197896045  0.018397010897556  0.004823466522543
  0.004823466522543  0.080590298933509 -0.007346381110979 -0.007346381110979
  0.161616387058102  0.001996197896045  0.018397010897556 -0.004823466522543
  0.004823466522543  0.080590298933509  0.007346381110979 -0.007346381110979
  0.161616387058102  0.001996197896045  0.018397010897556 -0.004823466522543
 -0.004823466522543  0.080590298933509  0.007346381110979  0.007346381110979
  0.161616387058102  0.001996197896045  0.018397010897556  0.004823466522543
 -0.004823466522543  0.080590298933509 -0.007346381110979  0.007346381110979
  0.161616387058102
   29 Orbital Energy     0.403054 Occupation  0.000000 Symmetry B2      
  0.000000000000000  0.000000000000000  0.000000000000000  0.000000000000000
  0.000000000000000  0.000000000000000  0.000000000000000  0.000000000000000
 -0.000000000000000 -0.000000000000000 -0.000000000000000 -0.862410622101552
  0.000000000000000  0.000000000000000 -0.000000000000000 -0.000000000000000
 -0.000000000000000 -0.457155855109394  0.000000000000000  0.000000000000000
  0.000000000000000  0.000000000000000  0.000000000000000  0.000000000000000
  0.000000000000000  0.000000000000000  0.000000000000000  0.000000000000000
  0.000000000000000  0.068861799648391  0.178244360226432 -0.072672546983331
 -0.072672546983331 -0.047876919422663 -0.183343024373959 -0.183343024373959
 -0.122425323691263 -0.068861799648391 -0.178244360226432 -0.072672546983331
  0.072672546983331  0.047876919422663 -0.183343024373959  0.183343024373959
  0.122425323691263  0.068861799648391  0.178244360226432  0.072672546983331
  0.072672546983331 -0.047876919422663  0.183343024373959  0.183343024373959
 -0.122425323691263 -0.068861799648391 -0.178244360226432  0.072672546983331
 -0.072672546983331  0.047876919422663  0.183343024373959 -0.183343024373959
  0.122425323691263
   30 Orbital Energy     0.461375 Occupation  0.000000 Symmetry A1      
 -0.306334853088909 -1.427448223137469 -0.000000000000000 -0.000000000000000
  0.032402057361938  0.000000000000000  0.000000000000000 -0.046099398695676
 -0.078343117439149 -0.078343117439149  0.156686234878297 -0.000000000000000
 -0.000000000000000 -0.000000000000000  0.043402148092484  0.043402148092484
 -0.086804296184968  0.000000000000000  0.000000000000000  0.000000000000000
 -0.043070906197111  0.051647714556849  0.479581957545817  0.000000000000000
  0.000000000000000 -0.045896335993046 -0.000000000000000 -0.000000000000000
  0.076825175034773  0.117746496031435  0.298789293644849 -0.041955669761803
 -0.041955669761803 -0.023779596176784 -0.188667490715650 -0.188667490715650
 -0.072250987175040  0.117746496031435  0.298789293644849  0.041955669761803
 -0.041955669761803 -0.023779596176784  0.188667490715650 -0.188667490715650
 -0.072250987175040  0.117746496031435  0.298789293644849  0.041955669761803
  0.041955669761803 -0.023779596176784  0.188667490715650  0.188667490715650
 -0.072250987175040  0.117746496031435  0.298789293644849 -0.041955669761803
  0.041955669761803 -0.023779596176784 -0.188667490715650  0.188667490715650
 -0.072250987175040
   31 Orbital Energy     0.640835 Occupation  0.000000 Symmetry A1      
  0.073733673368222 -0.236819009386419 -0.000000000000000 -0.000000000000000
  1.664724498625046  0.000000000000000  0.000000000000000 -0.560630668376635
  0.318971399133179  0.318971399133179 -0.637942798266358  0.000000000000000
  0.000000000000000  0.000000000000000  0.024942520043371  0.024942520043371
 -0.049885040086742  0.000000000000000  0.000000000000000  0.000000000000000
 -0.075726801674212  0.132527646161113  0.823905875106333 -0.000000000000000
 -0.000000000000000  0.172635185779657 -0.000000000000000 -0.000000000000000
  0.309564559516485 -0.029986481799290 -0.094012641795903  0.054801151450844
  0.054801151450844 -0.033626249684651  0.115417476260993  0.115417476260993
 -0.089090486359661 -0.029986481799290 -0.094012641795903 -0.054801151450844
  0.054801151450844 -0.033626249684651 -0.115417476260993  0.115417476260993
 -0.089090486359661 -0.029986481799290 -0.094012641795903 -0.054801151450844
 -0.054801151450844 -0.033626249684651 -0.115417476260993 -0.115417476260993
 -0.089090486359661 -0.029986481799290 -0.094012641795903  0.054801151450844
 -0.054801151450844 -0.033626249684651  0.115417476260993 -0.115417476260993
 -0.089090486359661
   32 Orbital Energy     0.677471 Occupation  0.000000 Symmetry E/Ap    
  0.000000000000000  0.000000000000000 -1.542799042633716  1.542799042633715
 -0.000000000000000  0.412879720209069 -0.412879720209069  0.000000000000000
  0.000000000000000 -0.000000000000000 -0.000000000000000  0.000000000000000
 -0.099823877396646  0.099823877396646 -0.000000000000000  0.000000000000000
  0.000000000000000 -0.000000000000000  0.139598680161874 -0.139598680161874
  0.000000000000000  0.000000000000000  0.000000000000000  0.160385115116527
 -0.160385115116527  0.000000000000000  0.232695708838682 -0.232695708838682
  0.000000000000000  0.000000000000000  0.000000000000000  0.045484125018644
 -0.045484125018644  0.000000000000000  0.122147177950126 -0.122147177950126
  0.000000000000000 -0.142617309274084 -0.520456602936119 -0.057421777747968
  0.057421777747968  0.070750132441462 -0.330305960622884  0.330305960622884
  0.235946740702382  0.000000000000000  0.000000000000000  0.045484125018644
 -0.045484125018644  0.000000000000000  0.122147177950126 -0.122147177950126
  0.000000000000000  0.142617309274084  0.520456602936119 -0.057421777747968
  0.057421777747968 -0.070750132441462 -0.330305960622884  0.330305960622884
 -0.235946740702382
&
&valid
version=1.0
geometry
atom_num=6
  42     0.0000000000     0.0000000000    -0.2858792650
   8     0.0000000000     0.0000000000    -1.9755732650
  17     1.7113652500     1.7113652500     0.4260094850
  17    -1.7113652500     1.7113652500     0.4260094850
  17    -1.7113652500    -1.7113652500     0.4260094850
  17     1.7113652500    -1.7113652500     0.4260094850
end
molecule
molchg=-2
multip=1
qs_cuts=   0    0    0
end
basis
name=lav2d                           
numd=5
atom_basis_num=0
end
&
