MAEFILE: water_cis.01.mae
&gen 
nroot=5 
isymm=0 
basis=6-31g 
icis=1 
&
&zmat
 O1
 H1    O1  r1
 H2    O1  r1    H1  a1
&
&zvar
  r1 =     0.99
  a1 =   106.0
&
&guess  basgss=ps_6-31g numd=6
    1 Orbital Energy   -20.565742 Occupation  1.000000
 -0.995806274952002 -0.021808756561717 -0.001623540659017 -0.000000000000001
 -0.001223425639121  0.007837014238478  0.001515388875667  0.000000000000001
  0.001141927424707 -0.000169535756660 -0.001882090797616 -0.000169535756671
 -0.001882090797676
    2 Orbital Energy    -1.337946 Occupation  1.000000
 -0.213443864977370  0.470920501184799  0.081422770141329  0.000000000000419
  0.061356458209358  0.491850929378088  0.048908851647567  0.000000000000057
  0.036855463244479  0.131668346267412 -0.006449547017887  0.131668346271816
 -0.006449547022394
    3 Orbital Energy    -0.694604 Occupation  1.000000
  0.000000000000350 -0.000000000002066  0.300960491423709 -0.000000000002161
 -0.399388061651070  0.000000000006669  0.167325347127427 -0.000000000001295
 -0.222048235424663 -0.257141530853637 -0.129383933795564  0.257141530860942
  0.129383933777849
    4 Orbital Energy    -0.552896 Occupation  1.000000
 -0.073492561725679  0.177128663775956 -0.438296148483388 -0.000000000003048
 -0.330279837836579  0.294664087162433 -0.324974068626753 -0.000000000002124
 -0.244885525601426 -0.143555454279823 -0.088293495523546 -0.143555454275992
 -0.088293495539837
    5 Orbital Energy    -0.498945 Occupation  1.000000
 -0.000000000000231  0.000000000000422 -0.000000000000470  0.642307522914823
 -0.000000000003700  0.000000000001863  0.000000000001645  0.509259358001180
 -0.000000000005326  0.000000000001864  0.000000000001134 -0.000000000001361
 -0.000000000004196
    6 Orbital Energy     0.196204 Occupation  0.000000
 -0.084963608865688  0.107704000432644  0.192441984837300  0.000000000000074
  0.145015437042653  1.127282409400745  0.380380158438816 -0.000000000000870
  0.286637008814524 -0.067596649841158 -0.967253173309532 -0.067596649821973
 -0.967253173741758
    7 Orbital Energy     0.290650 Occupation  0.000000
 -0.000000000014346  0.000000000069213 -0.208756225460910 -0.000000000000594
  0.277028868045458  0.000000000081312 -0.490242772801052  0.000000000004446
  0.650574133040666 -0.049923748228547 -1.316664823538083  0.049923748256361
  1.316664823280411
    8 Orbital Energy     1.053270 Occupation  0.000000
 -0.000000000001073 -0.000000000049674 -0.094934275378368 -0.000000000003923
  0.125982038542496  0.000000000083954 -0.361426080424342  0.000000000006987
  0.479628608518851 -0.976131425764430  0.588944131159459  0.976131425567398
 -0.588944131087696
    9 Orbital Energy     1.136883 Occupation  0.000000
  0.060069148494163 -0.313039420364513 -0.393596642036165  0.000000000057120
 -0.296596343731073  0.228653767597216  0.012094555377561 -0.000000000062828
  0.009113901288521  0.914378889607545 -0.581353252320149  0.914378889755667
 -0.581353252394477
   10 Orbital Energy     1.165040 Occupation  0.000000
 -0.000000000003203  0.000000000017446  0.000000000023334  0.960982538742700
  0.000000000028076 -0.000000000016101 -0.000000000005354 -1.037642183052311
 -0.000000000009952 -0.000000000057881  0.000000000041086 -0.000000000046403
  0.000000000031007
   11 Orbital Energy     1.217247 Occupation  0.000000
  0.056105902880111 -0.396452379029706  0.673624937835806 -0.000000000006932
  0.507612800127553  0.096812321779461 -0.936501171130248  0.000000000007192
 -0.705704250369505  0.339485165321438  0.014556491925688  0.339485165363666
  0.014556491928232
   12 Orbital Energy     1.372512 Occupation  0.000000
  0.000000000010033 -0.000000000195216 -0.616650762869137 -0.000000000006433
  0.818323201586324  0.000000000274902  0.949127943541021  0.000000000006601
 -1.259535322440585 -0.010087605462933  0.824587359044677  0.010087605433237
 -0.824587359172591
   13 Orbital Energy     1.689216 Occupation  0.000000
 -0.057299878478228  1.664051477632947  0.177992522434489 -0.000000000000942
  0.134126986299135 -2.646239551522265 -0.664564952138697  0.000000000000909
 -0.500785611447925  0.443294009194165  0.575962813040269  0.443294009286326
  0.575962812720043
&
&valid
version=1.0
geometry
atom_num=3
   8     0.0000000000     0.0000000000     0.0000000000
   1     0.0000000000     0.0000000000     0.9900000000
   1     0.9516490790     0.0000000000    -0.2728809823
end
molecule
molchg=0
multip=1
qs_cuts=   0    0    0
end
basis
name=ps_6-31g                        
numd=6
atom_basis_num=0
end
&
