MAEFILE: water_lmp2.01.mae
&gen 
basis=6-31g 
mp2=3 
&
&zmat
 O1
 H1    O1  r1
 H2    O1  r1    H1  a1
&
&zvar
  r1 =     0.99
  a1 =   106.0
&
&guess  basgss=ps_6-31g numd=6
    1 Orbital Energy   -20.565742 Occupation  1.000000
 -0.995806274939123 -0.021808756608275 -0.001623540659070 -0.000000000000001
 -0.001223425639161  0.007837014225257  0.001515388869944  0.000000000000001
  0.001141927420394 -0.000169535750601 -0.001882090792658 -0.000169535750612
 -0.001882090792718
    2 Orbital Energy    -0.918430 Occupation  1.000000
 -0.199370236014465  0.450822139070491 -0.264840555655354 -0.000000000001940
 -0.199571694076448  0.551024279059448 -0.204186870782616 -0.000000000001512
 -0.153865854987482 -0.015095402801035 -0.068944681362924 -0.015095385771027
 -0.068944672811968
    3 Orbital Energy    -0.498945 Occupation  1.000000
 -0.000000000000230  0.000000000000422 -0.000000000000468  0.642307522913870
 -0.000000000003698  0.000000000001860  0.000000000001646  0.509259358002207
 -0.000000000005325  0.000000000001865  0.000000000001134 -0.000000000001360
 -0.000000000004195
    4 Orbital Energy    -0.833508 Occupation  1.000000
 -0.074869721836184  0.157955828237325  0.040755994914985  0.000000000003214
  0.473486597378572  0.112063621552154  0.063765424511094  0.000000000001969
  0.294220677147335  0.319152502396255  0.130756369104142 -0.044500538546688
 -0.052220145092142
    5 Orbital Energy    -0.833508 Occupation  1.000000
 -0.074869712730272  0.157955807610417  0.466378416797635  0.000000000000158
 -0.091333406136635  0.112063596106951  0.300399209852993  0.000000000000138
 -0.019802941259883 -0.044500536863426 -0.052220141484431  0.319152502973025
  0.130756372165733
    6 Orbital Energy     0.196204 Occupation  0.000000
 -0.084963608743535  0.107704001843850  0.192441981529173  0.000000000000074
  0.145015434453861  1.127282406751470  0.380380159420027 -0.000000000000869
  0.286637009426378 -0.067596644587695 -0.967253175654351 -0.067596644566689
 -0.967253176512009
    7 Orbital Energy     0.290650 Occupation  0.000000
 -0.000000000026832  0.000000000065915 -0.208756225429683 -0.000000000000594
  0.277028868073901  0.000000000296479 -0.490242772739693  0.000000000004446
  0.650574133081879 -0.049923748225354 -1.316664823711913  0.049923748255613
  1.316664823103049
    8 Orbital Energy     1.053270 Occupation  0.000000
 -0.000000000006895 -0.000000000000410 -0.094934275380285 -0.000000000003922
  0.125982038555084  0.000000000029961 -0.361426080394696  0.000000000006986
  0.479628608523428 -0.976131425835811  0.588944131221326  0.976131425495678
 -0.588944131039117
    9 Orbital Energy     1.136883 Occupation  0.000000
  0.060069148607734 -0.313039417250722 -0.393596647249583  0.000000000057089
 -0.296596347565289  0.228653758436965  0.012094558565222 -0.000000000062794
  0.009113903597524  0.914378888151446 -0.581353246268498  0.914378888437731
 -0.581353246572113
   10 Orbital Energy     1.165040 Occupation  0.000000
 -0.000000000003201  0.000000000017438  0.000000000023326  0.960982538743336
  0.000000000028065 -0.000000000016099 -0.000000000005361 -1.037642183051807
 -0.000000000009951 -0.000000000057848  0.000000000041065 -0.000000000046373
  0.000000000030992
   11 Orbital Energy     1.217247 Occupation  0.000000
  0.056105903631553 -0.396452396185231  0.673624934042823 -0.000000000006935
  0.507612797393258  0.096812349903159 -0.936501164079226  0.000000000007195
 -0.705704245230519  0.339485166752122  0.014556481189573  0.339485166860991
  0.014556480965321
   12 Orbital Energy     1.372512 Occupation  0.000000
  0.000000000001768 -0.000000000213710 -0.616650762909054 -0.000000000006430
  0.818323201550780  0.000000000397944  0.949127943673811  0.000000000006597
 -1.259535322351914 -0.010087605570333  0.824587359033563  0.010087605308261
 -0.824587359177883
   13 Orbital Energy     1.689216 Occupation  0.000000
 -0.057299877896364  1.664051474057299  0.177992528664143 -0.000000000000944
  0.134126991056275 -2.646239552419644 -0.664564961325003  0.000000000000911
 -0.500785618463282  0.443294011743124  0.575962815043209  0.443294011819659
  0.575962814675112
&
&valid
version=1.0
geometry
atom_num=3
   8     0.0000000000     0.0000000000     0.0000000000
   1     0.0000000000     0.0000000000     0.9900000000
   1     0.9516490790     0.0000000000    -0.2728809823
end
molecule
molchg=0
multip=1
qs_cuts=   0    0    0
end
basis
name=ps_6-31g                        
numd=6
atom_basis_num=0
end
&
