                          Running on host cadenza

          ******************************************************
          *      Firefly version 8.0.1, build number 8540      *
          *   Compiled on    Wednesday, 01-01-2014, 12:52:07   *
          *Code development and Intel/AMD specific optimization*
          *  Copyright (c) 1994, 2014 by  Alex A. Granovsky,   *
          *          Firefly Project, Moscow, Russia.          *
          *   Some parts of this program include code due to   *
          * work of Jim Kress, Peter Burger, and Robert Ponec. *
          ******************************************************
          *             Firefly Project homepage:              *
          * http://classic.chem.msu.su/gran/firefly/index.html *
          *                      e-mail:                       *
          *               gran@classic.chem.msu.su             *
          *This program is not a free software and is provided *
          *exclusively to its registered users under the terms *
          *       of Firefly package license agreement         *
          * Unauthorized use of Firefly is strongly prohibited *
          *   This program may not be redistributed without    *
          * the specific, written permission of its developers.*
          ******************************************************

          ******************************************************
          *  PARTIALLY BASED ON  US GAMESS VERSION 6 JUN 1999, *
          *   US GAMESS VERSIONS  6 SEP 2001 AND 12 DEC 2003   *
          *             FROM IOWA STATE UNIVERSITY             *
          * M.W.SCHMIDT, K.K.BALDRIDGE, J.A.BOATZ, S.T.ELBERT, *
          *   M.S.GORDON, J.H.JENSEN, S.KOSEKI, N.MATSUNAGA,   *
          *          K.A.NGUYEN, S.J.SU, T.L.WINDUS,           *
          *       TOGETHER WITH M.DUPUIS, J.A.MONTGOMERY       *
          *         J.COMPUT.CHEM.  14, 1347-1363(1993)        *
          ******************************************************


 Pentium 4  / Linux  Firefly version running under Linux.
 Running on AMD CPU  :  CPU Generation 15, Family 15, Model 107, Stepping  2
 CPU Brand String    :  AMD Athlon(tm) X2 Dual Core Processor BE-2350   
 CPU Features        :  CMOV, MMX, SSE, SSE2, SSE3, AMD64
 Data cache size     :  L1 64 KB, L2  512 KB, L3     0 KB
 max    # of   cores/package :   2
 Operating System successfully passed SSE support test.

 Warning: this Firefly version was not optimized for this CPU type!
 The overall performance degradation is expected.
 For better performance, use Pentium II/Athlon optimized Firefly version.


 PARALLEL VERSION (OpenMPI) RUNNING IN SERIAL MODE USING SINGLE PROCESS

 EXECUTION OF FIREFLY BEGUN 21:04:47  9-MAY-2014    

            ECHO OF THE FIRST FEW INPUT CARDS -
 INPUT CARD> $CONTRL SCFTYP=UHF RUNTYP=ENERGY NPRINT=3                                      
 INPUT CARD>  MULT=2 ICHARG=1 $END                                                          
 INPUT CARD> $BASIS  GBASIS=STO NGAUSS=3 $END                                               
 INPUT CARD> $GUESS  GUESS=HUCKEL $END                                                      
 INPUT CARD> $DFT DFTTYP=B3LYP $END                                                         
 INPUT CARD> $DATA                                                                          
 INPUT CARD>divinylbenzene                                                                  
 INPUT CARD>cnh 2                                                                           
 INPUT CARD>                                                                                
 INPUT CARD> C           6.0  -1.3939882447   0.2213755683   0.0000000000                   
 INPUT CARD> C           6.0  -0.4919705715   1.2868407086   0.0000000000                   
 INPUT CARD> C           6.0   0.8733456137   1.0731470812   0.0000000000                   
 INPUT CARD> H           1.0  -0.8715846529   2.3007508400   0.0000000000                   
 INPUT CARD> H           1.0   1.5389282156   1.9253173698   0.0000000000                   
 INPUT CARD> C           6.0   2.8621079750  -0.5097799325   0.0000000000                   
 INPUT CARD> H           1.0   3.1070578958  -1.5662206184   0.0000000000                   
 INPUT CARD> C           6.0   3.8375160019   0.3700444858   0.0000000000                   
 INPUT CARD> H           1.0   3.6688910549   1.4371664215   0.0000000000                   
 INPUT CARD> H           1.0   4.8733853301   0.0604752833   0.0000000000                   
 INPUT CARD> $END                                                                           
   20000000 WORDS OF MEMORY AVAILABLE

 This job is executing on     1 unique host(s)
 Minimum number of processes per host is:    1
 Maximum number of processes per host is:    1

 Warning: running without fastdiag runtime extension!

 Creating thread pool to serve up to            128 threads.

     BASIS OPTIONS
     -------------
     GBASIS=STO          IGAUSS=       3      POLAR=NONE    
     NDFUNC=       0     NFFUNC=       0     DIFFSP=       F
     NPFUNC=       0      DIFFS=       F


     RUN TITLE
     ---------
 divinylbenzene                                                                  

 THE POINT GROUP OF THE MOLECULE IS CNH     
 THE ORDER OF THE PRINCIPAL AXIS IS     2

 ATOM      ATOMIC                      COORDINATES (BOHR)
           CHARGE         X                   Y                   Z
 C           6.0     2.6342558126       -0.4183391645        0.0000000000
 C           6.0    -2.6342558126        0.4183391645        0.0000000000
 C           6.0     0.9296895742       -2.4317763291        0.0000000000
 C           6.0    -0.9296895742        2.4317763291        0.0000000000
 C           6.0    -1.6503839025       -2.0279539280        0.0000000000
 C           6.0     1.6503839025        2.0279539280        0.0000000000
 H           1.0     1.6470561691       -4.3477886536        0.0000000000
 H           1.0    -1.6470561691        4.3477886536        0.0000000000
 H           1.0    -2.9081526423       -3.6383222683        0.0000000000
 H           1.0     2.9081526423        3.6383222683        0.0000000000
 C           6.0    -5.4085998200        0.9633443865        0.0000000000
 C           6.0     5.4085998200       -0.9633443865        0.0000000000
 H           1.0    -5.8714880510        2.9597278051        0.0000000000
 H           1.0     5.8714880510       -2.9597278051        0.0000000000
 C           6.0    -7.2518537171       -0.6992826814        0.0000000000
 C           6.0     7.2518537171        0.6992826814        0.0000000000
 H           1.0    -6.9331987726       -2.7158507354        0.0000000000
 H           1.0     6.9331987726        2.7158507354        0.0000000000
 H           1.0    -9.2093629065       -0.1142817145        0.0000000000
 H           1.0     9.2093629065        0.1142817145        0.0000000000

          INTERNUCLEAR DISTANCES (ANGS.)
          ------------------------------

                    C              C              C              C         

  1  C               0.0000000      2.8229136 *    1.3960128 *    2.4148617 *  
  2  C               2.8229136 *    0.0000000      2.4148617 *    1.3960128 *  
  3  C               1.3960128 *    2.4148617 *    0.0000000      2.7553541 *  
  4  C               2.4148617 *    1.3960128 *    2.7553541 *    0.0000000    
  5  C               2.4220482 *    1.3952984 *    1.3819382 *    2.3906044 *  
  6  C               1.3952984 *    2.4220482 *    2.3906044 *    1.3819382 *  
  7  H               2.1439932 *    3.3902717      1.0826452 *    3.8379807    
  8  H               3.3902717      2.1439932 *    3.8379807      1.0826452 *  
  9  H               3.3919635      2.1515804 *    2.1288970 *    3.3784730    
 10  H               2.1515804 *    3.3919635      3.3784730      2.1288970 *  
 11  C               4.3184422      1.4961793 *    3.8049558      2.4942684 *  
 12  C               1.4961793 *    4.3184422      2.4942684 *    3.8049558    
 13  H               4.8430276      2.1778925 *    4.5927078      2.6299686 *  
 14  H               2.1778925 *    4.8430276      2.6299686 *    4.5927078    
 15  C               5.2336163      2.5140815 *    4.4254909      3.7333554    
 16  C               2.5140815 *    5.2336163      3.7333554      4.4254909    
 17  H               5.2068123      2.8153054 *    4.1635763      4.1848583    
 18  H               2.8153054 *    5.2068123      4.1848583      4.1635763    
 19  H               6.2694386      3.4907942      5.5037275      4.5838909    
 20  H               3.4907942      6.2694386      4.5838909      5.5037275    

                    C              C              H              H         

  1  C               2.4220482 *    1.3952984 *    2.1439932 *    3.3902717    
  2  C               1.3952984 *    2.4220482 *    3.3902717      2.1439932 *  
  3  C               1.3819382 *    2.3906044 *    1.0826452 *    3.8379807    
  4  C               2.3906044 *    1.3819382 *    3.8379807      1.0826452 *  
  5  C               0.0000000      2.7672204 *    2.1334931 *    3.3738984    
  6  C               2.7672204 *    0.0000000      3.3738984      2.1334931 *  
  7  H               2.1334931 *    3.3738984      0.0000000      4.9206155    
  8  H               3.3738984      2.1334931 *    4.9206155      0.0000000    
  9  H               1.0812929 *    3.8483573      2.4395743 *    4.2784343    
 10  H               3.8483573      1.0812929 *    4.2784343      2.4395743 *  
 11  C               2.5418170 *    3.7776972      4.6732798      2.6776407 *  
 12  C               3.7776972      2.5418170 *    2.6776407 *    4.6732798    
 13  H               3.4577062      4.0108270      5.5482488      2.3530566 *  
 14  H               4.0108270      3.4577062      2.3530566 *    5.5482488    
 15  C               3.0464175      4.9269685      5.0895241      3.9912274    
 16  C               4.9269685      3.0464175      3.9912274      5.0895241    
 17  H               2.8191460 *    5.1897580      4.6218717      4.6687202    
 18  H               5.1897580      2.8191460 *    4.6687202      4.6218717    
 19  H               4.1262358      5.8574752      6.1663210      4.6464823    
 20  H               5.8574752      4.1262358      4.6464823      6.1663210    

                    H              H              C              C         

  1  C               3.3919635      2.1515804 *    4.3184422      1.4961793 *  
  2  C               2.1515804 *    3.3919635      1.4961793 *    4.3184422    
  3  C               2.1288970 *    3.3784730      3.8049558      2.4942684 *  
  4  C               3.3784730      2.1288970 *    2.4942684 *    3.8049558    
  5  C               1.0812929 *    3.8483573      2.5418170 *    3.7776972    
  6  C               3.8483573      1.0812929 *    3.7776972      2.5418170 *  
  7  H               2.4395743 *    4.2784343      4.6732798      2.6776407 *  
  8  H               4.2784343      2.4395743 *    2.6776407 *    4.6732798    
  9  H               0.0000000      4.9295627      2.7713721 *    4.6230797    
 10  H               4.9295627      0.0000000      4.6230797      2.7713721 *  
 11  C               2.7713721 *    4.6230797      0.0000000      5.8143057    
 12  C               4.6230797      2.7713721 *    5.8143057      0.0000000    
 13  H               3.8275146      4.6598431      1.0844664 *    6.3198670    
 14  H               4.6598431      3.8275146      6.3198670      1.0844664 *  
 15  C               2.7753161 *    5.8459249      1.3135874 *    6.7010811    
 16  C               5.8459249      2.7753161 *    6.7010811      1.3135874 *  
 17  H               2.1851849 *    6.1990063      2.1074864 *    6.5965138    
 18  H               6.1990063      2.1851849 *    6.5965138      2.1074864 *  
 19  H               3.8205026      6.7127593      2.0905568 *    7.7485309    
 20  H               6.7127593      3.8205026      7.7485309      2.0905568 *  

                    H              H              C              C         

  1  C               4.8430276      2.1778925 *    5.2336163      2.5140815 *  
  2  C               2.1778925 *    4.8430276      2.5140815 *    5.2336163    
  3  C               4.5927078      2.6299686 *    4.4254909      3.7333554    
  4  C               2.6299686 *    4.5927078      3.7333554      4.4254909    
  5  C               3.4577062      4.0108270      3.0464175      4.9269685    
  6  C               4.0108270      3.4577062      4.9269685      3.0464175    
  7  H               5.5482488      2.3530566 *    5.0895241      3.9912274    
  8  H               2.3530566 *    5.5482488      3.9912274      5.0895241    
  9  H               3.8275146      4.6598431      2.7753161 *    5.8459249    
 10  H               4.6598431      3.8275146      5.8459249      2.7753161 *  
 11  C               1.0844664 *    6.3198670      1.3135874 *    6.7010811    
 12  C               6.3198670      1.0844664 *    6.7010811      1.3135874 *  
 13  H               0.0000000      6.9589815      2.0694665 *    7.0468393    
 14  H               6.9589815      0.0000000      7.0468393      2.0694665 *  
 15  C               2.0694665 *    7.0468393      0.0000000      7.7106321    
 16  C               7.0468393      2.0694665 *    7.7106321      0.0000000    
 17  H               3.0554853      6.7771778      1.0803627 *    7.7208910    
 18  H               6.7771778      3.0554853      7.7208910      1.0803627 *  
 19  H               2.4012605 *    8.1212526      1.0811375 *    8.7215337    
 20  H               8.1212526      2.4012605 *    8.7215337      1.0811375 *  

                    H              H              H              H         

  1  C               5.2068123      2.8153054 *    6.2694386      3.4907942    
  2  C               2.8153054 *    5.2068123      3.4907942      6.2694386    
  3  C               4.1635763      4.1848583      5.5037275      4.5838909    
  4  C               4.1848583      4.1635763      4.5838909      5.5037275    
  5  C               2.8191460 *    5.1897580      4.1262358      5.8574752    
  6  C               5.1897580      2.8191460 *    5.8574752      4.1262358    
  7  H               4.6218717      4.6687202      6.1663210      4.6464823    
  8  H               4.6687202      4.6218717      4.6464823      6.1663210    
  9  H               2.1851849 *    6.1990063      3.8205026      6.7127593    
 10  H               6.1990063      2.1851849 *    6.7127593      3.8205026    
 11  C               2.1074864 *    6.5965138      2.0905568 *    7.7485309    
 12  C               6.5965138      2.1074864 *    7.7485309      2.0905568 *  
 13  H               3.0554853      6.7771778      2.4012605 *    8.1212526    
 14  H               6.7771778      3.0554853      8.1212526      2.4012605 *  
 15  C               1.0803627 *    7.7208910      1.0811375 *    8.7215337    
 16  C               7.7208910      1.0803627 *    8.7215337      1.0811375 *  
 17  H               0.0000000      7.8806621      1.8292307 *    8.6725669    
 18  H               7.8806621      0.0000000      8.6725669      1.8292307 *  
 19  H               1.8292307 *    8.6725669      0.0000000      9.7475211    
 20  H               8.6725669      1.8292307 *    9.7475211      0.0000000    

  * ... LESS THAN  3.000


     ATOMIC BASIS SET
     ----------------
 THE CONTRACTED PRIMITIVE FUNCTIONS HAVE BEEN UNNORMALIZED
 THE CONTRACTED BASIS FUNCTIONS ARE NOW NORMALIZED TO UNITY

 SHELL TYPE PRIM    EXPONENT          CONTRACTION COEFFICIENTS

 C         

   3   S    1      71.616837    2.707814 (  0.154329) 
   3   S    2      13.045096    2.618880 (  0.535328) 
   3   S    3       3.530512    0.816191 (  0.444635) 

   4   L    4       2.941249   -0.160017 ( -0.099967)     0.856045 (  0.155916) 
   4   L    5       0.683483    0.214036 (  0.399513)     0.538304 (  0.607684) 
   4   L    6       0.222290    0.161536 (  0.700115)     0.085276 (  0.391957) 

 C         

   7   S    7      71.616837    2.707814 (  0.154329) 
   7   S    8      13.045096    2.618880 (  0.535328) 
   7   S    9       3.530512    0.816191 (  0.444635) 

   8   L   10       2.941249   -0.160017 ( -0.099967)     0.856045 (  0.155916) 
   8   L   11       0.683483    0.214036 (  0.399513)     0.538304 (  0.607684) 
   8   L   12       0.222290    0.161536 (  0.700115)     0.085276 (  0.391957) 

 C         

  11   S   13      71.616837    2.707814 (  0.154329) 
  11   S   14      13.045096    2.618880 (  0.535328) 
  11   S   15       3.530512    0.816191 (  0.444635) 

  12   L   16       2.941249   -0.160017 ( -0.099967)     0.856045 (  0.155916) 
  12   L   17       0.683483    0.214036 (  0.399513)     0.538304 (  0.607684) 
  12   L   18       0.222290    0.161536 (  0.700115)     0.085276 (  0.391957) 

 H         

  14   S   19       3.425251    0.276934 (  0.154329) 
  14   S   20       0.623914    0.267839 (  0.535328) 
  14   S   21       0.168855    0.083474 (  0.444635) 

 H         

  16   S   22       3.425251    0.276934 (  0.154329) 
  16   S   23       0.623914    0.267839 (  0.535328) 
  16   S   24       0.168855    0.083474 (  0.444635) 

 C         

  19   S   25      71.616837    2.707814 (  0.154329) 
  19   S   26      13.045096    2.618880 (  0.535328) 
  19   S   27       3.530512    0.816191 (  0.444635) 

  20   L   28       2.941249   -0.160017 ( -0.099967)     0.856045 (  0.155916) 
  20   L   29       0.683483    0.214036 (  0.399513)     0.538304 (  0.607684) 
  20   L   30       0.222290    0.161536 (  0.700115)     0.085276 (  0.391957) 

 H         

  22   S   31       3.425251    0.276934 (  0.154329) 
  22   S   32       0.623914    0.267839 (  0.535328) 
  22   S   33       0.168855    0.083474 (  0.444635) 

 C         

  25   S   34      71.616837    2.707814 (  0.154329) 
  25   S   35      13.045096    2.618880 (  0.535328) 
  25   S   36       3.530512    0.816191 (  0.444635) 

  26   L   37       2.941249   -0.160017 ( -0.099967)     0.856045 (  0.155916) 
  26   L   38       0.683483    0.214036 (  0.399513)     0.538304 (  0.607684) 
  26   L   39       0.222290    0.161536 (  0.700115)     0.085276 (  0.391957) 

 H         

  28   S   40       3.425251    0.276934 (  0.154329) 
  28   S   41       0.623914    0.267839 (  0.535328) 
  28   S   42       0.168855    0.083474 (  0.444635) 

 H         

  30   S   43       3.425251    0.276934 (  0.154329) 
  30   S   44       0.623914    0.267839 (  0.535328) 
  30   S   45       0.168855    0.083474 (  0.444635) 

 TOTAL NUMBER OF SHELLS              =   30
 TOTAL NUMBER OF BASIS FUNCTIONS     =   60
 NUMBER OF ELECTRONS                 =   69
 CHARGE OF MOLECULE                  =    1
 STATE MULTIPLICITY                  =    2
 NUMBER OF OCCUPIED ORBITALS (ALPHA) =   35
 NUMBER OF OCCUPIED ORBITALS (BETA ) =   34
 TOTAL NUMBER OF ATOMS               =   20
 THE NUCLEAR REPULSION ENERGY IS      452.1260015068

     $CONTRL OPTIONS
     ---------------
     SCFTYP=UHF          RUNTYP=ENERGY       EXETYP=RUN     
     MPLEVL=       0     LOCAL =NONE         UNITS =ANGS    
     MULT  =       2     ICHARG=       1     MAXIT =      30
     NPRINT=       3     IREST =       0     COORD =UNIQUE  
     ECP   =NONE         NORMF =       0     NORMP =       0
     ITOL  =      20     ICUT  =       9     NZVAR =       0
     NOSYM =       0     INTTYP=POPLE        GEOM  =INPUT   
     PLTORB=       F     MOLPLT=       F     RPAC  =       F
     AIMPAC=       0     FRIEND=             CITYP =NONE    
     DFTTYP=NONE    

     $SYSTEM OPTIONS
     ---------------
     KDIAG =       0     MEMORY= 20000000     TIMLIM=   172800.0 SEC.
     COREFL=       F     PTIME =        F     XDR   =       F
     BALTYP=LOOP         CBASE = B15A1000     FBASE = 00000000

          ----------------
          PROPERTIES INPUT
          ----------------

     MOMENTS            FIELD           POTENTIAL          DENSITY
 IEMOM =       1   IEFLD =       0   IEPOT =       0   IEDEN =       0
 WHERE =COMASS     WHERE =NUCLEI     WHERE =NUCLEI     WHERE =NUCLEI  
 OUTPUT=BOTH       OUTPUT=BOTH       OUTPUT=BOTH       OUTPUT=BOTH    
 IEMINT=       0   IEFINT=       0                     IEDINT=       0
                                                       MORB  =       0

          EXTRAPOLATION IN EFFECT
          DIIS IN EFFECT

          ----------------------
          INTEGRAL INPUT OPTIONS
          ----------------------
 NOPK  =       1 NORDER=       0 SCHWRZ=       T

 ATTENTION! AO INTEGRALS WILL BE PACKED.
 THRESHOLD FOR PACKING PKTHR =  0.10000000D-01

     -------------------------------
     INTEGRAL TRANSFORMATION OPTIONS
     -------------------------------
     NWORD  =       0     CUTTRF = 1.0E-09
     MPTRAN =       0     DIRTRF =       F
     AOINTS =DUP          IREST  =       0

     ------------------------------------------
     THE POINT GROUP IS CNH, NAXIS= 2, ORDER= 4
     ------------------------------------------

     DIMENSIONS OF THE SYMMETRY SUBSPACES ARE
 AG  =  25      AU  =   5      BU  =  25      BG  =   5

 ..... DONE SETTING UP THE RUN .....

 CPU        TIME:   STEP =      0.10 ,  TOTAL =        0.3 SECONDS (    0.0 MIN)
 WALL CLOCK TIME:   STEP =      0.09 ,  TOTAL =        0.1 SECONDS (    0.0 MIN)
 CPU UTILIZATION:   STEP =    106.39%,  TOTAL =     351.08%

          ********************
          1 ELECTRON INTEGRALS
          ********************
OVERLAP MATRIX

                      1          2          3          4          5

    1  C   1  S   1.000000
    2  C   1  S   0.248362   1.000000
    3  C   1  X   0.000000   0.000000   1.000000
    4  C   1  Y   0.000000   0.000000   0.000000   1.000000
    5  C   1  Z   0.000000   0.000000   0.000000   0.000000   1.000000
    6  C   2  S   0.000000   0.000367  -0.000973   0.000155   0.000000
    7  C   2  S   0.000367   0.024378  -0.038956   0.006186   0.000000
    8  C   2  X   0.000973   0.038956  -0.057665   0.010643   0.000000
    9  C   2  Y  -0.000155  -0.006186   0.010643   0.007662   0.000000
   10  C   2  Z   0.000000   0.000000   0.000000   0.000000   0.009352
   11  C   3  S   0.000001   0.037871  -0.040569  -0.047920   0.000000
   12  C   3  S   0.037871   0.366643  -0.251565  -0.297149   0.000000
   13  C   3  X   0.040569   0.251565  -0.011976  -0.267598   0.000000
   14  C   3  Y   0.047920   0.297149  -0.267598  -0.101516   0.000000
   15  C   3  Z   0.000000   0.000000   0.000000   0.000000   0.214571
   16  C   4  S   0.000000   0.001852  -0.003328   0.002661   0.000000
   17  C   4  S   0.001852   0.061451  -0.070578   0.056441   0.000000
   18  C   4  X   0.003328   0.070578  -0.063767   0.071582   0.000000
   19  C   4  Y  -0.002661  -0.056441   0.071582  -0.031502   0.000000
   20  C   4  Z   0.000000   0.000000   0.000000   0.000000   0.025743
   21  C   5  S   0.000000   0.001804  -0.003896  -0.001464   0.000000
   22  C   5  S   0.001804   0.060520  -0.083466  -0.031356   0.000000
   23  C   5  X   0.003896   0.083466  -0.101734  -0.047727   0.000000
   24  C   5  Y   0.001464   0.031356  -0.047727   0.007380   0.000000
   25  C   5  Z   0.000000   0.000000   0.000000   0.000000   0.025310
   26  C   6  S   0.000001   0.037936  -0.023468   0.058351   0.000000
   27  C   6  S   0.037936   0.367002  -0.145373   0.361455   0.000000
   28  C   6  X   0.023468   0.145373   0.139254   0.187959   0.000000
   29  C   6  Y  -0.058351  -0.361455   0.187959  -0.252491   0.000000
   30  C   6  Z   0.000000   0.000000   0.000000   0.000000   0.214849
   31  H   7  S   0.005586   0.099400  -0.031159  -0.124024   0.000000
   32  H   8  S   0.000101   0.006823  -0.007529   0.008382   0.000000
   33  H   9  S   0.000100   0.006794  -0.009704  -0.005638   0.000000
   34  H  10  S   0.005480   0.098036   0.008512   0.126063   0.000000
   35  C  11  S   0.000000   0.000000   0.000000   0.000000   0.000000
   36  C  11  S   0.000000   0.000305  -0.000661   0.000113   0.000000
   37  C  11  X   0.000000   0.000661  -0.001350   0.000249   0.000000
   38  C  11  Y   0.000000  -0.000113   0.000249   0.000056   0.000000
   39  C  11  Z   0.000000   0.000000   0.000000   0.000000   0.000098
   40  C  12  S   0.000000   0.029672   0.048556  -0.009539   0.000000
   41  C  12  S   0.029672   0.318374   0.345991  -0.067968   0.000000
   42  C  12  X  -0.048556  -0.345991  -0.301574   0.094300   0.000000
   43  C  12  Y   0.009539   0.067968   0.094300   0.159936   0.000000
   44  C  12  Z   0.000000   0.000000   0.000000   0.000000   0.178460
   45  H  13  S   0.000000   0.000101  -0.000200   0.000079   0.000000
   46  H  14  S   0.005125   0.093428   0.095301  -0.074816   0.000000
   47  C  15  S   0.000000   0.000000   0.000000   0.000000   0.000000
   48  C  15  S   0.000000   0.000009  -0.000024  -0.000001   0.000000
   49  C  15  X   0.000000   0.000024  -0.000061  -0.000002   0.000000
   50  C  15  Y   0.000000   0.000001  -0.000002   0.000003   0.000000
   51  C  15  Z   0.000000   0.000000   0.000000   0.000000   0.000003
   52  C  16  S   0.000000   0.001278   0.002974   0.000720   0.000000
   53  C  16  S   0.001278   0.049609   0.072660   0.017586   0.000000
   54  C  16  X  -0.002974  -0.072660  -0.096376  -0.028242   0.000000
   55  C  16  Y  -0.000720  -0.017586  -0.028242   0.013473   0.000000
   56  C  16  Z   0.000000   0.000000   0.000000   0.000000   0.020309
   57  H  17  S   0.000000   0.000029  -0.000063  -0.000015   0.000000
   58  H  18  S   0.000801   0.025998   0.031257   0.022788   0.000000
   59  H  19  S   0.000000   0.000000  -0.000001   0.000000   0.000000
   60  H  20  S   0.000067   0.005303   0.008881   0.000719   0.000000

                      6          7          8          9         10

    6  C   2  S   1.000000
    7  C   2  S   0.248362   1.000000
    8  C   2  X   0.000000   0.000000   1.000000
    9  C   2  Y   0.000000   0.000000   0.000000   1.000000
   10  C   2  Z   0.000000   0.000000   0.000000   0.000000   1.000000
   11  C   3  S   0.000000   0.001852   0.003328  -0.002661   0.000000
   12  C   3  S   0.001852   0.061451   0.070578  -0.056441   0.000000
   13  C   3  X  -0.003328  -0.070578  -0.063767   0.071582   0.000000
   14  C   3  Y   0.002661   0.056441   0.071582  -0.031502   0.000000
   15  C   3  Z   0.000000   0.000000   0.000000   0.000000   0.025743
   16  C   4  S   0.000001   0.037871   0.040569   0.047920   0.000000
   17  C   4  S   0.037871   0.366643   0.251565   0.297149   0.000000
   18  C   4  X  -0.040569  -0.251565  -0.011976  -0.267598   0.000000
   19  C   4  Y  -0.047920  -0.297149  -0.267598  -0.101516   0.000000
   20  C   4  Z   0.000000   0.000000   0.000000   0.000000   0.214571
   21  C   5  S   0.000001   0.037936   0.023468  -0.058351   0.000000
   22  C   5  S   0.037936   0.367002   0.145373  -0.361455   0.000000
   23  C   5  X  -0.023468  -0.145373   0.139254   0.187959   0.000000
   24  C   5  Y   0.058351   0.361455   0.187959  -0.252491   0.000000
   25  C   5  Z   0.000000   0.000000   0.000000   0.000000   0.214849
   26  C   6  S   0.000000   0.001804   0.003896   0.001464   0.000000
   27  C   6  S   0.001804   0.060520   0.083466   0.031356   0.000000
   28  C   6  X  -0.003896  -0.083466  -0.101734  -0.047727   0.000000
   29  C   6  Y  -0.001464  -0.031356  -0.047727   0.007380   0.000000
   30  C   6  Z   0.000000   0.000000   0.000000   0.000000   0.025310
   31  H   7  S   0.000101   0.006823   0.007529  -0.008382   0.000000
   32  H   8  S   0.005586   0.099400   0.031159   0.124024   0.000000
   33  H   9  S   0.005480   0.098036  -0.008512  -0.126063   0.000000
   34  H  10  S   0.000100   0.006794   0.009704   0.005638   0.000000
   35  C  11  S   0.000000   0.029672  -0.048556   0.009539   0.000000
   36  C  11  S   0.029672   0.318374  -0.345991   0.067968   0.000000
   37  C  11  X   0.048556   0.345991  -0.301574   0.094300   0.000000
   38  C  11  Y  -0.009539  -0.067968   0.094300   0.159936   0.000000
   39  C  11  Z   0.000000   0.000000   0.000000   0.000000   0.178460
   40  C  12  S   0.000000   0.000000   0.000000   0.000000   0.000000
   41  C  12  S   0.000000   0.000305   0.000661  -0.000113   0.000000
   42  C  12  X   0.000000  -0.000661  -0.001350   0.000249   0.000000
   43  C  12  Y   0.000000   0.000113   0.000249   0.000056   0.000000
   44  C  12  Z   0.000000   0.000000   0.000000   0.000000   0.000098
   45  H  13  S   0.005125   0.093428  -0.095301   0.074816   0.000000
   46  H  14  S   0.000000   0.000101   0.000200  -0.000079   0.000000
   47  C  15  S   0.000000   0.001278  -0.002974  -0.000720   0.000000
   48  C  15  S   0.001278   0.049609  -0.072660  -0.017586   0.000000
   49  C  15  X   0.002974   0.072660  -0.096376  -0.028242   0.000000
   50  C  15  Y   0.000720   0.017586  -0.028242   0.013473   0.000000
   51  C  15  Z   0.000000   0.000000   0.000000   0.000000   0.020309
   52  C  16  S   0.000000   0.000000   0.000000   0.000000   0.000000
   53  C  16  S   0.000000   0.000009   0.000024   0.000001   0.000000
   54  C  16  X   0.000000  -0.000024  -0.000061  -0.000002   0.000000
   55  C  16  Y   0.000000  -0.000001  -0.000002   0.000003   0.000000
   56  C  16  Z   0.000000   0.000000   0.000000   0.000000   0.000003
   57  H  17  S   0.000801   0.025998  -0.031257  -0.022788   0.000000
   58  H  18  S   0.000000   0.000029   0.000063   0.000015   0.000000
   59  H  19  S   0.000067   0.005303  -0.008881  -0.000719   0.000000
   60  H  20  S   0.000000   0.000000   0.000001   0.000000   0.000000

                     11         12         13         14         15

   11  C   3  S   1.000000
   12  C   3  S   0.248362   1.000000
   13  C   3  X   0.000000   0.000000   1.000000
   14  C   3  Y   0.000000   0.000000   0.000000   1.000000
   15  C   3  Z   0.000000   0.000000   0.000000   0.000000   1.000000
   16  C   4  S   0.000000   0.000488  -0.000457   0.001195   0.000000
   17  C   4  S   0.000488   0.028639  -0.016301   0.042639   0.000000
   18  C   4  X   0.000457   0.016301   0.001109   0.026224   0.000000
   19  C   4  Y  -0.001195  -0.042639   0.026224  -0.057459   0.000000
   20  C   4  Z   0.000000   0.000000   0.000000   0.000000   0.011135
   21  C   5  S   0.000001   0.039168  -0.064147   0.010040   0.000000
   22  C   5  S   0.039168   0.373748  -0.389666   0.060989   0.000000
   23  C   5  X   0.064147   0.389666  -0.315302   0.083799   0.000000
   24  C   5  Y  -0.010040  -0.060989   0.083799   0.206984   0.000000
   25  C   5  Z   0.000000   0.000000   0.000000   0.000000   0.220100
   26  C   6  S   0.000000   0.002023   0.000735   0.004550   0.000000
   27  C   6  S   0.002023   0.064684   0.015083   0.093336   0.000000
   28  C   6  X  -0.000735  -0.015083   0.023365  -0.024078   0.000000
   29  C   6  Y  -0.004550  -0.093336  -0.024078  -0.121744   0.000000
   30  C   6  Z   0.000000   0.000000   0.000000   0.000000   0.027256
   31  H   7  S   0.063354   0.494994   0.164724  -0.439962   0.000000
   32  H   8  S   0.000015   0.002127  -0.001348   0.003546   0.000000
   33  H   9  S   0.005802   0.102160  -0.124931  -0.039276   0.000000
   34  H  10  S   0.000105   0.007025   0.003588   0.011008   0.000000
   35  C  11  S   0.000000   0.000003  -0.000009   0.000005   0.000000
   36  C  11  S   0.000003   0.001641  -0.002866   0.001535   0.000000
   37  C  11  X   0.000009   0.002866  -0.004600   0.002757   0.000000
   38  C  11  Y  -0.000005  -0.001535   0.002757  -0.000930   0.000000
   39  C  11  Z   0.000000   0.000000   0.000000   0.000000   0.000547
   40  C  12  S   0.000000   0.001378   0.003110   0.001020   0.000000
   41  C  12  S   0.001378   0.051804   0.073826   0.024204   0.000000
   42  C  12  X  -0.003110  -0.073826  -0.094207  -0.037870   0.000000
   43  C  12  Y  -0.001020  -0.024204  -0.037870   0.008887   0.000000
   44  C  12  Z   0.000000   0.000000   0.000000   0.000000   0.021303
   45  H  13  S   0.000000   0.000229  -0.000365   0.000289   0.000000
   46  H  14  S   0.001441   0.038557   0.054961  -0.005872   0.000000
   47  C  15  S   0.000000   0.000000   0.000000   0.000000   0.000000
   48  C  15  S   0.000000   0.000210  -0.000460   0.000097   0.000000
   49  C  15  X   0.000000   0.000460  -0.000954   0.000216   0.000000
   50  C  15  Y   0.000000  -0.000097   0.000216   0.000021   0.000000
   51  C  15  Z   0.000000   0.000000   0.000000   0.000000   0.000067
   52  C  16  S   0.000000   0.000004   0.000013   0.000006   0.000000
   53  C  16  S   0.000004   0.002044   0.003576   0.001771   0.000000
   54  C  16  X  -0.000013  -0.003576  -0.005768  -0.003197   0.000000
   55  C  16  Y  -0.000006  -0.001771  -0.003197  -0.000897   0.000000
   56  C  16  Z   0.000000   0.000000   0.000000   0.000000   0.000686
   57  H  17  S   0.000003   0.000848  -0.001599  -0.000058   0.000000
   58  H  18  S   0.000003   0.000797   0.001146   0.000982   0.000000
   59  H  19  S   0.000000   0.000010  -0.000022   0.000005   0.000000
   60  H  20  S   0.000000   0.000235   0.000457   0.000141   0.000000

                     16         17         18         19         20

   16  C   4  S   1.000000
   17  C   4  S   0.248362   1.000000
   18  C   4  X   0.000000   0.000000   1.000000
   19  C   4  Y   0.000000   0.000000   0.000000   1.000000
   20  C   4  Z   0.000000   0.000000   0.000000   0.000000   1.000000
   21  C   5  S   0.000000   0.002023  -0.000735  -0.004550   0.000000
   22  C   5  S   0.002023   0.064684  -0.015083  -0.093336   0.000000
   23  C   5  X   0.000735   0.015083   0.023365  -0.024078   0.000000
   24  C   5  Y   0.004550   0.093336  -0.024078  -0.121744   0.000000
   25  C   5  Z   0.000000   0.000000   0.000000   0.000000   0.027256
   26  C   6  S   0.000001   0.039168   0.064147  -0.010040   0.000000
   27  C   6  S   0.039168   0.373748   0.389666  -0.060989   0.000000
   28  C   6  X  -0.064147  -0.389666  -0.315302   0.083799   0.000000
   29  C   6  Y   0.010040   0.060989   0.083799   0.206984   0.000000
   30  C   6  Z   0.000000   0.000000   0.000000   0.000000   0.220100
   31  H   7  S   0.000015   0.002127   0.001348  -0.003546   0.000000
   32  H   8  S   0.063354   0.494994  -0.164724   0.439962   0.000000
   33  H   9  S   0.000105   0.007025  -0.003588  -0.011008   0.000000
   34  H  10  S   0.005802   0.102160   0.124931   0.039276   0.000000
   35  C  11  S   0.000000   0.001378  -0.003110  -0.001020   0.000000
   36  C  11  S   0.001378   0.051804  -0.073826  -0.024204   0.000000
   37  C  11  X   0.003110   0.073826  -0.094207  -0.037870   0.000000
   38  C  11  Y   0.001020   0.024204  -0.037870   0.008887   0.000000
   39  C  11  Z   0.000000   0.000000   0.000000   0.000000   0.021303
   40  C  12  S   0.000000   0.000003   0.000009  -0.000005   0.000000
   41  C  12  S   0.000003   0.001641   0.002866  -0.001535   0.000000
   42  C  12  X  -0.000009  -0.002866  -0.004600   0.002757   0.000000
   43  C  12  Y   0.000005   0.001535   0.002757  -0.000930   0.000000
   44  C  12  Z   0.000000   0.000000   0.000000   0.000000   0.000547
   45  H  13  S   0.001441   0.038557  -0.054961   0.005872   0.000000
   46  H  14  S   0.000000   0.000229   0.000365  -0.000289   0.000000
   47  C  15  S   0.000000   0.000004  -0.000013  -0.000006   0.000000
   48  C  15  S   0.000004   0.002044  -0.003576  -0.001771   0.000000
   49  C  15  X   0.000013   0.003576  -0.005768  -0.003197   0.000000
   50  C  15  Y   0.000006   0.001771  -0.003197  -0.000897   0.000000
   51  C  15  Z   0.000000   0.000000   0.000000   0.000000   0.000686
   52  C  16  S   0.000000   0.000000   0.000000   0.000000   0.000000
   53  C  16  S   0.000000   0.000210   0.000460  -0.000097   0.000000
   54  C  16  X   0.000000  -0.000460  -0.000954   0.000216   0.000000
   55  C  16  Y   0.000000   0.000097   0.000216   0.000021   0.000000
   56  C  16  Z   0.000000   0.000000   0.000000   0.000000   0.000067
   57  H  17  S   0.000003   0.000797  -0.001146  -0.000982   0.000000
   58  H  18  S   0.000003   0.000848   0.001599   0.000058   0.000000
   59  H  19  S   0.000000   0.000235  -0.000457  -0.000141   0.000000
   60  H  20  S   0.000000   0.000010   0.000022  -0.000005   0.000000

                     21         22         23         24         25

   21  C   5  S   1.000000
   22  C   5  S   0.248362   1.000000
   23  C   5  X   0.000000   0.000000   1.000000
   24  C   5  Y   0.000000   0.000000   0.000000   1.000000
   25  C   5  Z   0.000000   0.000000   0.000000   0.000000   1.000000
   26  C   6  S   0.000000   0.000465   0.000772   0.000949   0.000000
   27  C   6  S   0.000465   0.027847   0.028091   0.034518   0.000000
   28  C   6  X  -0.000772  -0.028091  -0.019798  -0.037599   0.000000
   29  C   6  Y  -0.000949  -0.034518  -0.037599  -0.035400   0.000000
   30  C   6  Z   0.000000   0.000000   0.000000   0.000000   0.010801
   31  H   7  S   0.005736   0.101313   0.106336  -0.074810   0.000000
   32  H   8  S   0.000107   0.007105   0.000006   0.011700   0.000000
   33  H   9  S   0.063555   0.495775  -0.289457  -0.370603   0.000000
   34  H  10  S   0.000015   0.002067   0.002316   0.002878   0.000000
   35  C  11  S   0.000000   0.001150  -0.002176   0.001732   0.000000
   36  C  11  S   0.001150   0.046669  -0.055395   0.044091   0.000000
   37  C  11  X   0.002176   0.055395  -0.052972   0.057275   0.000000
   38  C  11  Y  -0.001732  -0.044091   0.057275  -0.026601   0.000000
   39  C  11  Z   0.000000   0.000000   0.000000   0.000000   0.018986
   40  C  12  S   0.000000   0.000003   0.000011   0.000002   0.000000
   41  C  12  S   0.000003   0.001785   0.003477   0.000524   0.000000
   42  C  12  X  -0.000011  -0.003477  -0.006378  -0.001052   0.000000
   43  C  12  Y  -0.000002  -0.000524  -0.001052   0.000438   0.000000
   44  C  12  Z   0.000000   0.000000   0.000000   0.000000   0.000597
   45  H  13  S   0.000077   0.005765  -0.006222   0.007352   0.000000
   46  H  14  S   0.000007   0.001316   0.002399  -0.000297   0.000000
   47  C  15  S   0.000000   0.000136  -0.000383   0.000091   0.000000
   48  C  15  S   0.000136   0.013988  -0.023105   0.005481   0.000000
   49  C  15  X   0.000383   0.023105  -0.035464   0.009634   0.000000
   50  C  15  Y  -0.000091  -0.005481   0.009634   0.002866   0.000000
   51  C  15  Z   0.000000   0.000000   0.000000   0.000000   0.005151
   52  C  16  S   0.000000   0.000000   0.000000   0.000000   0.000000
   53  C  16  S   0.000000   0.000032   0.000076   0.000023   0.000000
   54  C  16  X   0.000000  -0.000076  -0.000171  -0.000056   0.000000
   55  C  16  Y   0.000000  -0.000023  -0.000056  -0.000007   0.000000
   56  C  16  Z   0.000000   0.000000   0.000000   0.000000   0.000010
   57  H  17  S   0.000791   0.025782  -0.038067  -0.004957   0.000000
   58  H  18  S   0.000000   0.000030   0.000060   0.000033   0.000000
   59  H  19  S   0.000004   0.000945  -0.001718   0.000435   0.000000
   60  H  20  S   0.000000   0.000002   0.000006   0.000001   0.000000

                     26         27         28         29         30

   26  C   6  S   1.000000
   27  C   6  S   0.248362   1.000000
