 openmpi/1.6.4_intel12.1 load complete.
----- GAMESS execution script 'rungms' -----
This job is running on host wn453
under operating system Linux at Wed Feb 19 06:39:50 CET 2014
PBS has assigned the following compute nodes to this run:
wn453
Available scratch disk space (Kbyte units) at beginning of the job is
Filesystem            Size  Used Avail Use% Mounted on
mds1@o2ib:/scratch    485T   71T  410T  15% /lustre
GAMESS temporary binary files will be written to /lustre/scratch/tmp/pbs.6216291.nova
GAMESS supplementary output files will be written to /home/langner/basicGAMESS-US2012
Copying input file dvb_ir.inp to your run's scratch directory...
cp dvb_ir.inp /lustre/scratch/tmp/pbs.6216291.nova/dvb_ir.F05
unset echo
MPI kickoff will run GAMESS on 1 cores in all nodes.
MPI will run 1 compute processes and 1 data servers.
mpiexec -np 2 /usr/local/gamess/2012.05.01-R2-openmpi/gamess.00.x
          ******************************************************
          *         GAMESS VERSION =  1 MAY 2012 (R2)          *
          *             FROM IOWA STATE UNIVERSITY             *
          * M.W.SCHMIDT, K.K.BALDRIDGE, J.A.BOATZ, S.T.ELBERT, *
          *   M.S.GORDON, J.H.JENSEN, S.KOSEKI, N.MATSUNAGA,   *
          *          K.A.NGUYEN, S.J.SU, T.L.WINDUS,           *
          *       TOGETHER WITH M.DUPUIS, J.A.MONTGOMERY       *
          *         J.COMPUT.CHEM.  14, 1347-1363(1993)        *
          **************** 64 BIT LINUX VERSION ****************

  SINCE 1993, STUDENTS AND POSTDOCS WORKING AT IOWA STATE UNIVERSITY
  AND ALSO IN THEIR VARIOUS JOBS AFTER LEAVING ISU HAVE MADE IMPORTANT
  CONTRIBUTIONS TO THE CODE:
     IVANA ADAMOVIC, CHRISTINE AIKENS, YURI ALEXEEV, POOJA ARORA,
     ANDREY ASADCHEV, ROB BELL, PRADIPTA BANDYOPADHYAY, JONATHAN BENTZ,
     BRETT BODE, GALINA CHABAN, WEI CHEN, CHEOL HO CHOI, PAUL DAY,
     ALBERT DEFUSCO, TIM DUDLEY, DMITRI FEDOROV, GRAHAM FLETCHER,
     MARK FREITAG, KURT GLAESEMANN, DAN KEMP, GRANT MERRILL,
     NORIYUKI MINEZAWA, JONATHAN MULLIN, TAKESHI NAGATA,
     SEAN NEDD, HEATHER NETZLOFF, BOSILJKA NJEGIC, RYAN OLSON, MIKE PAK,
     JIM SHOEMAKER, LYUDMILA SLIPCHENKO, SAROM SOK, JIE SONG,
     TETSUYA TAKETSUGU, SIMON WEBB, SOOHAENG YOO, FEDERICO ZAHARIEV

  ADDITIONAL CODE HAS BEEN PROVIDED BY COLLABORATORS IN OTHER GROUPS:
     IOWA STATE UNIVERSITY:
          JOE IVANIC, LAIMUTIS BYTAUTAS, KLAUS RUEDENBERG
     UNIVERSITY OF TOKYO: KIMIHIKO HIRAO, TAKAHITO NAKAJIMA,
          TAKAO TSUNEDA, MUNEAKI KAMIYA, SUSUMU YANAGISAWA,
          KIYOSHI YAGI, MAHITO CHIBA, SEIKEN TOKURA, NAOAKI KAWAKAMI
     UNIVERSITY OF AARHUS: FRANK JENSEN
     UNIVERSITY OF IOWA: VISVALDAS KAIRYS, HUI LI
     NATIONAL INST. OF STANDARDS AND TECHNOLOGY: WALT STEVENS, DAVID GARMER
     UNIVERSITY OF PISA: BENEDETTA MENNUCCI, JACOPO TOMASI
     UNIVERSITY OF MEMPHIS: HENRY KURTZ, PRAKASHAN KORAMBATH
     UNIVERSITY OF ALBERTA: TOBY ZENG, MARIUSZ KLOBUKOWSKI
     UNIVERSITY OF NEW ENGLAND: MARK SPACKMAN
     MIE UNIVERSITY: HIROAKI UMEDA
     MICHIGAN STATE UNIVERSITY:
          KAROL KOWALSKI, MARTA WLOCH, JEFFREY GOUR, JESSE LUTZ, PIOTR PIECUCH
     UNIVERSITY OF SILESIA: MONIKA MUSIAL, STANISLAW KUCHARSKI
     FACULTES UNIVERSITAIRES NOTRE-DAME DE LA PAIX:
          OLIVIER QUINET, BENOIT CHAMPAGNE
     UNIVERSITY OF CALIFORNIA - SANTA BARBARA: BERNARD KIRTMAN
     INSTITUTE FOR MOLECULAR SCIENCE:
          KAZUYA ISHIMURA, MICHIO KATOUDA, AND SHIGERU NAGASE
     UNIVERSITY OF NOTRE DAME: DAN CHIPMAN
     KYUSHU UNIVERSITY:
          HARUYUKI NAKANO,
          FENG LONG GU, JACEK KORCHOWIEC, MARCIN MAKOWSKI, AND YURIKO AOKI,
          HIROTOSHI MORI AND EISAKU MIYOSHI
     PENNSYLVANIA STATE UNIVERSITY:
          TZVETELIN IORDANOV, CHET SWALINA, JONATHAN SKONE,
          SHARON HAMMES-SCHIFFER
     WASEDA UNIVERSITY:
          MASATO KOBAYASHI, TOMOKO AKAMA, TSUGUKI TOUMA,
          TAKESHI YOSHIKAWA, YASUHIRO IKABATA, HIROMI NAKAI
     UNIVERSITY OF NEBRASKA:
          PEIFENG SU, DEJUN SI, NANDUN THELLAMUREGE, YALI WANG, HUI LI
     UNIVERSITY OF ZURICH:
          ROBERTO PEVERATI, KIM BALDRIDGE
     N. COPERNICUS UNIVERSITY AND JACKSON STATE UNIVERSITY:
          MARIA BARYSZ

 EXECUTION OF GAMESS BEGUN Wed Feb 19 06:39:52 2014

            ECHO OF THE FIRST FEW INPUT CARDS -
 INPUT CARD> $CONTRL COORD=CART UNITS=ANGS SCFTYP=RHF RUNTYP=HESSIAN NPRINT=3 $END          
 INPUT CARD> $BASIS  GBASIS=STO NGAUSS=3 $END                                               
 INPUT CARD> $GUESS  GUESS=HUCKEL $END                                                      
 INPUT CARD> $DFT DFTTYP=B3LYP $END                                                         
 INPUT CARD> $DATA                                                                          
 INPUT CARD>divinylbenzene                                                                  
 INPUT CARD>cnh  2                                                                          
 INPUT CARD>                                                                                
 INPUT CARD> C           6.0  -1.4152533224   0.2302217854   0.0000000000                   
 INPUT CARD> C           6.0   1.4152533224  -0.2302217854   0.0000000000                   
 INPUT CARD> C           6.0  -0.4951331558   1.3144608674   0.0000000000                   
 INPUT CARD> C           6.0   0.4951331558  -1.3144608674   0.0000000000                   
 INPUT CARD> C           6.0   0.8894090436   1.0909493743   0.0000000000                   
 INPUT CARD> C           6.0  -0.8894090436  -1.0909493743   0.0000000000                   
 INPUT CARD> H           1.0  -0.8795511985   2.3437343748   0.0000000000                   
 INPUT CARD> H           1.0   0.8795511985  -2.3437343748   0.0000000000                   
 INPUT CARD> H           1.0   1.5779041557   1.9450061275   0.0000000000                   
 INPUT CARD> H           1.0  -1.5779041557  -1.9450061275   0.0000000000                   
 INPUT CARD> C           6.0   2.8845844962  -0.5210893778   0.0000000000                   
 INPUT CARD> C           6.0  -2.8845844962   0.5210893778   0.0000000000                   
 INPUT CARD> H           1.0   3.1403356810  -1.5919605685   0.0000000000                   
 INPUT CARD> H           1.0  -3.1403356810   1.5919605685   0.0000000000                   
 INPUT CARD> C           6.0   3.8800428103   0.3822535424   0.0000000000                   
 INPUT CARD> C           6.0  -3.8800428103  -0.3822535424   0.0000000000                   
 INPUT CARD> H           1.0   3.6946765858   1.4624389570   0.0000000000                   
 INPUT CARD> H           1.0  -3.6946765858  -1.4624389570   0.0000000000                   
 INPUT CARD> H           1.0   4.9316453546   0.0711049543   0.0000000000                   
 INPUT CARD> H           1.0  -4.9316453546  -0.0711049543   0.0000000000                   
 INPUT CARD> $END                                                                           
    1000000 WORDS OF MEMORY AVAILABLE


                    * * * WARNING * * *
 OLD KEYWORD COORD=CART SELECTED, AUTOMATICALLY CHANGED TO COORD=PRINAXIS.
 YOUR MOLECULE'S COORDINATES WILL BE CHANGED TO PRINCIPAL AXES BY
   A) TRANSLATION TO THE CENTER OF MASS, THEN
   B) ROTATION TO HAVE A DIAGONAL MOMENT OF INERTIA TENSOR.

 HOWEVER, NOTHING ELSE IN YOUR INPUT WILL BE ROTATED IN THE SAME WAY,
 SO IF YOU HAVE A $VEC, $VIB, $GRAD, $HESS, EFP PARTICLE COORDINATES,
 OR ANYTHING ELSE THAT DEPENDS ON THE INITIAL ORIENTATION, THAT DATA
 WILL NOT BE USED CORRECTLY IN THIS RUN.

 THE PURPOSE OF COORD=PRINAXIS IS TO BE USED ONCE, ONLY AT THE VERY
 BEGINNING OF A SERIES OF COMPUTATIONS, PERHAPS TO FIND THE SYMMETRY
 UNIQUE ATOMS FROM AN ARBITRARY INITIAL ORIENTATION.

 AFTER THE FIRST RUN, YOU SHOULD USE ONLY COORD=UNIQUE, TO ENSURE THAT
 THE COORDINATES WHICH YOU READ IN ARE THE COORDINATES THAT ARE USED.


     BASIS OPTIONS
     -------------
     GBASIS=STO          IGAUSS=       3      POLAR=NONE    
     NDFUNC=       0     NFFUNC=       0     DIFFSP=       F
     NPFUNC=       0      DIFFS=       F     BASNAM=        


     RUN TITLE
     ---------
 divinylbenzene                                                                  

 THE POINT GROUP OF THE MOLECULE IS CNH     
 THE ORDER OF THE PRINCIPAL AXIS IS     2

 THE MOMENTS OF INERTIA ARE (AMU-ANGSTROM**2)
 IXX=   109.440   IYY=   736.960   IZZ=   846.400

 ATOM      ATOMIC                      COORDINATES (BOHR)
           CHARGE         X                   Y                   Z
 C           6.0     2.6723873767       -0.4474975755        0.0000000000
 C           6.0    -2.6723873767        0.4474975755        0.0000000000
 C           6.0     0.9240960654       -2.4882983238        0.0000000000
 C           6.0    -0.9240960654        2.4882983238        0.0000000000
 C           6.0    -1.6903153450       -2.0537513083        0.0000000000
 C           6.0     1.6903153450        2.0537513083        0.0000000000
 H           1.0     1.6414811999       -4.4367028535        0.0000000000
 H           1.0    -1.6414811999        4.4367028535        0.0000000000
 H           1.0    -2.9988792133       -3.6616122240        0.0000000000
 H           1.0     2.9988792133        3.6616122240        0.0000000000
 C           6.0    -5.4464326291        1.0100734457        0.0000000000
 C           6.0     5.4464326291       -1.0100734457        0.0000000000
 H           1.0    -5.9203094679        3.0359538093        0.0000000000
 H           1.0     5.9203094679       -3.0359538093        0.0000000000
 C           6.0    -7.3354999945       -0.6882242783        0.0000000000
 C           6.0     7.3354999945        0.6882242783        0.0000000000
 H           1.0    -6.9947119163       -2.7310867941        0.0000000000
 H           1.0     6.9947119163        2.7310867941        0.0000000000
 H           1.0    -9.3199827904       -0.0909969393        0.0000000000
 H           1.0     9.3199827904        0.0909969393        0.0000000000

          INTERNUCLEAR DISTANCES (ANGS.)
          ------------------------------

                1 C          2 C          3 C          4 C          5 C     

   1 C       0.0000000    2.8677127 *  1.4220392 *  2.4567501 *  2.4601465 *
   2 C       2.8677127 *  0.0000000    2.4567501 *  1.4220392 *  1.4219724 *
   3 C       1.4220392 *  2.4567501 *  0.0000000    2.8092449 *  1.4024673 *
   4 C       2.4567501 *  1.4220392 *  2.8092449 *  0.0000000    2.4375094 *
   5 C       2.4601465 *  1.4219724 *  1.4024673 *  2.4375094 *  0.0000000  
   6 C       1.4219724 *  2.4601465 *  2.4375094 *  1.4024673 *  2.8151156 *
   7 H       2.1803468 *  3.4483878    1.0987180 *  3.9079598    2.1676463 *
   8 H       3.4483878    2.1803468 *  3.9079598    1.0987180 *  3.4346979  
   9 H       3.4495619    2.1813005 *  2.1668113 *  3.4346060    1.0970134 *
  10 H       2.1813005 *  3.4495619    3.4346060    2.1668113 *  3.9121171  
  11 C       4.3649827    1.4978445 *  3.8460026    2.5177204 *  2.5650329 *
  12 C       1.4978445 *  4.3649827    2.5177204 *  3.8460026    3.8167745  
  13 H       4.9064997    2.1977811 *  4.6544515    2.6597185 *  3.5020960  
  14 H       2.1977811 *  4.9064997    2.6597185 *  4.6544515    4.0607702  
  15 C       5.2974782    2.5397467 *  4.4733852    3.7863509    3.0734574  
  16 C       2.5397467 *  5.2974782    3.7863509    4.4733852    4.9917930  
  17 H       5.2564002    2.8391673 *  4.1924221    4.2365376    2.8297580 *
  18 H       2.8391673 *  5.2564002    4.2365376    4.1924221    5.2472500  
  19 H       6.3488929    3.5292791    5.5673925    4.6478418    4.1689036  
  20 H       3.5292791    6.3488929    4.6478418    5.5673925    5.9359114  

                6 C          7 H          8 H          9 H         10 H     

   1 C       1.4219724 *  2.1803468 *  3.4483878    3.4495619    2.1813005 *
   2 C       2.4601465 *  3.4483878    2.1803468 *  2.1813005 *  3.4495619  
   3 C       2.4375094 *  1.0987180 *  3.9079598    2.1668113 *  3.4346060  
   4 C       1.4024673 *  3.9079598    1.0987180 *  3.4346060    2.1668113 *
   5 C       2.8151156 *  2.1676463 *  3.4346979    1.0970134 *  3.9121171  
   6 C       0.0000000    3.4346979    2.1676463 *  3.9121171    1.0970134 *
   7 H       3.4346979    0.0000000    5.0066760    2.4895925 *  4.3452263  
   8 H       2.1676463 *  5.0066760    0.0000000    4.3452263    2.4895925 *
   9 H       3.9121171    2.4895925 *  4.3452263    0.0000000    5.0091238  
  10 H       1.0970134 *  4.3452263    2.4895925 *  5.0091238    0.0000000  
  11 C       3.8167745    4.7303206    2.7096482 *  2.7908853 *  4.6841588  
  12 C       2.5650329 *  2.7096482 *  4.7303206    4.6841588    2.7908853 *
  13 H       4.0607702    5.6257609    2.3825009 *  3.8666944    4.7314298  
  14 H       3.5020960    2.3825009 *  5.6257609    4.7314298    3.8666944  
  15 C       4.9917930    5.1479260    4.0538821    2.7824518 *  5.9334073  
  16 C       3.0734574    4.0538821    5.1479260    5.9334073    2.7824518 *
  17 H       5.2472500    4.6583518    4.7341194    2.1710819 *  6.2778013  
  18 H       2.8297580 *  4.7341194    4.6583518    6.2778013    2.1710819 *
  19 H       5.9359114    6.2397796    4.7170877    3.8417555    6.8146121  
  20 H       4.1689036    4.7170877    6.2397796    6.8146121    3.8417555  

               11 C         12 C         13 H         14 H         15 C     

   1 C       4.3649827    1.4978445 *  4.9064997    2.1977811 *  5.2974782  
   2 C       1.4978445 *  4.3649827    2.1977811 *  4.9064997    2.5397467 *
   3 C       3.8460026    2.5177204 *  4.6544515    2.6597185 *  4.4733852  
   4 C       2.5177204 *  3.8460026    2.6597185 *  4.6544515    3.7863509  
   5 C       2.5650329 *  3.8167745    3.5020960    4.0607702    3.0734574  
   6 C       3.8167745    2.5650329 *  4.0607702    3.5020960    4.9917930  
   7 H       4.7303206    2.7096482 *  5.6257609    2.3825009 *  5.1479260  
   8 H       2.7096482 *  4.7303206    2.3825009 *  5.6257609    4.0538821  
   9 H       2.7908853 *  4.6841588    3.8666944    4.7314298    2.7824518 *
  10 H       4.6841588    2.7908853 *  4.7314298    3.8666944    5.9334073  
  11 C       0.0000000    5.8625462    1.1009876 *  6.3847195    1.3442342 *
  12 C       5.8625462    0.0000000    6.3847195    1.1009876 *  6.7660519  
  13 H       1.1009876 *  6.3847195    0.0000000    7.0416040    2.1082429 *
  14 H       6.3847195    1.1009876 *  7.0416040    0.0000000    7.1238406  
  15 C       1.3442342 *  6.7660519    2.1082429 *  7.1238406    0.0000000  
  16 C       6.7660519    1.3442342 *  7.1238406    2.1082429 *  7.7976535  
  17 H       2.1425765 *  6.6462633    3.1042955    6.8362394    1.0959750 *
  18 H       6.6462633    2.1425765 *  6.8362394    3.1042955    7.7961057  
  19 H       2.1309980 *  7.8291721    2.4442948 *  8.2140051    1.0966683 *
  20 H       7.8291721    2.1309980 *  8.2140051    2.4442948 *  8.8233430  

               16 C         17 H         18 H         19 H         20 H     

   1 C       2.5397467 *  5.2564002    2.8391673 *  6.3488929    3.5292791  
   2 C       5.2974782    2.8391673 *  5.2564002    3.5292791    6.3488929  
   3 C       3.7863509    4.1924221    4.2365376    5.5673925    4.6478418  
   4 C       4.4733852    4.2365376    4.1924221    4.6478418    5.5673925  
   5 C       4.9917930    2.8297580 *  5.2472500    4.1689036    5.9359114  
   6 C       3.0734574    5.2472500    2.8297580 *  5.9359114    4.1689036  
   7 H       4.0538821    4.6583518    4.7341194    6.2397796    4.7170877  
   8 H       5.1479260    4.7341194    4.6583518    4.7170877    6.2397796  
   9 H       5.9334073    2.1710819 *  6.2778013    3.8417555    6.8146121  
  10 H       2.7824518 *  6.2778013    2.1710819 *  6.8146121    3.8417555  
  11 C       6.7660519    2.1425765 *  6.6462633    2.1309980 *  7.8291721  
  12 C       1.3442342 *  6.6462633    2.1425765 *  7.8291721    2.1309980 *
  13 H       7.1238406    3.1042955    6.8362394    2.4442948 *  8.2140051  
  14 H       2.1082429 *  6.8362394    3.1042955    8.2140051    2.4442948 *
  15 C       7.7976535    1.0959750 *  7.7961057    1.0966683 *  8.8233430  
  16 C       0.0000000    7.7961057    1.0959750 *  8.8233430    1.0966683 *
  17 H       7.7961057    0.0000000    7.9471662    1.8616933 *  8.7615745  
  18 H       1.0959750 *  7.9471662    0.0000000    8.7615745    1.8616933 *
  19 H       8.8233430    1.8616933 *  8.7615745    0.0000000    9.8643159  
  20 H       1.0966683 *  8.7615745    1.8616933 *  9.8643159    0.0000000  

  * ... LESS THAN  3.000


     ATOMIC BASIS SET
     ----------------
 THE CONTRACTED PRIMITIVE FUNCTIONS HAVE BEEN UNNORMALIZED
 THE CONTRACTED BASIS FUNCTIONS ARE NOW NORMALIZED TO UNITY

  SHELL TYPE  PRIMITIVE        EXPONENT          CONTRACTION COEFFICIENT(S)

 C         

      3   S       1            71.6168373    0.154328967295
      3   S       2            13.0450963    0.535328142282
      3   S       3             3.5305122    0.444634542185

      4   L       4             2.9412494   -0.099967229187    0.155916274999
      4   L       5             0.6834831    0.399512826089    0.607683718598
      4   L       6             0.2222899    0.700115468880    0.391957393099

 C         

      7   S       7            71.6168373    0.154328967295
      7   S       8            13.0450963    0.535328142282
      7   S       9             3.5305122    0.444634542185

      8   L      10             2.9412494   -0.099967229187    0.155916274999
      8   L      11             0.6834831    0.399512826089    0.607683718598
      8   L      12             0.2222899    0.700115468880    0.391957393099

 C         

     11   S      13            71.6168373    0.154328967295
     11   S      14            13.0450963    0.535328142282
     11   S      15             3.5305122    0.444634542185

     12   L      16             2.9412494   -0.099967229187    0.155916274999
     12   L      17             0.6834831    0.399512826089    0.607683718598
     12   L      18             0.2222899    0.700115468880    0.391957393099

 H         

     14   S      19             3.4252509    0.154328967295
     14   S      20             0.6239137    0.535328142282
     14   S      21             0.1688554    0.444634542185

 H         

     16   S      22             3.4252509    0.154328967295
     16   S      23             0.6239137    0.535328142282
     16   S      24             0.1688554    0.444634542185

 C         

     19   S      25            71.6168373    0.154328967295
     19   S      26            13.0450963    0.535328142282
     19   S      27             3.5305122    0.444634542185

     20   L      28             2.9412494   -0.099967229187    0.155916274999
     20   L      29             0.6834831    0.399512826089    0.607683718598
     20   L      30             0.2222899    0.700115468880    0.391957393099

 H         

     22   S      31             3.4252509    0.154328967295
     22   S      32             0.6239137    0.535328142282
     22   S      33             0.1688554    0.444634542185

 C         

     25   S      34            71.6168373    0.154328967295
     25   S      35            13.0450963    0.535328142282
     25   S      36             3.5305122    0.444634542185

     26   L      37             2.9412494   -0.099967229187    0.155916274999
     26   L      38             0.6834831    0.399512826089    0.607683718598
     26   L      39             0.2222899    0.700115468880    0.391957393099

 H         

     28   S      40             3.4252509    0.154328967295
     28   S      41             0.6239137    0.535328142282
     28   S      42             0.1688554    0.444634542185

 H         

     30   S      43             3.4252509    0.154328967295
     30   S      44             0.6239137    0.535328142282
     30   S      45             0.1688554    0.444634542185

 TOTAL NUMBER OF BASIS SET SHELLS             =   30
 NUMBER OF CARTESIAN GAUSSIAN BASIS FUNCTIONS =   60
 NUMBER OF ELECTRONS                          =   70
 CHARGE OF MOLECULE                           =    0
 SPIN MULTIPLICITY                            =    1
 NUMBER OF OCCUPIED ORBITALS (ALPHA)          =   35
 NUMBER OF OCCUPIED ORBITALS (BETA )          =   35
 TOTAL NUMBER OF ATOMS                        =   20
 THE NUCLEAR REPULSION ENERGY IS      445.9370123699

 *** WARNING ***
 KEYWORD DFTTYP IN $DFT IS NOW OBSOLETE.
 PLEASE ENTER DFTTYP IN THE $CONTRL GROUP IN FUTURE INPUT FILES.


     LEBEDEV GRID-BASED DFT OPTIONS
     ------------------------------
     DFTTYP=B3LYP   
     NRAD  =      96     NLEB  =     302
     NRAD0 =      96     NLEB0 =     302
     SWOFF =    5.00E-03 (PURE SCF -> DFT)
     SWITCH=    3.00E-04 (COARSE -> TIGHT GRID)
     THRESH=    0.00E+00 GTHRE=    1.00E+00

 GRIMME'S EMPIRICAL DISPERSION CORRECTION= F

     $CONTRL OPTIONS
     ---------------
 SCFTYP=RHF          RUNTYP=HESSIAN      EXETYP=RUN     
 MPLEVL=       0     CITYP =NONE         CCTYP =NONE         VBTYP =NONE    
 DFTTYP=B3LYP        TDDFT =NONE    
 MULT  =       1     ICHARG=       0     NZVAR =       0     COORD =PRINAXIS
 PP    =NONE         RELWFN=NONE         LOCAL =NONE         NUMGRD=       F
 ISPHER=      -1     NOSYM =       0     MAXIT =      30     UNITS =ANGS    
 PLTORB=       F     MOLPLT=       F     AIMPAC=       F     FRIEND=        
 NPRINT=       3     IREST =       0     GEOM  =INPUT   
 NORMF =       0     NORMP =       0     ITOL  =      20     ICUT  =       9
 INTTYP=BEST         GRDTYP=BEST         QMTTOL= 1.0E-06

     $SYSTEM OPTIONS
     ---------------
  REPLICATED MEMORY=     1000000 WORDS (ON EVERY NODE).
 DISTRIBUTED MEMDDI=           0 MILLION WORDS IN AGGREGATE,
 MEMDDI DISTRIBUTED OVER   1 PROCESSORS IS           0 WORDS/PROCESSOR.
 TOTAL MEMORY REQUESTED ON EACH PROCESSOR=     1000000 WORDS.
 TIMLIM=      525600.00 MINUTES, OR     365.0 DAYS.
 PARALL= F  BALTYP=  DLB     KDIAG=    0  COREFL= F
 MXSEQ2=     300 MXSEQ3=     150

          ----------------
          PROPERTIES INPUT
          ----------------

     MOMENTS            FIELD           POTENTIAL          DENSITY
 IEMOM =       1   IEFLD =       0   IEPOT =       0   IEDEN =       0
 WHERE =COMASS     WHERE =NUCLEI     WHERE =NUCLEI     WHERE =NUCLEI  
 OUTPUT=BOTH       OUTPUT=BOTH       OUTPUT=BOTH       OUTPUT=BOTH    
 IEMINT=       0   IEFINT=       0                     IEDINT=       0
                                                       MORB  =       0
          EXTRAPOLATION IN EFFECT
          DIIS IN EFFECT
 ORBITAL PRINTING OPTION: NPREO=     1    60     2     1

     -------------------------------
     INTEGRAL TRANSFORMATION OPTIONS
     -------------------------------
     NWORD  =            0
     CUTOFF = 1.0E-09     MPTRAN =       0
     DIRTRF =       F     AOINTS =DUP     

          ----------------------
          INTEGRAL INPUT OPTIONS
          ----------------------
 NOPK  =       1 NORDER=       0 SCHWRZ=       T

     ------------------------------------------
     THE POINT GROUP IS CNH, NAXIS= 2, ORDER= 4
     ------------------------------------------

     DIMENSIONS OF THE SYMMETRY SUBSPACES ARE
 AG  =   25     AU  =    5     BU  =   25     BG  =    5

 ..... DONE SETTING UP THE RUN .....
 STEP CPU TIME =     0.02 TOTAL CPU TIME =        0.0 (    0.0 MIN)
 TOTAL WALL CLOCK TIME=        0.0 SECONDS, CPU UTILIZATION IS  40.00%

     ---------------------------------
     HESSIAN MATRIX CONTROL PARAMETERS
     ---------------------------------
     METHOD=SEMINUM    NVIB  =       2   VIBSIZ= 0.01000
     RDHESS=       F   PURIFY=       F   PRTIFC=       F
     VIBANL=       T   DECOMP=       F   PROJCT=       F
     SCLFAC= 1.00000   PRTSCN=       F   NPRT  =       0
     PULCOR=       F   NPUN  =       0   REDOVB=       T
     THERMOCHEMISTRY WILL BE PRINTED FOR    1 TEMPERATURES:
      298.15000
1   ATOM  0
                                        -------------------
   COORD  0                             NUCLEAR COORDINATES
                                        -------------------
     VIB  0

                       ATOM             X              Y              Z

                 1  C                2.672387      -0.447498       0.000000
                 2  C               -2.672387       0.447498       0.000000
                 3  C                0.924096      -2.488298       0.000000
                 4  C               -0.924096       2.488298       0.000000
                 5  C               -1.690315      -2.053751       0.000000
                 6  C                1.690315       2.053751       0.000000
                 7  H                1.641481      -4.436703       0.000000
                 8  H               -1.641481       4.436703       0.000000
                 9  H               -2.998879      -3.661612       0.000000
                10  H                2.998879       3.661612       0.000000
                11  C               -5.446433       1.010073       0.000000
                12  C                5.446433      -1.010073       0.000000
                13  H               -5.920309       3.035954       0.000000
                14  H                5.920309      -3.035954       0.000000
                15  C               -7.335500      -0.688224       0.000000
                16  C                7.335500       0.688224       0.000000
                17  H               -6.994712      -2.731087       0.000000
                18  H                6.994712       2.731087       0.000000
                19  H               -9.319983      -0.090997       0.000000
                20  H                9.319983       0.090997       0.000000

          ********************
          1 ELECTRON INTEGRALS
          ********************
 OVERLAP MATRIX

                      1          2          3          4          5

    1  C  1  S    1.000000
    2  C  1  S    0.248362   1.000000
    3  C  1  X    0.000000   0.000000   1.000000
    4  C  1  Y    0.000000   0.000000   0.000000   1.000000
    5  C  1  Z    0.000000   0.000000   0.000000   0.000000   1.000000
    6  C  2  S    0.000000   0.000303  -0.000814   0.000136   0.000000
    7  C  2  S    0.000303   0.021870  -0.035244   0.005902   0.000000
    8  C  2  X    0.000814   0.035244  -0.052682   0.010215   0.000000
    9  C  2  Y   -0.000136  -0.005902   0.010215   0.006607   0.000000
   10  C  2  Z    0.000000   0.000000   0.000000   0.000000   0.008318
   11  C  3  S    0.000001   0.035571  -0.038393  -0.044817   0.000000
   12  C  3  S    0.035571   0.353710  -0.247141  -0.288491   0.000000
   13  C  3  X    0.038393   0.247141  -0.020320  -0.262610   0.000000
   14  C  3  Y    0.044817   0.288491  -0.262610  -0.101898   0.000000
   15  C  3  Z    0.000000   0.000000   0.000000   0.000000   0.204650
   16  C  4  S    0.000000   0.001586  -0.002876   0.002347   0.000000
   17  C  4  S    0.001586   0.056188  -0.064682   0.052800   0.000000
   18  C  4  X    0.002876   0.064682  -0.058660   0.066910   0.000000
   19  C  4  Y   -0.002347  -0.052800   0.066910  -0.031311   0.000000
   20  C  4  Z    0.000000   0.000000   0.000000   0.000000   0.023307
   21  C  5  S    0.000000   0.001566  -0.003444  -0.001268   0.000000
   22  C  5  S    0.001566   0.055779  -0.077848  -0.028662   0.000000
   23  C  5  X    0.003444   0.077848  -0.096456  -0.044025   0.000000
   24  C  5  Y    0.001268   0.028662  -0.044025   0.006910   0.000000
   25  C  5  Z    0.000000   0.000000   0.000000   0.000000   0.023119
   26  C  6  S    0.000001   0.035577  -0.021571   0.054940   0.000000
   27  C  6  S    0.035577   0.353743  -0.138843   0.353620   0.000000
   28  C  6  X    0.021571   0.138843   0.133677   0.180827   0.000000
   29  C  6  Y   -0.054940  -0.353620   0.180827  -0.255874   0.000000
   30  C  6  Z    0.000000   0.000000   0.000000   0.000000   0.204675
   31  H  7  S    0.005093   0.093008  -0.030196  -0.116846   0.000000
   32  H  8  S    0.000080   0.005902  -0.006517   0.007378   0.000000
   33  H  9  S    0.000079   0.005884  -0.008541  -0.004840   0.000000
   34  H 10  S    0.005080   0.092845   0.009544   0.120122   0.000000
   35  C 11  S    0.000000   0.000000   0.000000   0.000000   0.000000
   36  C 11  S    0.000000   0.000260  -0.000566   0.000102   0.000000
   37  C 11  X    0.000000   0.000566  -0.001167   0.000224   0.000000
   38  C 11  Y    0.000000  -0.000102   0.000224   0.000043   0.000000
   39  C 11  Z    0.000000   0.000000   0.000000   0.000000   0.000083
   40  C 12  S    0.000000   0.029550   0.048306  -0.009796   0.000000
   41  C 12  S    0.029550   0.317606   0.344966  -0.069959   0.000000
   42  C 12  X   -0.048306  -0.344966  -0.300232   0.096966   0.000000
   43  C 12  Y    0.009796   0.069959   0.096966   0.158241   0.000000
   44  C 12  Z    0.000000   0.000000   0.000000   0.000000   0.177906
   45  H 13  S    0.000000   0.000082  -0.000163   0.000066   0.000000
   46  H 14  S    0.004869   0.090067   0.091769  -0.073136   0.000000
   47  C 15  S    0.000000   0.000000   0.000000   0.000000   0.000000
   48  C 15  S    0.000000   0.000007  -0.000019   0.000000   0.000000
   49  C 15  X    0.000000   0.000019  -0.000048  -0.000001   0.000000
   50  C 15  Y    0.000000   0.000000  -0.000001   0.000002   0.000000
   51  C 15  Z    0.000000   0.000000   0.000000   0.000000   0.000002
   52  C 16  S    0.000000   0.001159   0.002722   0.000663   0.000000
   53  C 16  S    0.001159   0.046884   0.069070   0.016822   0.000000
   54  C 16  X   -0.002722  -0.069070  -0.092295  -0.027126   0.000000
   55  C 16  Y   -0.000663  -0.016822  -0.027126   0.012475   0.000000
   56  C 16  Z    0.000000   0.000000   0.000000   0.000000   0.019082
   57  H 17  S    0.000000   0.000024  -0.000053  -0.000013   0.000000
   58  H 18  S    0.000741   0.024680   0.029719   0.021855   0.000000
   59  H 19  S    0.000000   0.000000  -0.000001   0.000000   0.000000
   60  H 20  S    0.000058   0.004808   0.008106   0.000657   0.000000

                      6          7          8          9         10

    6  C  2  S    1.000000
    7  C  2  S    0.248362   1.000000
    8  C  2  X    0.000000   0.000000   1.000000
    9  C  2  Y    0.000000   0.000000   0.000000   1.000000
   10  C  2  Z    0.000000   0.000000   0.000000   0.000000   1.000000
   11  C  3  S    0.000000   0.001586   0.002876  -0.002347   0.000000
   12  C  3  S    0.001586   0.056188   0.064682  -0.052800   0.000000
   13  C  3  X   -0.002876  -0.064682  -0.058660   0.066910   0.000000
   14  C  3  Y    0.002347   0.052800   0.066910  -0.031311   0.000000
   15  C  3  Z    0.000000   0.000000   0.000000   0.000000   0.023307
   16  C  4  S    0.000001   0.035571   0.038393   0.044817   0.000000
   17  C  4  S    0.035571   0.353710   0.247141   0.288491   0.000000
   18  C  4  X   -0.038393  -0.247141  -0.020320  -0.262610   0.000000
   19  C  4  Y   -0.044817  -0.288491  -0.262610  -0.101898   0.000000
   20  C  4  Z    0.000000   0.000000   0.000000   0.000000   0.204650
   21  C  5  S    0.000001   0.035577   0.021571  -0.054940   0.000000
   22  C  5  S    0.035577   0.353743   0.138843  -0.353620   0.000000
   23  C  5  X   -0.021571  -0.138843   0.133677   0.180827   0.000000
   24  C  5  Y    0.054940   0.353620   0.180827  -0.255874   0.000000
   25  C  5  Z    0.000000   0.000000   0.000000   0.000000   0.204675
   26  C  6  S    0.000000   0.001566   0.003444   0.001268   0.000000
   27  C  6  S    0.001566   0.055779   0.077848   0.028662   0.000000
   28  C  6  X   -0.003444  -0.077848  -0.096456  -0.044025   0.000000
   29  C  6  Y   -0.001268  -0.028662  -0.044025   0.006910   0.000000
   30  C  6  Z    0.000000   0.000000   0.000000   0.000000   0.023119
   31  H  7  S    0.000080   0.005902   0.006517  -0.007378   0.000000
   32  H  8  S    0.005093   0.093008   0.030196   0.116846   0.000000
   33  H  9  S    0.005080   0.092845  -0.009544  -0.120122   0.000000
   34  H 10  S    0.000079   0.005884   0.008541   0.004840   0.000000
   35  C 11  S    0.000000   0.029550  -0.048306   0.009796   0.000000
   36  C 11  S    0.029550   0.317606  -0.344966   0.069959   0.000000
   37  C 11  X    0.048306   0.344966  -0.300232   0.096966   0.000000
   38  C 11  Y   -0.009796  -0.069959   0.096966   0.158241   0.000000
   39  C 11  Z    0.000000   0.000000   0.000000   0.000000   0.177906
   40  C 12  S    0.000000   0.000000   0.000000   0.000000   0.000000
   41  C 12  S    0.000000   0.000260   0.000566  -0.000102   0.000000
   42  C 12  X    0.000000  -0.000566  -0.001167   0.000224   0.000000
   43  C 12  Y    0.000000   0.000102   0.000224   0.000043   0.000000
   44  C 12  Z    0.000000   0.000000   0.000000   0.000000   0.000083
   45  H 13  S    0.004869   0.090067  -0.091769   0.073136   0.000000
   46  H 14  S    0.000000   0.000082   0.000163  -0.000066   0.000000
   47  C 15  S    0.000000   0.001159  -0.002722  -0.000663   0.000000
   48  C 15  S    0.001159   0.046884  -0.069070  -0.016822   0.000000
   49  C 15  X    0.002722   0.069070  -0.092295  -0.027126   0.000000
   50  C 15  Y    0.000663   0.016822  -0.027126   0.012475   0.000000
   51  C 15  Z    0.000000   0.000000   0.000000   0.000000   0.019082
   52  C 16  S    0.000000   0.000000   0.000000   0.000000   0.000000
   53  C 16  S    0.000000   0.000007   0.000019   0.000000   0.000000
   54  C 16  X    0.000000  -0.000019  -0.000048  -0.000001   0.000000
   55  C 16  Y    0.000000   0.000000  -0.000001   0.000002   0.000000
   56  C 16  Z    0.000000   0.000000   0.000000   0.000000   0.000002
   57  H 17  S    0.000741   0.024680  -0.029719  -0.021855   0.000000
   58  H 18  S    0.000000   0.000024   0.000053   0.000013   0.000000
   59  H 19  S    0.000058   0.004808  -0.008106  -0.000657   0.000000
   60  H 20  S    0.000000   0.000000   0.000001   0.000000   0.000000

                     11         12         13         14         15

   11  C  3  S    1.000000
   12  C  3  S    0.248362   1.000000
   13  C  3  X    0.000000   0.000000   1.000000
   14  C  3  Y    0.000000   0.000000   0.000000   1.000000
   15  C  3  Z    0.000000   0.000000   0.000000   0.000000   1.000000
   16  C  4  S    0.000000   0.000389  -0.000362   0.000975   0.000000
   17  C  4  S    0.000389   0.025192  -0.014148   0.038096   0.000000
   18  C  4  X    0.000362   0.014148   0.001130   0.023050   0.000000
   19  C  4  Y   -0.000975  -0.038096   0.023050  -0.052376   0.000000
   20  C  4  Z    0.000000   0.000000   0.000000   0.000000   0.009690
   21  C  5  S    0.000001   0.037289  -0.060992   0.010138   0.000000
   22  C  5  S    0.037289   0.363411  -0.381760   0.063453   0.000000
   23  C  5  X    0.060992   0.381760  -0.313316   0.087326   0.000000
   24  C  5  Y   -0.010138  -0.063453   0.087326   0.197560   0.000000
   25  C  5  Z    0.000000   0.000000   0.000000   0.000000   0.212075
   26  C  6  S    0.000000   0.001704   0.000658   0.003901   0.000000
   27  C  6  S    0.001704   0.058556   0.014406   0.085395   0.000000
   28  C  6  X   -0.000658  -0.014406   0.020493  -0.023159   0.000000
   29  C  6  Y   -0.003901  -0.085395  -0.023159  -0.112885   0.000000
   30  C  6  Z    0.000000   0.000000   0.000000   0.000000   0.024399
   31  H  7  S    0.061021   0.485749   0.160411  -0.435673   0.000000
   32  H  8  S    0.000011   0.001755  -0.001100   0.002970   0.000000
   33  H  9  S    0.005272   0.095346  -0.118154  -0.035339   0.000000
   34  H 10  S    0.000084   0.006109   0.003250   0.009633   0.000000
   35  C 11  S    0.000000   0.000002  -0.000007   0.000004   0.000000
   36  C 11  S    0.000002   0.001445  -0.002529   0.001389   0.000000
   37  C 11  X    0.000007   0.002529  -0.004068   0.002498   0.000000
   38  C 11  Y   -0.000004  -0.001389   0.002498  -0.000891   0.000000
   39  C 11  Z    0.000000   0.000000   0.000000   0.000000   0.000480
   40  C 12  S    0.000000   0.001261   0.002873   0.000939   0.000000
   41  C 12  S    0.001261   0.049214   0.070555   0.023063   0.000000
   42  C 12  X   -0.002873  -0.070555  -0.090747  -0.036243   0.000000
   43  C 12  Y   -0.000939  -0.023063  -0.036243   0.008284   0.000000
   44  C 12  Z    0.000000   0.000000   0.000000   0.000000   0.020131
   45  H 13  S    0.000000   0.000188  -0.000301   0.000243   0.000000
   46  H 14  S    0.001315   0.036238   0.051956  -0.005695   0.000000
   47  C 15  S    0.000000   0.000000   0.000000   0.000000   0.000000
   48  C 15  S    0.000000   0.000177  -0.000391   0.000085   0.000000
   49  C 15  X    0.000000   0.000391  -0.000818   0.000191   0.000000
   50  C 15  Y    0.000000  -0.000085   0.000191   0.000015   0.000000
   51  C 15  Z    0.000000   0.000000   0.000000   0.000000   0.000057
   52  C 16  S    0.000000   0.000003   0.000010   0.000005   0.000000
   53  C 16  S    0.000003   0.001738   0.003073   0.001523   0.000000
   54  C 16  X   -0.000010  -0.003073  -0.005014  -0.002772   0.000000
   55  C 16  Y   -0.000005  -0.001523  -0.002772  -0.000793   0.000000
   56  C 16  Z    0.000000   0.000000   0.000000   0.000000   0.000581
   57  H 17  S    0.000003   0.000779  -0.001477  -0.000045   0.000000
   58  H 18  S    0.000002   0.000684   0.000992   0.000853   0.000000
   59  H 19  S    0.000000   0.000008  -0.000018   0.000004   0.000000
   60  H 20  S    0.000000   0.000192   0.000377   0.000116   0.000000

                     16         17         18         19         20

   16  C  4  S    1.000000
   17  C  4  S    0.248362   1.000000
   18  C  4  X    0.000000   0.000000   1.000000
   19  C  4  Y    0.000000   0.000000   0.000000   1.000000
   20  C  4  Z    0.000000   0.000000   0.000000   0.000000   1.000000
   21  C  5  S    0.000000   0.001704  -0.000658  -0.003901   0.000000
   22  C  5  S    0.001704   0.058556  -0.014406  -0.085395   0.000000
   23  C  5  X    0.000658   0.014406   0.020493  -0.023159   0.000000
   24  C  5  Y    0.003901   0.085395  -0.023159  -0.112885   0.000000
   25  C  5  Z    0.000000   0.000000   0.000000   0.000000   0.024399
   26  C  6  S    0.000001   0.037289   0.060992  -0.010138   0.000000
   27  C  6  S    0.037289   0.363411   0.381760  -0.063453   0.000000
   28  C  6  X   -0.060992  -0.381760  -0.313316   0.087326   0.000000
   29  C  6  Y    0.010138   0.063453   0.087326   0.197560   0.000000
   30  C  6  Z    0.000000   0.000000   0.000000   0.000000   0.212075
   31  H  7  S    0.000011   0.001755   0.001100  -0.002970   0.000000
   32  H  8  S    0.061021   0.485749  -0.160411   0.435673   0.000000
   33  H  9  S    0.000084   0.006109  -0.003250  -0.009633   0.000000
   34  H 10  S    0.005272   0.095346   0.118154   0.035339   0.000000
   35  C 11  S    0.000000   0.001261  -0.002873  -0.000939   0.000000
   36  C 11  S    0.001261   0.049214  -0.070555  -0.023063   0.000000
   37  C 11  X    0.002873   0.070555  -0.090747  -0.036243   0.000000
   38  C 11  Y    0.000939   0.023063  -0.036243   0.008284   0.000000
   39  C 11  Z    0.000000   0.000000   0.000000   0.000000   0.020131
   40  C 12  S    0.000000   0.000002   0.000007  -0.000004   0.000000
   41  C 12  S    0.000002   0.001445   0.002529  -0.001389   0.000000
   42  C 12  X   -0.000007  -0.002529  -0.004068   0.002498   0.000000
   43  C 12  Y    0.000004   0.001389   0.002498  -0.000891   0.000000
   44  C 12  Z    0.000000   0.000000   0.000000   0.000000   0.000480
   45  H 13  S    0.001315   0.036238  -0.051956   0.005695   0.000000
   46  H 14  S    0.000000   0.000188   0.000301  -0.000243   0.000000
   47  C 15  S    0.000000   0.000003  -0.000010  -0.000005   0.000000
   48  C 15  S    0.000003   0.001738  -0.003073  -0.001523   0.000000
   49  C 15  X    0.000010   0.003073  -0.005014  -0.002772   0.000000
   50  C 15  Y    0.000005   0.001523  -0.002772  -0.000793   0.000000
   51  C 15  Z    0.000000   0.000000   0.000000   0.000000   0.000581
